 	Area	Mean	StdDev	Min	Max	Perim.	BX	BY	Width	Height	Major	Minor	Angle	Circ.	AR	Round	Solidity
1	73	20.110	12.151	1	46	56.527	3841	6	13	13	10.521	8.835	9.762	0.287	1.191	0.840	0.555
2	18	23.722	13.529	4	48	16.728	1136	9	5	6	6.268	3.657	121.500	0.808	1.714	0.583	0.783
3	159	22.704	12.176	1	55	65.698	1233	25	11	23	19.896	10.175	96.715	0.463	1.955	0.511	0.785
4	62	20.210	10.699	2	42	38.385	383	70	8	15	11.565	6.826	96.987	0.529	1.694	0.590	0.752
5	21	18.476	9.553	0	39	19.899	199	106	5	7	6.436	4.155	100.197	0.666	1.549	0.646	0.778
6	294	28.190	14.104	0	66	85.841	2396	108	16	33	29.680	12.612	73.138	0.501	2.353	0.425	0.818
7	37	20.784	8.111	5	38	24.142	1846	111	7	8	7.538	6.249	96.290	0.798	1.206	0.829	0.841
8	45	14.111	7.117	2	32	35.799	3536	115	9	12	9.228	6.209	115.347	0.441	1.486	0.673	0.638
9	195	28.431	13.074	1	56	69.012	3374	120	15	23	19.240	12.904	82.394	0.515	1.491	0.671	0.769
10	117	21.564	10.678	3	55	58.284	1342	127	9	23	23.221	6.415	97.258	0.433	3.620	0.276	0.755
11	543	26.794	13.213	1	77	127.640	2569	132	22	51	43.728	15.811	87.001	0.419	2.766	0.362	0.763
12	55	16.800	6.908	4	34	40.042	3282	174	10	14	10.031	6.981	102.974	0.431	1.437	0.696	0.632
13	551	21.363	10.164	1	71	140.610	738	186	24	44	36.578	19.180	80.065	0.350	1.907	0.524	0.763
14	160	15.550	7.906	2	38	71.012	598	220	15	23	21.407	9.516	105.546	0.399	2.250	0.445	0.699
15	82	17.073	9.500	1	46	48.870	509	229	9	18	14.681	7.112	93.236	0.431	2.064	0.484	0.695
16	118	28.127	13.346	2	64	52.770	3749	251	12	20	15.258	9.847	95.418	0.533	1.549	0.645	0.752
17	73	23.096	9.191	4	43	40.385	3255	277	8	15	13.542	6.864	85.317	0.562	1.973	0.507	0.772
18	217	39.968	14.519	6	72	60.770	1738	281	15	22	22.302	12.389	113.742	0.738	1.800	0.555	0.882
19	86	15.907	8.558	2	41	55.113	143	323	16	12	14.297	7.659	148.210	0.356	1.867	0.536	0.628
20	1120	31.446	17.582	2	92	174.167	62	333	32	63	57.490	24.805	102.780	0.464	2.318	0.431	0.848
21	104	17.913	7.898	3	39	44.627	2909	333	10	17	16.457	8.046	84.756	0.656	2.045	0.489	0.816
22	41	17.098	6.568	6	29	34.627	1365	337	7	12	9.782	5.337	94.289	0.430	1.833	0.546	0.636
23	160	36.419	16.591	4	84	53.941	2083	380	14	19	18.243	11.167	100.308	0.691	1.634	0.612	0.804
24	52	20.115	7.045	7	36	40.870	1441	390	8	14	11.314	5.852	99.203	0.391	1.933	0.517	0.619
25	52	17.462	10.151	1	47	29.799	3497	428	10	9	9.809	6.750	120.318	0.736	1.453	0.688	0.776
26	241	29.104	13.519	1	65	68.184	159	440	16	23	22.422	13.685	114.957	0.651	1.638	0.610	0.853
27	55	20.545	8.621	4	48	36.971	672	446	7	15	14.815	4.727	97.612	0.506	3.134	0.319	0.728
28	210	14.719	8.313	0	45	73.012	3984	460	15	25	22.550	11.857	84.223	0.495	1.902	0.526	0.718
29	433	42.554	17.188	2	101	89.255	687	496	25	28	26.871	20.517	114.712	0.683	1.310	0.764	0.843
30	56	20.804	10.942	3	45	35.556	1149	528	9	12	10.005	7.126	92.666	0.557	1.404	0.712	0.723
31	243	31.844	14.216	1	74	74.527	19	545	14	29	28.967	10.681	102.871	0.550	2.712	0.369	0.853
32	34	24.353	11.436	4	48	32.971	3319	555	5	13	10.607	4.081	96.912	0.393	2.599	0.385	0.660
33	235	25.430	12.729	1	61	71.598	463	559	16	26	23.361	12.808	108.937	0.576	1.824	0.548	0.805
34	245	29.571	12.149	1	55	80.184	3622	623	15	27	22.801	13.681	84.828	0.479	1.667	0.600	0.803
35	127	34.268	12.311	5	61	46.870	2205	650	10	17	17.094	9.460	91.795	0.726	1.807	0.553	0.855
36	32	15.625	7.214	4	28	26.385	2029	657	7	9	8.904	4.576	110.143	0.578	1.946	0.514	0.711
37	60	21.150	9.004	4	43	35.213	3075	661	7	14	13.844	5.518	91.754	0.608	2.509	0.399	0.774
38	67	10.642	5.825	0	32	48.284	2571	673	12	11	9.703	8.792	162.004	0.361	1.104	0.906	0.606
39	1612	28.868	14.959	1	91	205.723	675	685	37	66	63.766	32.187	94.809	0.479	1.981	0.505	0.862
40	252	29.373	13.122	4	60	74.184	3625	697	16	26	24.844	12.915	80.679	0.575	1.924	0.520	0.818
41	60	18.750	8.284	4	38	54.284	1898	710	9	14	11.668	6.547	96.151	0.256	1.782	0.561	0.553
42	527	17.127	8.644	0	41	124.468	177	735	27	32	27.762	24.170	65.595	0.427	1.149	0.871	0.790
43	558	18.975	8.994	1	51	133.782	542	753	35	36	36.543	19.442	135.867	0.392	1.880	0.532	0.734
44	45	18.267	7.500	5	34	34.627	730	759	8	13	10.553	5.429	103.577	0.472	1.944	0.514	0.629
45	192	14.938	7.799	1	41	84.569	2196	763	19	22	17.779	13.750	71.945	0.337	1.293	0.773	0.669
46	240	38.767	16.944	2	72	69.841	3887	779	16	25	21.651	14.114	96.947	0.618	1.534	0.652	0.818
47	41	21.122	9.108	1	36	29.556	3911	805	6	12	10.206	5.115	88.124	0.590	1.995	0.501	0.732
48	43	26.000	15.101	5	62	42.042	176	825	8	12	9.672	5.661	108.124	0.306	1.709	0.585	0.570
49	31	18.032	6.555	8	30	24.142	373	827	6	9	8.477	4.656	100.148	0.668	1.821	0.549	0.756
50	52	15.154	6.901	2	34	36.971	3674	847	5	15	15.059	4.397	89.716	0.478	3.425	0.292	0.800
51	280	21.146	10.291	0	46	98.912	2925	859	22	23	20.294	17.567	89.606	0.360	1.155	0.866	0.712
52	74	20.811	8.993	4	38	42.042	3076	945	8	17	14.592	6.457	88.418	0.526	2.260	0.443	0.747
53	224	20.821	8.773	1	46	73.598	2449	956	15	23	23.096	12.349	100.217	0.520	1.870	0.535	0.775
54	118	16.517	8.201	0	34	77.497	1577	966	11	25	20.403	7.364	91.928	0.247	2.771	0.361	0.597
55	56	23.571	11.506	2	45	31.556	209	967	6	13	12.726	5.603	105.403	0.707	2.271	0.440	0.862
56	27	14.185	6.884	4	28	21.899	3663	995	7	6	7.017	4.899	155.301	0.707	1.432	0.698	0.783
57	72	18.972	7.188	3	37	51.456	2918	1002	8	20	19.341	4.740	97.521	0.342	4.081	0.245	0.655
58	959	28.052	13.697	2	69	149.196	3051	1011	35	45	43.169	28.285	117.024	0.541	1.526	0.655	0.850
59	68	19.235	9.018	0	40	30.971	2291	1013	10	9	10.575	8.187	19.782	0.891	1.292	0.774	0.889
60	31	12.323	7.400	1	28	23.314	482	1033	5	9	9.097	4.339	102.726	0.717	2.097	0.477	0.816
61	25	15.160	7.093	3	29	26.142	2640	1033	7	9	6.304	5.050	105.216	0.460	1.248	0.801	0.641
62	66	18.879	9.894	1	40	36.627	790	1085	8	15	13.247	6.343	104.569	0.618	2.088	0.479	0.776
63	1225	36.740	16.970	1	86	186.995	3607	1090	39	64	57.481	27.134	72.082	0.440	2.118	0.472	0.790
64	211	25.607	11.126	2	64	70.669	2446	1093	15	28	25.026	10.735	104.853	0.531	2.331	0.429	0.805
65	20	16.400	7.059	4	29	19.071	965	1138	6	5	6.665	3.821	14.679	0.691	1.744	0.573	0.800
66	1173	43.040	20.972	0	115	169.581	1238	1144	36	62	55.700	26.814	71.288	0.513	2.077	0.481	0.824
67	155	15.297	7.202	0	35	71.598	1645	1164	10	29	25.742	7.667	79.498	0.380	3.358	0.298	0.742
68	278	15.468	9.210	0	46	87.983	3815	1174	24	22	19.647	18.016	15.573	0.451	1.090	0.917	0.735
69	23	14.174	6.235	4	25	23.314	2983	1203	4	10	10.241	2.860	91.888	0.532	3.581	0.279	0.730
70	65	20.631	9.840	4	46	35.799	1457	1220	7	14	13.035	6.349	94.758	0.637	2.053	0.487	0.812
71	21	15.190	8.959	4	35	20.728	3228	1234	5	8	6.540	4.088	80.843	0.614	1.600	0.625	0.724
72	67	18.746	9.331	2	39	40.284	1138	1265	8	15	14.071	6.063	80.468	0.519	2.321	0.431	0.720
73	64	21.797	9.159	3	45	33.556	2707	1265	7	13	12.775	6.379	96.689	0.714	2.003	0.499	0.853
74	42	20.881	8.187	5	41	34.042	1978	1266	7	12	11.060	4.835	93.770	0.455	2.287	0.437	0.632
75	30	20.833	8.477	2	37	24.385	2813	1293	7	8	7.410	5.155	59.505	0.634	1.438	0.696	0.714
76	39	19.128	7.578	7	35	31.314	1396	1297	5	13	10.286	4.827	90.463	0.500	2.131	0.469	0.772
77	298	67.930	23.968	1	117	78.770	944	1305	13	31	30.708	12.356	93.167	0.604	2.485	0.402	0.876
78	49	15.816	8.223	1	32	31.314	1560	1313	6	12	13.029	4.788	98.834	0.628	2.721	0.367	0.838
79	563	29.369	12.308	2	64	98.811	3516	1316	29	29	27.393	26.169	171.494	0.725	1.047	0.955	0.875
80	16	14.438	11.787	1	41	22.971	2444	1321	6	8	5.836	3.490	108.854	0.381	1.672	0.598	0.516
81	40	17.725	7.150	2	29	27.799	1012	1331	7	10	9.547	5.334	88.260	0.650	1.790	0.559	0.714
82	829	28.400	15.107	1	94	132.125	828	1336	36	36	34.459	30.631	155.265	0.597	1.125	0.889	0.843
83	4749	31.198	17.542	0	100	317.362	1977	1353	77	92	84.313	71.716	91.845	0.593	1.176	0.851	0.912
84	109	13.183	7.641	2	33	65.598	2930	1425	15	17	12.382	11.208	46.216	0.318	1.105	0.905	0.594
85	117	35.197	14.790	8	68	54.042	3330	1427	10	20	19.326	7.708	100.656	0.503	2.507	0.399	0.785
86	61	16.623	9.358	3	36	36.627	1263	1458	8	14	14.138	5.494	105.191	0.571	2.573	0.389	0.753
87	241	30.137	14.176	3	65	69.113	2481	1460	14	25	24.771	12.387	94.232	0.634	2.000	0.500	0.844
88	250	18.884	8.696	2	40	91.841	3851	1509	16	31	25.018	12.723	95.859	0.372	1.966	0.509	0.710
89	27	14.296	10.406	1	41	19.314	1074	1513	5	7	7.617	4.513	109.395	0.910	1.688	0.593	0.885
90	98	24.000	10.863	1	51	48.042	37	1546	9	19	18.717	6.666	99.959	0.534	2.808	0.356	0.781
91	232	37.552	15.375	8	95	69.841	1135	1585	17	24	24.408	12.102	114.703	0.598	2.017	0.496	0.839
92	81	20.519	8.308	2	39	44.042	307	1587	10	17	12.321	8.370	90.670	0.525	1.472	0.679	0.743
93	108	16.991	8.065	0	33	47.456	1465	1591	13	15	13.654	10.071	130.856	0.603	1.356	0.738	0.766
94	391	27.246	18.545	0	90	126.811	1704	1595	18	52	50.752	9.809	106.077	0.306	5.174	0.193	0.754
95	74	14.270	6.899	1	36	57.355	2908	1608	12	21	19.273	4.889	117.172	0.283	3.942	0.254	0.563
96	24	15.875	9.176	3	35	25.556	1685	1609	8	8	5.952	5.134	122.425	0.462	1.159	0.863	0.593
97	409	29.494	13.864	1	73	140.125	3270	1613	26	45	36.043	14.448	69.817	0.262	2.495	0.401	0.616
98	127	27.598	12.851	7	61	49.456	2398	1614	11	18	17.020	9.501	93.873	0.652	1.791	0.558	0.801
99	109	25.339	12.851	4	58	46.627	2251	1624	10	17	16.908	8.208	79.047	0.630	2.060	0.485	0.816
100	28	18.250	9.244	5	40	34.971	513	1633	6	13	10.982	3.246	99.052	0.288	3.383	0.296	0.523
101	85	18.953	10.578	2	49	44.284	838	1649	10	17	15.590	6.942	110.038	0.545	2.246	0.445	0.773
102	34	20.882	9.685	4	41	28.142	3267	1655	6	11	9.369	4.620	70.594	0.539	2.028	0.493	0.708
103	107	18.869	10.668	0	47	48.527	3927	1661	14	16	15.570	8.750	122.834	0.571	1.779	0.562	0.754
104	139	23.576	10.991	3	61	82.326	842	1676	12	29	23.900	7.405	102.072	0.258	3.227	0.310	0.570
105	29	17.897	8.295	5	32	35.213	2358	1698	6	12	9.118	4.050	77.343	0.294	2.252	0.444	0.509
106	31	9.032	5.474	1	24	26.971	671	1710	6	11	9.619	4.103	111.297	0.536	2.344	0.427	0.697
107	157	18.637	9.048	1	39	57.698	597	1732	16	16	16.678	11.986	40.654	0.593	1.391	0.719	0.811
108	78	20.231	10.481	2	48	46.870	191	1738	8	19	16.436	6.042	81.916	0.446	2.720	0.368	0.709
109	270	39.733	14.776	3	74	75.841	597	1789	16	29	26.260	13.091	103.600	0.590	2.006	0.499	0.818
110	115	18.122	9.695	1	44	48.284	3887	1810	12	16	14.901	9.827	87.512	0.620	1.516	0.659	0.769
111	266	43.323	15.962	1	81	73.941	129	1816	15	28	25.668	13.195	97.108	0.611	1.945	0.514	0.846
112	264	16.955	8.509	1	46	107.397	2279	1816	24	28	25.979	12.939	58.982	0.288	2.008	0.498	0.624
113	380	23.379	11.393	1	56	93.154	3019	1820	19	30	28.061	17.242	91.996	0.550	1.627	0.614	0.823
114	57	25.000	10.769	5	51	33.799	1989	1821	7	12	11.384	6.375	81.980	0.627	1.786	0.560	0.792
115	61	22.410	11.491	4	48	42.627	1974	1844	8	17	12.759	6.087	104.235	0.422	2.096	0.477	0.642
116	321	31.287	13.335	2	63	98.326	44	1882	22	36	33.447	12.219	119.435	0.417	2.737	0.365	0.770
117	315	24.076	11.587	1	61	93.497	2281	1884	25	25	23.475	17.085	163.482	0.453	1.374	0.728	0.709
118	165	39.479	16.039	0	75	57.941	1172	1891	13	22	20.820	10.091	98.004	0.618	2.063	0.485	0.791
119	19	19.316	10.355	5	37	19.314	9	1911	5	7	5.800	4.171	92.586	0.640	1.390	0.719	0.717
120	538	16.236	8.219	0	41	176.752	2094	1913	30	41	36.389	18.824	117.177	0.216	1.933	0.517	0.654
121	47	17.936	9.272	2	38	30.971	1074	1923	6	12	10.689	5.599	90.294	0.616	1.909	0.524	0.803
122	253	29.174	14.131	0	65	73.012	754	1926	15	27	25.669	12.549	93.748	0.596	2.046	0.489	0.823
123	35	18.371	7.038	7	35	25.556	2816	1978	6	10	9.434	4.724	93.122	0.673	1.997	0.501	0.769
124	46	11.717	6.390	2	33	28.142	1256	1985	8	9	8.561	6.841	123.168	0.730	1.251	0.799	0.800
125	22	13.455	4.887	5	23	28.142	2925	2001	7	6	6.822	4.106	159.730	0.349	1.661	0.602	0.579
126	172	16.610	8.417	0	38	68.184	281	2006	16	20	19.052	11.495	68.671	0.465	1.657	0.603	0.729
127	622	52.498	20.882	4	118	114.468	79	2030	26	42	38.612	20.511	110.513	0.597	1.883	0.531	0.857
128	1213	31.784	14.313	1	75	190.167	1502	2030	33	68	59.743	25.852	91.896	0.422	2.311	0.433	0.782
129	35	15.971	8.241	4	30	24.971	1821	2034	7	9	7.792	5.719	80.804	0.705	1.362	0.734	0.737
130	29	19.310	10.004	3	36	22.385	2775	2042	8	7	6.217	5.939	176.677	0.727	1.047	0.955	0.716
131	33	8.788	5.325	1	22	32.385	1391	2043	8	11	9.251	4.542	78.455	0.395	2.037	0.491	0.564
132	51	18.314	9.981	0	46	35.799	707	2045	8	14	10.364	6.265	97.072	0.500	1.654	0.605	0.667
133	57	25.263	8.210	9	39	36.385	46	2058	6	13	12.539	5.788	89.057	0.541	2.166	0.462	0.786
134	19	17.526	8.953	2	35	20.142	2750	2094	6	7	5.223	4.632	111.576	0.589	1.128	0.887	0.644
135	477	32.876	17.551	2	98	120.468	897	2112	26	39	38.559	15.751	112.329	0.413	2.448	0.408	0.757
136	1033	28.301	12.989	0	76	201.037	2773	2124	30	72	68.015	19.338	80.180	0.321	3.517	0.284	0.709
137	34	10.588	6.224	1	23	24.728	2691	2144	6	9	9.007	4.806	81.800	0.699	1.874	0.534	0.800
138	18	16.056	9.104	2	32	20.142	3168	2145	5	7	5.892	3.890	85.459	0.558	1.515	0.660	0.643
139	123	19.374	9.205	2	48	65.941	3589	2149	14	17	13.615	11.503	130.734	0.355	1.184	0.845	0.680
140	124	34.677	15.730	2	67	49.213	3653	2169	9	20	18.105	8.720	91.078	0.643	2.076	0.482	0.855
141	41	20.878	7.600	8	39	30.142	393	2171	6	11	9.797	5.328	85.559	0.567	1.839	0.544	0.752
142	1858	44.053	21.955	1	118	221.622	555	2186	40	73	64.947	36.425	92.382	0.475	1.783	0.561	0.841
143	89	30.944	11.615	8	64	44.627	322	2205	8	18	15.821	7.162	98.886	0.562	2.209	0.453	0.809
144	253	39.917	17.278	3	84	72.184	3681	2223	16	25	23.483	13.717	86.541	0.610	1.712	0.584	0.817
145	25	14.240	6.431	2	25	22.142	3205	2246	6	8	6.329	5.029	81.582	0.641	1.258	0.795	0.704
146	2352	36.696	17.579	2	102	259.907	370	2247	54	78	70.585	42.426	116.172	0.438	1.664	0.601	0.838
147	30	19.500	7.925	4	34	22.971	1365	2261	6	9	7.891	4.840	88.368	0.714	1.630	0.613	0.769
148	79	20.962	7.989	3	45	39.456	2645	2278	10	13	13.360	7.529	102.599	0.638	1.775	0.563	0.756
149	47	11.660	6.438	1	30	26.142	595	2296	7	9	9.254	6.466	111.972	0.864	1.431	0.699	0.879
150	93	25.333	10.528	3	46	40.627	2230	2300	9	14	14.754	8.026	84.533	0.708	1.838	0.544	0.845
151	4969	39.929	21.058	0	143	598.884	3352	2300	79	181	167.411	37.792	110.091	0.174	4.430	0.226	0.666
152	43	15.186	6.569	4	27	38.627	1168	2305	7	14	12.333	4.439	103.000	0.362	2.778	0.360	0.585
153	151	23.291	9.748	0	49	64.426	1141	2311	13	23	20.184	9.525	84.778	0.457	2.119	0.472	0.707
154	114	21.632	11.084	1	52	49.456	667	2323	10	18	15.809	9.181	100.069	0.586	1.722	0.581	0.803
155	146	13.685	6.922	0	36	55.941	567	2337	14	18	15.434	12.044	88.350	0.586	1.281	0.780	0.758
156	108	26.537	11.162	3	53	46.284	835	2337	10	18	16.554	8.307	105.773	0.634	1.993	0.502	0.824
157	68	23.618	10.297	8	50	42.042	2664	2345	9	15	14.470	5.983	109.181	0.483	2.418	0.414	0.705
158	20	11.500	6.160	5	27	24.142	2628	2353	8	5	7.449	3.419	166.503	0.431	2.179	0.459	0.606
159	47	19.021	8.261	3	42	30.971	720	2354	7	12	11.198	5.344	94.245	0.616	2.095	0.477	0.746
160	596	19.871	10.561	2	54	145.439	2846	2377	30	36	31.207	24.317	90.072	0.354	1.283	0.779	0.743
161	107	23.280	10.816	4	53	60.770	2626	2378	11	19	17.967	7.583	97.695	0.364	2.369	0.422	0.660
162	19	8.421	4.388	1	15	20.728	1116	2393	5	8	6.680	3.622	91.220	0.556	1.844	0.542	0.667
163	536	37.789	16.544	0	89	103.740	2072	2416	22	39	34.731	19.650	87.333	0.626	1.767	0.566	0.866
164	54	23.852	12.313	2	52	39.213	3289	2433	7	14	11.986	5.736	96.174	0.441	2.090	0.479	0.675
165	19	19.737	10.619	5	42	21.314	186	2439	5	8	7.544	3.207	117.918	0.526	2.353	0.425	0.691
166	76	17.671	6.610	4	33	40.627	2271	2447	10	15	13.576	7.128	113.310	0.579	1.905	0.525	0.752
167	152	27.046	13.747	1	73	58.284	2603	2450	13	21	18.599	10.406	93.414	0.562	1.787	0.559	0.788
168	141	29.851	13.632	3	66	61.113	658	2454	12	24	24.791	7.242	108.248	0.474	3.423	0.292	0.777
169	36	14.806	9.140	1	40	26.142	138	2459	6	10	8.625	5.314	77.492	0.662	1.623	0.616	0.766
170	573	31.211	14.674	1	77	118.225	1458	2468	24	35	30.407	23.994	99.155	0.515	1.267	0.789	0.833
171	39	20.333	10.781	2	40	25.213	1147	2478	8	9	9.487	5.234	119.839	0.771	1.813	0.552	0.780
172	486	32.514	18.124	1	89	129.296	3403	2480	26	49	48.687	12.710	112.157	0.365	3.831	0.261	0.764
173	1087	35.506	17.342	2	100	172.167	1396	2499	35	52	43.113	32.102	94.223	0.461	1.343	0.745	0.794
174	75	20.840	10.748	6	46	38.971	643	2503	7	15	15.452	6.180	102.500	0.621	2.500	0.400	0.829
175	159	42.547	20.751	2	90	64.527	834	2520	12	25	24.161	8.379	106.637	0.480	2.884	0.347	0.793
176	170	24.306	10.368	2	67	61.355	1708	2534	13	20	17.736	12.204	93.068	0.567	1.453	0.688	0.804
177	315	40.984	16.061	1	80	85.012	661	2542	16	31	29.078	13.793	98.512	0.548	2.108	0.474	0.813
178	79	21.215	9.181	3	44	44.284	489	2558	8	17	16.022	6.278	89.088	0.506	2.552	0.392	0.756
179	33	18.364	9.404	1	38	35.213	2682	2569	6	12	10.185	4.125	89.610	0.334	2.469	0.405	0.569
180	136	25.132	11.296	4	57	58.870	554	2577	11	21	21.589	8.021	99.391	0.493	2.692	0.372	0.768
181	108	25.324	9.650	7	47	50.042	1533	2594	9	20	19.766	6.957	90.512	0.542	2.841	0.352	0.783
182	57	12.316	7.765	2	43	42.284	442	2607	9	13	10.479	6.926	68.350	0.401	1.513	0.661	0.620
183	48	16.833	8.687	3	36	33.799	200	2615	7	12	9.999	6.112	95.282	0.528	1.636	0.611	0.722
184	82	14.829	7.328	2	31	42.870	815	2625	10	15	14.024	7.445	108.632	0.561	1.884	0.531	0.722
185	1022	38.669	17.728	1	115	142.610	2305	2631	36	43	40.854	31.851	122.991	0.631	1.283	0.780	0.851
186	56	12.500	7.081	1	32	41.456	1371	2641	8	14	12.233	5.828	100.607	0.409	2.099	0.476	0.683
187	154	23.968	10.485	2	46	81.841	27	2644	13	29	27.220	7.203	102.637	0.289	3.779	0.265	0.626
188	80	19.750	9.110	3	47	47.698	3655	2647	9	18	15.388	6.619	93.733	0.442	2.325	0.430	0.696
189	25	13.480	7.693	2	32	25.556	2460	2660	7	9	8.555	3.721	115.335	0.481	2.299	0.435	0.610
190	51	17.431	7.374	2	32	40.870	1881	2670	7	14	13.497	4.811	99.307	0.384	2.805	0.356	0.622
191	65	17.985	9.173	1	43	36.385	268	2671	9	12	11.103	7.454	114.216	0.617	1.489	0.671	0.734
192	580	44.393	20.262	2	95	127.640	2613	2673	19	49	45.152	16.356	99.249	0.447	2.761	0.362	0.830
193	79	25.329	12.206	1	56	44.627	901	2674	8	17	15.739	6.391	99.615	0.498	2.463	0.406	0.742
194	275	39.033	15.555	2	82	83.497	2828	2682	16	29	28.729	12.188	97.913	0.496	2.357	0.424	0.785
195	179	42.274	17.802	5	83	68.184	1823	2688	11	28	26.773	8.513	98.731	0.484	3.145	0.318	0.797
196	18	10.944	3.888	4	16	18.728	2300	2710	5	7	7.729	2.965	64.696	0.645	2.606	0.384	0.679
197	92	25.500	11.449	2	55	44.284	3072	2761	11	15	14.264	8.212	113.899	0.590	1.737	0.576	0.760
198	182	30.687	12.014	3	70	58.527	2355	2786	13	21	20.177	11.485	101.394	0.668	1.757	0.569	0.839
199	92	22.467	10.174	5	49	48.870	1145	2793	9	18	17.272	6.782	97.006	0.484	2.547	0.393	0.727
200	43	23.395	11.170	2	45	29.556	3408	2793	6	12	11.745	4.661	92.676	0.619	2.520	0.397	0.782
201	22	18.545	8.028	3	34	21.556	814	2815	6	7	6.304	4.443	107.629	0.595	1.419	0.705	0.657
202	37	17.838	8.085	4	33	30.142	3032	2821	5	13	11.881	3.965	96.634	0.512	2.997	0.334	0.763
203	1840	31.104	15.832	0	90	209.480	2352	2831	40	65	61.472	38.111	89.481	0.527	1.613	0.620	0.887
204	57	19.263	9.682	3	51	35.799	1762	2857	7	13	13.227	5.487	89.179	0.559	2.411	0.415	0.740
205	175	40.537	17.637	3	78	60.870	2280	2857	13	22	21.844	10.200	108.737	0.594	2.142	0.467	0.829
206	23	10.391	5.255	2	25	24.142	924	2879	6	9	6.594	4.441	56.586	0.496	1.485	0.673	0.622
207	103	20.738	10.017	1	44	53.213	1284	2888	9	19	17.107	7.666	97.727	0.457	2.232	0.448	0.769
208	39	11.231	6.555	2	26	47.456	3529	2890	9	16	12.622	3.934	108.747	0.218	3.208	0.312	0.433
209	168	44.381	17.757	9	84	60.042	2193	2896	10	23	23.012	9.296	94.536	0.586	2.476	0.404	0.857
210	58	23.828	10.649	3	50	45.799	3221	2930	8	15	12.607	5.858	104.387	0.347	2.152	0.465	0.652
211	79	17.038	8.688	1	35	39.213	2046	2933	10	14	13.755	7.312	111.507	0.646	1.881	0.532	0.775
212	214	40.313	16.308	7	75	70.669	2552	2957	13	26	25.198	10.813	92.871	0.538	2.330	0.429	0.815
213	651	24.461	12.914	0	69	120.468	2515	2963	27	36	35.758	23.180	85.355	0.564	1.543	0.648	0.823
214	431	42.882	19.036	4	96	107.255	1858	2978	36	21	28.290	19.398	7.168	0.471	1.458	0.686	0.857
215	27	12.333	6.731	1	30	22.142	108	2982	5	8	7.163	4.799	79.803	0.692	1.493	0.670	0.771
