 	Area	Mean	StdDev	Min	Max	Perim.	BX	BY	Width	Height	Major	Minor	Angle	Circ.	AR	Round	Solidity
1	70	41.143	15.190	8	71	33.799	2761	21	13	8	12.811	6.957	23.856	0.770	1.842	0.543	0.854
2	7777	40.273	23.175	0	140	507.186	3077	29	165	95	166.147	59.598	22.057	0.380	2.788	0.359	0.862
3	127	38.063	13.790	3	70	48.284	2144	39	18	12	17.090	9.462	159.692	0.685	1.806	0.554	0.833
4	16	24.062	11.863	7	50	17.899	1602	52	7	4	6.649	3.064	16.182	0.628	2.170	0.461	0.800
5	347	42.654	20.973	3	110	94.669	1802	60	34	20	30.019	14.718	28.228	0.487	2.040	0.490	0.783
6	693	54.496	28.118	3	141	126.711	2467	60	45	27	44.813	19.690	24.456	0.542	2.276	0.439	0.862
7	175	23.126	12.571	1	68	84.669	1245	90	29	21	27.357	8.145	37.405	0.307	3.359	0.298	0.608
8	18	38.611	12.830	22	69	19.314	191	91	8	4	8.367	2.739	17.967	0.606	3.055	0.327	0.766
9	92	36.630	17.573	5	75	46.284	3353	108	18	11	17.868	6.556	27.089	0.540	2.725	0.367	0.751
10	155	23.006	9.314	4	44	57.598	2850	109	19	16	18.320	10.773	30.617	0.587	1.701	0.588	0.771
11	24	20.000	7.211	6	36	22.971	1187	114	8	6	7.068	4.323	18.211	0.572	1.635	0.612	0.676
12	46	26.391	12.555	7	59	29.799	1486	131	11	8	9.915	5.907	38.942	0.651	1.678	0.596	0.773
13	36	38.250	11.828	6	57	22.142	1458	136	8	6	7.805	5.873	165.003	0.923	1.329	0.752	0.889
14	29	32.655	12.774	11	57	26.142	3551	140	11	5	10.325	3.576	15.081	0.533	2.887	0.346	0.744
15	40	36.500	16.383	7	69	28.385	3925	150	12	6	11.198	4.548	23.282	0.624	2.462	0.406	0.808
16	34	20.529	10.638	2	48	25.556	3026	153	10	6	9.029	4.794	7.096	0.654	1.883	0.531	0.747
17	30	60.967	22.363	11	86	21.314	1898	159	8	5	8.958	4.264	21.339	0.830	2.101	0.476	0.896
18	1103	52.001	24.698	1	117	176.995	871	167	65	30	59.219	23.715	14.671	0.442	2.497	0.400	0.809
19	18	23.889	11.727	4	48	18.485	1415	170	8	3	7.261	3.156	3.521	0.662	2.300	0.435	0.857
20	108	39.148	15.205	2	74	53.698	504	194	20	12	19.328	7.115	30.872	0.471	2.717	0.368	0.745
21	25	23.640	10.946	3	44	21.899	2150	197	9	4	8.307	3.832	17.348	0.655	2.168	0.461	0.833
22	68	33.618	13.013	2	56	37.456	3511	211	13	10	12.763	6.784	34.696	0.609	1.881	0.532	0.751
23	123	48.780	18.922	4	89	50.870	3926	213	19	12	20.747	7.548	23.988	0.597	2.749	0.364	0.809
24	435	58.949	29.079	4	147	93.497	1187	232	35	21	32.191	17.205	14.132	0.625	1.871	0.534	0.855
25	371	47.574	19.103	7	100	83.598	2885	246	26	22	24.898	18.973	20.972	0.667	1.312	0.762	0.851
26	33	28.970	9.580	7	46	26.971	1772	251	11	6	10.686	3.932	23.758	0.570	2.718	0.368	0.750
27	266	15.959	8.607	0	40	103.983	161	255	23	23	22.161	15.283	49.178	0.309	1.450	0.690	0.707
28	89	46.056	21.546	8	94	40.042	2924	257	14	10	14.588	7.768	21.976	0.698	1.878	0.533	0.836
29	2664	33.938	15.234	1	89	247.037	3374	259	79	48	78.128	43.415	8.545	0.549	1.800	0.556	0.897
30	19	13.368	6.318	5	22	21.556	3925	259	9	4	7.908	3.059	11.151	0.514	2.585	0.387	0.691
31	86	17.767	9.627	3	38	36.142	1563	268	11	10	10.817	10.123	166.245	0.827	1.069	0.936	0.887
32	33	16.121	8.223	1	35	26.971	834	278	10	7	8.074	5.204	22.839	0.570	1.552	0.644	0.667
33	510	50.529	25.719	2	119	121.983	2993	279	41	24	43.275	15.005	22.919	0.431	2.884	0.347	0.784
34	30	25.400	9.156	5	42	24.142	2868	285	10	5	10.501	3.638	11.946	0.647	2.887	0.346	0.789
35	41	26.049	9.703	6	45	26.142	1714	291	9	7	9.585	5.446	32.635	0.754	1.760	0.568	0.812
36	3070	35.660	21.613	0	152	409.647	3811	299	100	76	70.566	55.393	34.439	0.230	1.274	0.785	0.627
37	27	26.556	12.039	3	50	25.556	489	307	10	6	11.048	3.112	25.130	0.519	3.551	0.282	0.740
38	32	39.906	12.945	13	63	22.728	1433	315	8	6	8.538	4.772	33.348	0.778	1.789	0.559	0.865
39	51	52.510	16.435	12	83	27.556	1409	320	10	7	10.295	6.307	20.322	0.844	1.632	0.613	0.879
40	83	15.217	6.661	3	32	36.627	1884	371	10	13	13.236	7.984	121.176	0.777	1.658	0.603	0.834
41	306	25.559	13.483	1	69	88.083	2048	371	29	18	26.539	14.681	13.570	0.496	1.808	0.553	0.785
42	342	53.015	26.325	4	133	109.154	2461	378	29	25	23.737	18.345	47.374	0.361	1.294	0.773	0.687
43	719	44.669	19.829	1	109	118.711	1974	382	35	33	31.415	29.141	53.527	0.641	1.078	0.928	0.854
44	20	33.200	14.881	10	64	20.728	3717	387	8	5	7.829	3.253	14.155	0.585	2.407	0.415	0.690
45	29	39.724	14.469	9	64	24.142	338	459	8	7	8.903	4.147	23.576	0.625	2.147	0.466	0.734
46	93	45.344	24.931	8	111	44.284	2738	473	17	11	14.231	8.321	171.903	0.596	1.710	0.585	0.724
47	100	20.300	7.808	3	44	51.456	2820	483	18	11	15.695	8.113	19.290	0.475	1.935	0.517	0.712
48	143	69.853	32.313	13	153	52.284	1507	491	19	13	20.956	8.688	26.269	0.657	2.412	0.415	0.851
49	17	29.471	14.353	8	62	16.728	2135	513	6	5	5.814	3.723	19.291	0.763	1.562	0.640	0.723
50	18	27.222	11.038	7	40	16.728	597	515	6	5	5.934	3.862	0.728	0.808	1.537	0.651	0.766
51	373	36.362	17.822	2	92	86.912	971	541	28	24	26.692	17.793	37.152	0.621	1.500	0.667	0.838
52	16	22.625	10.893	8	48	20.142	1792	546	6	7	6.498	3.135	43.469	0.496	2.073	0.482	0.615
53	71	48.169	19.132	6	78	37.799	351	560	15	8	15.614	5.789	21.518	0.624	2.697	0.371	0.845
54	240	47.138	23.254	5	116	92.912	2335	561	38	19	37.923	8.058	24.175	0.349	4.706	0.212	0.708
55	1804	34.049	14.566	1	84	189.137	816	563	57	46	53.933	42.588	161.662	0.634	1.266	0.790	0.890
56	18	32.667	11.489	7	49	17.899	2154	567	7	4	7.204	3.181	23.984	0.706	2.264	0.442	0.818
57	84	73.119	29.889	14	138	44.870	2850	568	18	9	16.779	6.374	14.047	0.524	2.632	0.380	0.757
58	18	18.222	7.938	3	31	20.142	1525	570	7	6	6.738	3.401	26.738	0.558	1.981	0.505	0.655
59	63	27.540	12.935	4	50	34.870	205	572	11	9	10.978	7.307	21.601	0.651	1.502	0.666	0.768
60	41	29.463	13.977	4	56	29.556	3982	597	12	6	10.409	5.015	12.323	0.590	2.076	0.482	0.759
61	142	26.768	13.061	3	63	54.870	3600	600	22	9	21.427	8.438	0.318	0.593	2.539	0.394	0.845
62	33	43.667	16.176	8	80	23.556	3068	605	9	6	9.711	4.327	28.937	0.747	2.244	0.446	0.825
63	72	46.875	16.853	8	81	38.627	529	615	13	9	12.178	7.527	17.051	0.606	1.618	0.618	0.787
64	83	51.229	14.891	17	98	38.042	417	620	14	10	14.095	7.498	35.091	0.721	1.880	0.532	0.834
65	102	31.755	16.856	1	74	63.113	3961	640	23	11	20.684	6.279	18.763	0.322	3.294	0.304	0.654
66	17	45.412	14.396	11	65	17.899	878	649	7	4	7.601	2.848	8.365	0.667	2.669	0.375	0.756
67	317	65.801	25.893	1	126	81.841	2327	665	27	19	26.493	15.235	21.209	0.595	1.739	0.575	0.836
68	291	28.918	14.153	1	90	75.113	1	682	23	20	20.004	18.521	13.813	0.648	1.080	0.926	0.853
69	40	50.675	20.661	6	86	30.385	1788	693	12	7	13.332	3.820	26.311	0.544	3.490	0.287	0.777
70	27	51.741	16.121	18	76	22.142	931	696	9	5	9.033	3.806	16.328	0.692	2.374	0.421	0.818
71	575	61.934	27.817	5	157	101.154	3453	704	39	23	37.832	19.352	14.506	0.706	1.955	0.512	0.890
72	33	33.152	11.670	1	53	23.314	185	711	8	6	8.942	4.699	23.744	0.763	1.903	0.526	0.846
73	180	29.072	15.769	2	80	113.740	3024	712	46	18	42.251	5.424	17.063	0.175	7.789	0.128	0.526
74	822	18.529	9.624	0	49	163.581	2340	729	49	34	50.602	20.683	28.950	0.386	2.447	0.409	0.781
75	22	23.364	9.343	4	39	21.899	3020	737	8	5	6.011	4.660	177.394	0.576	1.290	0.775	0.710
76	21	22.048	9.856	8	43	18.728	3290	741	6	5	6.105	4.380	20.269	0.752	1.394	0.717	0.792
77	68	7.059	5.007	0	20	37.456	3695	744	12	11	11.929	7.258	46.158	0.609	1.644	0.608	0.708
78	39	50.949	17.301	15	77	24.728	964	745	9	6	8.190	6.063	5.409	0.801	1.351	0.740	0.857
79	81	24.605	10.656	2	50	48.284	1056	780	16	14	18.918	5.452	141.458	0.437	3.470	0.288	0.635
80	245	20.731	12.775	2	63	85.740	471	794	23	21	21.228	14.695	131.086	0.419	1.445	0.692	0.741
81	38	16.868	8.857	4	34	35.456	3020	806	13	9	14.178	3.413	29.386	0.380	4.155	0.241	0.639
82	148	18.257	8.012	2	46	93.740	3935	810	33	15	23.416	8.048	7.145	0.212	2.910	0.344	0.464
83	99	24.323	11.089	4	51	46.870	3524	812	14	13	12.612	9.995	15.995	0.566	1.262	0.792	0.728
84	517	25.584	12.947	0	79	147.439	1677	826	58	20	53.008	12.418	10.443	0.299	4.269	0.234	0.742
85	35	21.514	9.936	2	41	33.213	1060	834	13	7	12.111	3.679	21.106	0.399	3.292	0.304	0.614
86	34	33.441	14.945	4	62	27.213	3101	845	11	7	9.459	4.577	19.408	0.577	2.067	0.484	0.708
87	27	32.741	10.354	11	56	19.314	2159	866	7	5	7.387	4.654	19.926	0.910	1.587	0.630	0.885
88	23	30.261	11.371	7	50	20.728	2966	931	8	4	8.366	3.500	13.894	0.673	2.390	0.418	0.807
89	19	29.158	11.290	6	49	20.142	3367	950	8	5	8.580	2.819	30.530	0.589	3.043	0.329	0.760
90	71	38.620	14.724	6	79	39.456	3212	968	14	10	13.961	6.475	31.196	0.573	2.156	0.464	0.743
91	23	37.565	11.277	17	57	25.314	1012	973	10	5	8.014	3.654	13.499	0.451	2.193	0.456	0.630
92	56	16.964	8.778	3	39	38.042	3805	975	15	7	13.344	5.343	5.917	0.486	2.497	0.400	0.700
93	32	22.750	11.305	7	46	26.385	3621	987	10	7	10.783	3.779	32.846	0.578	2.854	0.350	0.744
94	29	38.621	15.272	10	78	26.142	2236	998	11	5	11.150	3.311	22.395	0.533	3.367	0.297	0.806
95	65	67.062	24.681	4	124	35.556	765	1000	15	6	14.607	5.666	14.033	0.646	2.578	0.388	0.884
96	41	17.244	10.535	2	44	31.799	3791	1011	11	7	8.805	5.929	8.300	0.510	1.485	0.673	0.701
97	38	22.684	10.831	1	43	27.556	3453	1033	10	7	9.906	4.884	14.119	0.629	2.028	0.493	0.731
98	368	59.878	26.080	5	136	95.154	3809	1049	30	27	32.107	14.593	47.653	0.511	2.200	0.455	0.791
99	70	20.971	9.823	2	44	36.971	89	1060	11	10	10.602	8.406	12.123	0.644	1.261	0.793	0.765
100	20	40.250	16.235	15	64	18.485	3992	1076	7	4	7.266	3.504	5.239	0.736	2.073	0.482	0.851
101	232	45.724	20.904	4	112	84.426	3859	1083	33	17	32.358	9.129	17.925	0.409	3.544	0.282	0.772
102	165	67.006	38.670	4	163	77.255	2546	1086	29	17	29.906	7.025	25.036	0.347	4.257	0.235	0.732
103	32	24.031	10.196	3	43	22.728	1491	1098	8	6	9.356	4.355	26.178	0.778	2.148	0.465	0.853
104	117	58.889	25.013	10	128	48.284	1104	1108	19	11	17.609	8.460	16.809	0.631	2.081	0.480	0.793
105	21	30.952	14.729	7	58	21.556	309	1121	9	5	8.718	3.067	17.323	0.568	2.842	0.352	0.700
106	17	13.941	6.823	4	26	16.142	471	1121	6	5	6.052	3.577	30.384	0.820	1.692	0.591	0.756
107	527	69.531	35.170	2	172	124.711	263	1129	49	23	45.777	14.658	19.904	0.426	3.123	0.320	0.810
108	25	14.920	7.193	5	32	19.071	2047	1129	7	4	7.752	4.106	8.130	0.864	1.888	0.530	0.943
109	88	42.443	19.738	3	84	46.284	1893	1130	13	11	11.801	9.494	151.762	0.516	1.243	0.805	0.730
110	56	33.357	12.032	12	61	32.627	597	1139	13	8	11.160	6.389	30.598	0.661	1.747	0.573	0.794
111	19	12.211	5.401	3	20	19.314	1133	1145	7	4	7.662	3.158	11.870	0.640	2.426	0.412	0.776
112	39	20.385	10.057	3	55	28.971	3457	1166	10	8	9.969	4.981	30.801	0.584	2.001	0.500	0.743
113	171	16.380	8.056	1	39	58.184	3433	1172	17	17	16.086	13.535	53.245	0.635	1.188	0.841	0.774
114	107	20.505	11.722	2	50	65.355	3505	1180	21	16	20.707	6.579	30.633	0.315	3.147	0.318	0.552
115	23	38.043	19.170	4	77	23.556	1607	1181	10	5	10.402	2.815	24.318	0.521	3.695	0.271	0.730
116	82	64.732	32.139	5	123	50.042	759	1183	21	6	19.720	5.294	2.368	0.411	3.725	0.268	0.759
117	28	16.179	7.784	4	33	23.556	2729	1198	8	7	9.584	3.720	32.712	0.634	2.576	0.388	0.747
118	23	29.609	12.453	6	49	18.142	1618	1221	7	5	7.020	4.172	20.883	0.878	1.683	0.594	0.821
119	21	20.000	9.450	3	32	19.314	3128	1226	6	6	6.008	4.451	132.102	0.707	1.350	0.741	0.764
120	18	29.333	9.165	16	44	21.314	3935	1226	9	4	9.310	2.462	19.653	0.498	3.782	0.264	0.667
121	99	46.465	18.960	4	90	46.870	3569	1233	18	10	15.771	7.992	14.976	0.566	1.973	0.507	0.792
122	17	26.118	9.899	11	41	17.314	94	1236	5	6	5.140	4.211	122.384	0.713	1.220	0.819	0.723
123	22	34.545	13.157	17	65	20.142	3189	1237	8	5	7.412	3.779	22.278	0.681	1.961	0.510	0.746
124	126	58.579	21.085	20	117	45.456	689	1241	17	11	17.475	9.180	23.738	0.766	1.904	0.525	0.872
125	5936	32.131	17.861	0	111	445.487	2208	1243	123	72	116.978	64.610	179.908	0.376	1.811	0.552	0.797
126	166	46.054	16.529	11	87	55.456	1567	1249	21	11	21.022	10.054	12.124	0.678	2.091	0.478	0.871
127	106	38.708	19.173	1	87	44.284	816	1251	15	12	13.402	10.070	11.251	0.679	1.331	0.751	0.809
128	72	27.542	10.865	6	53	37.213	1507	1253	14	9	12.672	7.234	4.688	0.653	1.752	0.571	0.770
129	390	48.051	22.398	5	106	86.669	856	1275	29	21	29.337	16.926	25.813	0.652	1.733	0.577	0.855
130	68	42.176	17.249	10	92	37.799	223	1276	13	10	11.386	7.604	157.516	0.598	1.497	0.668	0.712
131	36	45.667	19.076	3	94	28.142	535	1286	12	5	12.036	3.808	16.031	0.571	3.161	0.316	0.818
132	378	16.526	9.235	0	55	137.439	972	1288	37	28	34.202	14.072	29.685	0.251	2.430	0.411	0.655
133	43	24.930	11.917	5	51	31.799	121	1301	11	8	11.041	4.959	31.598	0.534	2.227	0.449	0.694
134	35	19.714	11.537	3	50	24.971	1788	1318	9	7	9.958	4.475	37.040	0.705	2.225	0.449	0.805
135	253	26.692	11.453	1	59	70.426	332	1330	24	19	19.353	16.645	172.992	0.641	1.163	0.860	0.799
136	20	43.500	15.299	7	64	17.314	291	1333	7	4	6.821	3.733	13.043	0.838	1.827	0.547	0.851
137	153	41.418	20.932	4	99	54.770	2115	1344	17	15	16.474	11.825	42.277	0.641	1.393	0.718	0.787
138	64	19.531	8.406	1	44	43.456	2951	1345	14	10	11.042	7.380	170.327	0.426	1.496	0.668	0.653
139	62	45.629	18.239	4	77	37.456	2978	1352	14	9	11.913	6.627	24.505	0.555	1.798	0.556	0.713
140	17	23.235	12.602	7	52	20.971	1157	1387	6	7	7.097	3.050	61.988	0.486	2.327	0.430	0.607
141	60	51.917	17.498	3	92	37.213	1049	1390	16	7	15.678	4.873	16.539	0.544	3.217	0.311	0.769
142	59	40.763	18.291	5	82	34.971	2977	1390	14	7	14.967	5.019	20.412	0.606	2.982	0.335	0.855
143	38	37.842	17.977	6	71	28.142	1650	1422	12	5	12.241	3.952	9.173	0.603	3.097	0.323	0.826
144	33	31.121	13.202	12	68	25.556	2712	1427	10	6	9.709	4.328	10.929	0.635	2.243	0.446	0.767
145	86	55.767	15.036	17	96	36.627	3402	1441	12	10	12.248	8.940	27.045	0.806	1.370	0.730	0.847
146	59	30.441	13.334	7	62	38.870	1253	1463	13	9	13.200	5.691	25.761	0.491	2.320	0.431	0.707
147	33	28.394	10.500	7	52	24.385	855	1465	10	6	8.733	4.811	6.578	0.697	1.815	0.551	0.750
148	97	28.825	13.420	0	65	44.042	125	1471	14	12	13.556	9.111	49.138	0.628	1.488	0.672	0.792
149	196	49.388	20.782	2	91	71.012	2909	1493	29	12	25.908	9.633	15.118	0.488	2.690	0.372	0.803
150	32	18.000	7.012	2	33	31.213	3359	1513	9	10	7.806	5.220	63.509	0.413	1.495	0.669	0.587
151	25	25.600	13.859	2	63	20.485	1861	1535	9	3	9.597	3.317	0.000	0.749	2.894	0.346	0.962
152	107	67.093	22.851	18	129	40.284	380	1536	15	11	13.082	10.414	173.935	0.829	1.256	0.796	0.849
153	26	41.769	9.893	25	60	18.728	47	1556	7	5	7.250	4.566	175.519	0.932	1.588	0.630	0.867
154	39	52.179	16.885	11	81	25.556	3397	1559	9	7	9.561	5.193	24.783	0.750	1.841	0.543	0.804
155	22	35.000	11.238	8	59	18.728	2688	1568	7	5	6.719	4.169	33.019	0.788	1.612	0.620	0.786
156	16	32.125	11.272	12	49	15.899	626	1582	6	4	5.765	3.534	29.781	0.795	1.632	0.613	0.821
157	43	41.558	18.885	13	75	34.385	1099	1603	14	7	15.315	3.575	23.015	0.457	4.284	0.233	0.748
158	811	33.392	15.995	1	87	150.267	3251	1607	49	29	45.006	22.944	5.424	0.451	1.962	0.510	0.807
159	103	19.767	10.257	1	52	44.284	3454	1663	14	14	12.746	10.289	59.618	0.660	1.239	0.807	0.780
160	48	50.833	18.146	10	80	31.213	3509	1677	12	7	11.158	5.477	7.463	0.619	2.037	0.491	0.762
161	53	24.679	12.145	0	47	32.627	3622	1680	12	7	11.310	5.967	1.969	0.626	1.896	0.528	0.768
162	108	31.204	13.244	6	61	48.527	1279	1694	13	16	17.364	7.919	57.607	0.576	2.193	0.456	0.777
163	271	23.904	10.513	1	52	87.497	1362	1698	28	18	23.802	14.496	165.470	0.445	1.642	0.609	0.755
164	58	34.310	14.226	4	67	29.799	3921	1703	11	8	10.000	7.385	177.806	0.821	1.354	0.739	0.841
165	236	37.051	18.946	4	96	91.255	2550	1733	39	15	36.970	8.128	18.828	0.356	4.549	0.220	0.765
166	134	74.769	28.911	13	137	49.456	1251	1749	19	11	20.247	8.427	21.575	0.688	2.403	0.416	0.865
167	59	29.898	14.147	7	64	32.142	225	1750	12	7	12.162	6.176	16.816	0.718	1.969	0.508	0.894
168	545	46.932	22.005	0	111	128.953	2929	1758	42	31	41.048	16.905	32.663	0.412	2.428	0.412	0.774
169	121	43.736	16.286	6	78	50.870	1736	1772	21	10	21.221	7.260	13.415	0.588	2.923	0.342	0.855
170	31	21.419	11.462	7	47	31.213	172	1784	11	7	9.943	3.970	164.810	0.400	2.505	0.399	0.569
171	60	19.233	9.095	0	46	40.870	902	1797	14	10	10.895	7.012	4.400	0.451	1.554	0.644	0.606
172	54	34.796	16.176	2	72	34.042	2297	1807	13	9	13.466	5.106	30.522	0.586	2.637	0.379	0.771
173	32	62.062	23.199	10	97	24.971	1212	1814	10	6	10.044	4.057	26.301	0.645	2.476	0.404	0.762
174	34	31.735	12.381	8	60	28.971	2476	1814	11	7	11.441	3.784	23.605	0.509	3.024	0.331	0.731
175	162	22.019	11.160	2	63	57.113	2769	1850	21	12	20.610	10.008	171.137	0.624	2.059	0.486	0.824
176	213	42.676	20.922	2	89	72.770	1571	1851	31	11	28.024	9.677	10.194	0.505	2.896	0.345	0.840
177	23	41.043	13.720	7	66	19.899	81	1866	8	4	7.602	3.852	16.111	0.730	1.974	0.507	0.885
178	37	14.405	7.507	2	33	25.556	575	1867	7	8	8.235	5.721	119.592	0.712	1.440	0.695	0.804
179	167	19.383	9.151	2	50	58.527	3016	1897	21	13	18.941	11.226	19.658	0.613	1.687	0.593	0.815
180	81	44.753	21.345	3	113	46.870	1916	1914	16	11	13.960	7.388	11.739	0.463	1.890	0.529	0.675
181	40	22.200	9.064	4	49	41.456	2651	1916	16	7	13.772	3.698	17.461	0.292	3.724	0.269	0.526
182	46	29.522	15.417	4	75	31.213	3113	1922	12	8	10.635	5.507	20.295	0.593	1.931	0.518	0.773
183	444	62.437	30.378	4	158	121.882	58	1933	41	24	34.972	16.165	28.029	0.376	2.163	0.462	0.669
184	16	22.125	8.988	8	32	17.556	1023	1957	7	5	6.988	2.915	37.842	0.652	2.397	0.417	0.681
185	370	24.532	11.314	2	53	90.083	1035	1961	26	26	24.290	19.394	68.777	0.573	1.252	0.798	0.781
186	36	33.250	14.676	7	66	28.971	837	1975	12	6	10.903	4.204	1.529	0.539	2.594	0.386	0.713
187	20	15.500	8.363	4	37	16.485	3194	2003	4	6	6.042	4.215	72.112	0.925	1.433	0.698	0.930
188	18	28.111	12.324	3	48	16.728	691	2027	7	4	6.858	3.342	21.046	0.808	2.052	0.487	0.837
189	17	27.294	11.296	11	45	17.314	2176	2038	6	5	5.619	3.852	45.000	0.713	1.458	0.686	0.756
190	26	23.885	11.364	3	46	25.556	2222	2053	11	5	11.581	2.858	15.712	0.500	4.051	0.247	0.722
191	605	19.737	10.366	0	57	134.125	2790	2067	34	31	29.757	25.887	12.462	0.423	1.150	0.870	0.773
192	17	28.824	17.604	9	68	20.728	1011	2079	9	4	8.436	2.566	20.780	0.497	3.288	0.304	0.708
193	30	41.967	16.308	10	76	25.556	3201	2082	11	5	10.649	3.587	20.684	0.577	2.969	0.337	0.779
194	86	15.140	8.502	2	43	71.012	2393	2101	14	22	13.136	8.336	61.893	0.214	1.576	0.635	0.441
195	461	43.245	21.766	0	104	116.083	3273	2106	47	16	41.827	14.033	11.529	0.430	2.981	0.336	0.826
196	148	52.459	22.931	2	118	53.698	2755	2114	18	13	17.623	10.693	27.659	0.645	1.648	0.607	0.831
197	56	45.911	21.082	2	93	33.213	216	2125	13	7	12.638	5.642	16.754	0.638	2.240	0.446	0.794
198	19	20.474	7.411	6	34	16.485	3170	2151	6	4	6.419	3.769	19.449	0.879	1.703	0.587	0.905
199	35	8.457	4.210	3	20	28.971	1855	2158	10	6	9.083	4.906	178.251	0.524	1.851	0.540	0.686
200	21	27.762	13.228	5	54	18.142	2763	2164	7	5	6.079	4.398	8.401	0.802	1.382	0.724	0.778
201	65	66.200	21.078	16	102	33.556	2401	2183	12	8	13.764	6.013	25.584	0.725	2.289	0.437	0.878
202	2376	56.047	32.108	1	153	282.250	2860	2219	90	58	93.647	32.304	23.868	0.375	2.899	0.345	0.766
203	87	23.655	11.467	1	51	42.627	3530	2234	18	8	16.265	6.810	178.839	0.602	2.388	0.419	0.821
204	22	19.909	10.099	5	35	17.071	1382	2241	5	5	5.821	4.812	119.448	0.949	1.210	0.827	0.936
205	260	73.431	35.430	2	157	86.083	3349	2263	33	19	33.902	9.765	24.420	0.441	3.472	0.288	0.796
206	1296	45.502	20.454	1	111	186.652	599	2274	62	45	63.874	25.834	30.850	0.467	2.473	0.404	0.822
207	74	43.311	14.845	10	76	35.456	1267	2279	14	9	12.457	7.564	0.957	0.740	1.647	0.607	0.800
208	30	35.367	17.238	2	76	24.971	3160	2282	10	6	10.406	3.671	25.028	0.605	2.835	0.353	0.769
209	83	60.145	20.765	8	106	41.456	3458	2286	15	11	14.338	7.371	32.180	0.607	1.945	0.514	0.772
210	49	93.265	27.343	19	158	29.556	581	2300	11	7	10.177	6.130	17.103	0.705	1.660	0.602	0.797
211	115	28.809	11.749	2	60	43.213	2659	2305	15	11	15.602	9.385	158.765	0.774	1.662	0.602	0.868
212	19	43.158	17.598	10	74	16.728	1183	2325	6	5	6.303	3.838	11.953	0.853	1.642	0.609	0.792
213	19	39.105	17.493	8	68	20.728	2805	2331	9	4	8.939	2.706	16.438	0.556	3.303	0.303	0.745
214	796	55.470	27.248	2	131	148.953	3345	2343	50	33	39.862	25.425	24.209	0.451	1.568	0.638	0.774
215	20	52.500	16.564	24	86	20.142	1134	2349	8	5	8.260	3.083	20.918	0.619	2.679	0.373	0.741
216	110	23.564	10.116	4	45	45.213	955	2352	16	11	16.232	8.629	24.356	0.676	1.881	0.532	0.853
217	17	27.706	12.061	4	45	17.314	1513	2354	6	5	6.243	3.467	34.600	0.713	1.801	0.555	0.756
218	44	43.068	16.659	5	77	28.385	143	2359	10	8	12.038	4.654	29.750	0.686	2.587	0.387	0.807
219	22	16.227	7.003	2	31	23.556	3799	2359	9	5	7.386	3.792	13.200	0.498	1.948	0.513	0.638
220	133	18.421	9.610	2	43	66.426	1333	2383	18	15	16.546	10.234	147.563	0.379	1.617	0.619	0.719
221	194	19.644	10.104	0	44	76.669	1353	2390	20	20	20.226	12.213	151.173	0.415	1.656	0.604	0.676
222	57	38.000	16.272	4	74	34.042	2188	2390	12	10	11.941	6.078	44.713	0.618	1.965	0.509	0.781
223	56	45.214	20.412	4	87	33.799	2580	2390	13	8	13.942	5.114	28.397	0.616	2.726	0.367	0.806
224	16	17.562	7.554	0	30	20.142	1916	2399	8	4	6.965	2.925	175.522	0.496	2.381	0.420	0.640
225	610	27.730	14.759	1	74	130.125	3083	2410	44	29	43.325	17.927	23.383	0.453	2.417	0.414	0.798
226	34	22.941	10.195	1	38	22.728	3051	2419	9	5	9.298	4.656	3.401	0.827	1.997	0.501	0.861
227	61	41.246	21.676	7	96	47.213	326	2421	21	6	20.132	3.858	10.753	0.344	5.219	0.192	0.726
228	25	32.280	13.990	5	58	18.728	140	2427	7	5	7.536	4.224	18.320	0.896	1.784	0.560	0.862
229	16	19.750	7.095	7	34	15.899	3036	2427	6	4	6.609	3.082	22.754	0.795	2.144	0.466	0.821
230	67	32.836	10.441	3	57	38.042	2525	2437	12	11	11.672	7.309	43.558	0.582	1.597	0.626	0.744
231	42	69.262	25.073	10	104	26.142	956	2447	10	6	11.059	4.836	22.628	0.772	2.287	0.437	0.884
232	50	30.200	16.102	5	60	40.971	3109	2454	17	6	16.705	3.811	170.058	0.374	4.384	0.228	0.676
233	76	33.829	14.241	3	62	38.627	1165	2457	14	10	12.432	7.784	17.941	0.640	1.597	0.626	0.756
234	65	25.846	15.065	2	66	51.113	3773	2467	19	12	19.756	4.189	32.480	0.313	4.716	0.212	0.631
235	2683	34.513	17.896	0	104	264.978	799	2475	69	61	63.311	53.957	12.112	0.480	1.173	0.852	0.880
236	365	20.699	10.691	2	67	95.740	294	2476	30	22	26.499	17.538	10.551	0.500	1.511	0.662	0.784
237	45	49.733	18.135	15	92	28.385	2219	2506	10	8	11.187	5.122	30.180	0.702	2.184	0.458	0.811
238	500	47.856	18.964	2	103	101.397	2696	2549	35	24	33.699	18.892	20.748	0.611	1.784	0.561	0.845
239	61	12.984	7.936	0	34	31.799	31	2551	11	9	10.102	7.688	144.321	0.758	1.314	0.761	0.797
240	112	43.241	15.115	7	79	45.113	321	2587	16	11	16.057	8.881	17.859	0.692	1.808	0.553	0.812
241	135	15.467	8.237	3	45	67.598	2707	2590	14	17	14.425	11.916	67.517	0.371	1.211	0.826	0.714
242	154	43.435	21.918	4	95	63.012	281	2609	20	16	22.256	8.810	32.327	0.487	2.526	0.396	0.748
243	24	49.250	18.513	15	75	18.728	974	2649	8	4	7.908	3.864	8.820	0.860	2.047	0.489	0.873
244	302	44.609	25.848	0	115	88.912	1595	2661	32	19	29.335	13.108	21.462	0.480	2.238	0.447	0.771
245	88	52.216	24.722	4	121	46.870	2399	2661	18	11	18.484	6.062	28.865	0.503	3.049	0.328	0.762
246	17	23.765	9.411	5	41	17.314	3134	2666	7	4	7.890	2.743	22.049	0.713	2.876	0.348	0.810
247	288	65.219	33.217	5	147	97.154	930	2670	34	22	31.823	11.523	26.531	0.383	2.762	0.362	0.739
248	70	46.100	16.164	10	77	36.627	2008	2670	12	9	11.278	7.903	15.141	0.656	1.427	0.701	0.805
249	496	59.633	24.884	3	133	115.296	966	2671	37	29	29.085	21.713	34.743	0.469	1.339	0.747	0.698
250	16	28.750	10.030	13	46	17.899	111	2691	8	3	8.120	2.509	2.501	0.628	3.237	0.309	0.800
251	39	32.359	15.474	5	64	29.556	3141	2709	12	6	11.143	4.456	15.949	0.561	2.500	0.400	0.780
252	47	74.553	21.173	25	116	26.385	578	2713	10	7	9.894	6.048	22.184	0.848	1.636	0.611	0.832
253	29	30.552	11.553	8	61	28.971	3123	2714	11	7	11.257	3.280	27.677	0.434	3.432	0.291	0.659
254	97	78.371	30.613	11	138	45.213	2950	2717	19	8	18.694	6.607	13.245	0.596	2.830	0.353	0.840
255	44	29.750	13.436	1	53	30.385	1444	2740	12	6	12.103	4.629	167.993	0.599	2.615	0.382	0.779
256	112	96.884	38.855	16	172	53.113	1838	2741	21	11	21.234	6.716	20.170	0.499	3.162	0.316	0.789
257	22	19.727	8.795	7	39	17.556	2288	2742	6	6	5.589	5.012	39.655	0.897	1.115	0.897	0.800
258	381	37.108	23.080	2	135	127.640	3743	2761	46	18	38.593	12.570	6.264	0.294	3.070	0.326	0.636
259	39	14.487	7.539	2	30	35.456	1171	2769	10	13	13.178	3.768	53.230	0.390	3.497	0.286	0.639
260	20	21.200	8.263	7	36	19.556	3225	2775	6	7	5.671	4.490	127.534	0.657	1.263	0.792	0.667
261	19	9.474	5.264	4	24	24.385	770	2784	9	7	9.710	2.491	33.139	0.402	3.898	0.257	0.585
262	45	25.911	13.469	2	53	52.284	3848	2790	22	10	23.382	2.450	21.571	0.207	9.542	0.105	0.570
263	133	30.233	13.252	1	57	50.870	389	2792	17	14	18.024	9.395	41.179	0.646	1.918	0.521	0.818
264	278	44.158	16.524	1	83	76.184	2889	2801	30	15	27.517	12.864	13.051	0.602	2.139	0.467	0.848
265	89	42.337	18.120	13	90	42.627	3645	2803	17	9	17.054	6.644	18.169	0.615	2.567	0.390	0.824
266	431	41.084	15.019	4	86	90.569	713	2811	31	26	31.576	17.379	37.120	0.660	1.817	0.550	0.858
267	237	40.781	16.297	1	104	71.255	1695	2815	28	15	25.478	11.844	11.131	0.587	2.151	0.465	0.821
268	20	15.750	6.472	2	26	17.314	1801	2825	6	5	7.341	3.469	34.004	0.838	2.116	0.473	0.833
269	20	26.950	12.335	5	45	18.728	2496	2839	8	4	7.607	3.348	7.227	0.717	2.272	0.440	0.784
270	162	32.444	15.514	0	67	61.355	1355	2840	21	17	24.607	8.382	40.138	0.541	2.936	0.341	0.802
271	31	34.548	9.784	17	59	24.142	2317	2869	9	6	8.089	4.879	11.447	0.668	1.658	0.603	0.775
272	43	53.698	18.769	18	88	26.971	135	2874	10	7	10.447	5.241	22.489	0.743	1.993	0.502	0.796
273	25	20.080	10.870	2	39	19.899	1179	2919	7	5	7.298	4.362	17.318	0.793	1.673	0.598	0.847
274	17	23.412	9.721	9	41	15.071	2924	2936	6	3	6.541	3.309	175.692	0.941	1.977	0.506	0.971
275	516	53.568	24.300	2	127	104.811	2913	2950	33	26	35.271	18.627	30.564	0.590	1.894	0.528	0.845
276	254	44.677	27.806	1	129	79.941	7	2972	32	13	31.126	10.390	13.387	0.499	2.996	0.334	0.829
277	367	23.060	11.096	1	62	90.083	2365	2981	30	18	28.388	16.461	174.273	0.568	1.725	0.580	0.832
278	161	24.981	12.500	1	58	81.355	49	2987	24	12	19.545	10.488	4.786	0.306	1.864	0.537	0.702
279	77	70.052	27.127	11	129	42.385	3859	2993	19	6	17.047	5.751	6.332	0.539	2.964	0.337	0.860
