 	Area	Mean	StdDev	Min	Max	Perim.	BX	BY	Width	Height	Major	Minor	Angle	Circ.	AR	Round	Solidity
1	28	16.500	8.435	4	38	34.385	133	9	6	10	8.712	4.092	113.284	0.298	2.129	0.470	0.577
2	52	15.865	6.869	4	31	38.042	3470	20	11	11	9.651	6.860	17.474	0.452	1.407	0.711	0.630
3	570	53.940	23.573	2	136	111.296	1456	38	42	25	41.682	17.411	22.116	0.578	2.394	0.418	0.838
4	130	27.777	12.488	5	70	60.527	1020	48	23	11	20.181	8.202	14.662	0.446	2.461	0.406	0.714
5	31	27.677	12.721	3	50	22.971	160	77	9	6	8.028	4.916	29.895	0.738	1.633	0.612	0.795
6	22	26.773	10.788	11	52	25.556	1211	89	9	7	8.110	3.454	38.486	0.423	2.348	0.426	0.557
7	33	23.758	11.270	4	55	22.728	1326	100	8	6	9.279	4.528	26.191	0.803	2.049	0.488	0.846
8	59	36.305	12.184	9	61	30.385	820	117	11	8	10.386	7.233	21.266	0.803	1.436	0.696	0.843
9	259	36.533	15.039	3	73	67.355	3254	147	21	19	22.187	14.863	31.929	0.717	1.493	0.670	0.851
10	117	24.632	11.113	2	52	49.698	487	153	16	13	17.551	8.488	33.912	0.595	2.068	0.484	0.772
11	1520	27.307	11.886	2	71	178.752	556	172	49	45	50.533	38.298	36.379	0.598	1.319	0.758	0.895
12	63	21.254	11.771	5	54	37.799	1316	182	10	13	13.356	6.006	48.198	0.554	2.224	0.450	0.759
13	257	39.817	18.531	3	89	82.912	1253	189	32	16	30.766	10.636	17.250	0.470	2.893	0.346	0.780
14	209	11.344	6.646	0	34	83.255	1969	192	21	21	18.121	14.685	31.502	0.379	1.234	0.810	0.701
15	23	22.130	10.341	1	42	26.971	1493	235	8	8	8.303	3.527	39.550	0.397	2.354	0.425	0.590
16	3946	45.007	26.744	0	143	325.948	977	245	105	67	92.893	54.086	5.287	0.467	1.718	0.582	0.844
17	19	30.842	9.996	12	46	22.728	1381	262	7	7	6.655	3.635	27.774	0.462	1.831	0.546	0.585
18	38	23.526	12.167	2	48	29.213	1477	262	11	8	10.583	4.572	32.444	0.560	2.315	0.432	0.724
19	25	28.120	12.587	9	52	22.971	2041	266	8	7	9.454	3.367	48.388	0.595	2.808	0.356	0.704
20	22	20.318	10.316	4	43	22.142	1596	312	9	5	9.235	3.033	24.747	0.564	3.045	0.328	0.759
21	63	60.127	24.098	4	120	36.042	668	331	14	9	14.859	5.398	32.184	0.609	2.752	0.363	0.829
22	83	43.181	19.930	4	91	49.698	802	331	14	17	18.345	5.761	47.643	0.422	3.184	0.314	0.700
23	29	28.690	12.230	6	50	19.899	3294	345	7	5	7.844	4.707	21.124	0.920	1.666	0.600	0.921
24	317	39.653	19.801	2	105	110.225	3297	349	41	24	43.917	9.191	28.007	0.328	4.778	0.209	0.722
25	27	18.481	9.967	2	46	22.728	3228	354	9	5	9.177	3.746	27.057	0.657	2.450	0.408	0.771
26	363	64.780	31.829	0	152	150.953	3817	377	64	25	68.535	6.744	18.241	0.200	10.163	0.098	0.679
27	101	37.624	16.213	5	81	49.355	18	388	18	13	19.523	6.587	32.135	0.521	2.964	0.337	0.757
28	69	29.072	13.297	2	57	33.799	148	395	11	10	13.181	6.665	36.118	0.759	1.977	0.506	0.852
29	556	18.379	9.738	0	44	122.125	1506	409	34	31	33.960	20.846	44.829	0.468	1.629	0.614	0.807
30	32	38.438	15.438	3	67	24.971	1887	431	10	6	9.575	4.255	35.024	0.645	2.250	0.444	0.800
31	241	28.485	14.705	1	70	97.397	1191	440	31	23	33.171	9.251	31.546	0.319	3.586	0.279	0.715
32	68	14.691	7.149	3	39	44.042	171	461	10	14	11.244	7.700	57.269	0.441	1.460	0.685	0.645
33	2655	35.887	17.130	1	94	263.563	3624	514	74	69	87.235	38.751	42.219	0.480	2.251	0.444	0.890
34	2288	36.107	17.943	1	97	229.380	3283	565	54	61	60.937	47.806	76.712	0.546	1.275	0.785	0.873
35	30	37.033	14.325	8	61	22.971	3824	567	9	6	9.232	4.137	25.343	0.714	2.231	0.448	0.759
36	27	26.000	10.795	10	50	24.142	263	571	8	6	7.648	4.495	22.882	0.582	1.701	0.588	0.684
37	16	19.000	8.454	1	34	19.314	3386	585	8	4	7.488	2.720	24.213	0.539	2.753	0.363	0.711
38	400	77.127	28.689	5	145	96.326	870	597	32	27	38.401	13.263	39.095	0.542	2.895	0.345	0.850
39	18	21.389	7.853	8	36	15.899	1190	627	6	4	5.512	4.158	11.398	0.895	1.326	0.754	0.878
40	689	57.473	28.601	1	153	136.610	2869	651	52	27	45.059	19.469	13.759	0.464	2.314	0.432	0.793
41	115	52.070	26.268	3	127	64.426	1734	674	24	17	25.963	5.640	33.399	0.348	4.604	0.217	0.721
42	29	47.138	17.210	17	88	22.142	1407	698	8	6	8.683	4.252	35.676	0.743	2.042	0.490	0.829
43	29	35.897	15.594	7	66	21.556	1573	699	8	6	8.398	4.397	33.169	0.784	1.910	0.524	0.817
44	26	23.115	12.697	4	46	22.142	741	705	7	7	7.693	4.303	45.397	0.666	1.788	0.559	0.743
45	167	12.653	6.553	1	33	68.083	1929	710	17	20	17.390	12.227	60.360	0.453	1.422	0.703	0.720
46	131	25.466	10.812	2	50	48.284	2341	756	18	11	17.046	9.785	25.794	0.706	1.742	0.574	0.853
47	189	23.958	10.230	4	49	64.184	1660	759	15	21	20.668	11.643	67.491	0.577	1.775	0.563	0.799
48	17	14.529	5.316	3	24	24.142	3115	762	9	6	9.439	2.293	28.322	0.367	4.116	0.243	0.531
49	351	40.912	20.929	1	93	97.640	1281	781	34	27	38.856	11.502	38.889	0.463	3.378	0.296	0.814
50	48	20.146	9.867	3	37	30.870	2084	798	12	9	11.546	5.293	31.208	0.633	2.181	0.458	0.738
51	17	18.647	9.842	3	42	16.728	722	800	5	6	6.936	3.121	48.138	0.763	2.222	0.450	0.791
52	94	15.511	8.136	1	39	50.870	124	805	16	12	16.655	7.186	21.452	0.456	2.318	0.431	0.691
53	32	34.250	16.683	8	64	27.799	400	809	11	7	10.120	4.026	27.016	0.520	2.514	0.398	0.703
54	82	23.500	8.729	1	41	37.456	2484	810	14	10	12.579	8.300	25.371	0.734	1.516	0.660	0.808
55	113	36.204	15.121	7	69	47.213	1380	825	16	11	13.930	10.328	170.463	0.637	1.349	0.741	0.807
56	1386	50.841	23.391	1	140	237.279	999	837	86	41	86.469	20.409	17.862	0.309	4.237	0.236	0.791
57	89	39.888	11.178	7	63	40.870	63	852	15	11	13.617	8.322	34.567	0.670	1.636	0.611	0.781
58	644	17.154	8.941	0	43	133.640	2300	868	38	33	37.917	21.625	35.306	0.453	1.753	0.570	0.781
59	63	26.714	11.525	4	52	33.799	2233	870	12	9	11.400	7.036	32.457	0.693	1.620	0.617	0.808
60	39	33.974	14.883	8	62	27.799	1984	879	10	8	11.802	4.208	34.451	0.634	2.805	0.357	0.750
61	305	56.308	28.028	1	163	86.326	3737	880	29	23	30.846	12.590	34.014	0.514	2.450	0.408	0.812
62	873	60.485	37.908	2	198	171.581	607	888	49	40	49.307	22.543	34.876	0.373	2.187	0.457	0.766
63	31	9.290	4.391	3	21	25.556	2161	896	8	8	8.732	4.520	35.231	0.596	1.932	0.518	0.689
64	60	28.217	14.981	6	73	32.627	224	901	10	10	9.455	8.080	77.612	0.708	1.170	0.855	0.774
65	472	22.191	10.991	2	54	114.468	2360	903	31	30	36.961	16.259	45.629	0.453	2.273	0.440	0.816
66	1368	51.458	25.707	1	149	205.137	1521	948	66	41	52.274	33.321	179.811	0.409	1.569	0.637	0.778
67	79	30.544	11.218	5	54	37.799	1290	950	12	11	14.357	7.006	32.676	0.695	2.049	0.488	0.832
68	29	31.552	11.236	10	50	23.556	3934	951	8	7	10.258	3.599	33.868	0.657	2.850	0.351	0.773
69	159	29.164	13.215	0	63	67.841	1766	971	23	17	24.405	8.295	33.079	0.434	2.942	0.340	0.713
70	19	15.684	9.798	3	34	16.728	1508	981	6	5	6.947	3.483	31.955	0.853	1.995	0.501	0.844
71	348	48.322	26.654	1	120	121.296	3351	988	47	28	50.367	8.797	29.350	0.297	5.725	0.175	0.750
72	20	21.850	11.371	4	50	20.142	2735	1024	7	6	7.734	3.292	32.354	0.619	2.349	0.426	0.714
73	314	16.280	9.278	1	49	109.983	3372	1031	25	22	24.685	16.196	34.848	0.326	1.524	0.656	0.746
74	104	28.962	15.029	2	66	46.527	2719	1032	18	12	19.704	6.720	31.119	0.604	2.932	0.341	0.806
75	1049	25.720	14.255	0	87	183.581	1914	1033	51	36	47.824	27.928	17.116	0.391	1.712	0.584	0.797
76	18	23.778	9.384	10	41	16.485	122	1041	4	6	5.144	4.455	90.000	0.832	1.155	0.866	0.857
77	20	19.150	11.458	2	42	24.728	1204	1042	10	5	9.417	2.704	29.951	0.411	3.483	0.287	0.625
78	114	16.009	6.819	1	33	56.527	207	1050	14	15	13.376	10.852	50.003	0.448	1.233	0.811	0.708
79	101	77.752	26.650	17	136	44.042	1202	1075	16	11	18.037	7.129	32.065	0.654	2.530	0.395	0.852
80	113	23.425	11.980	0	69	44.284	2441	1099	12	16	15.127	9.511	67.253	0.724	1.590	0.629	0.822
81	90	21.033	10.157	2	51	37.213	1248	1145	13	10	12.682	9.036	25.167	0.817	1.404	0.712	0.853
82	32	26.531	11.642	4	52	22.728	1324	1200	7	7	8.306	4.905	33.197	0.778	1.693	0.591	0.842
83	23	21.609	8.948	3	36	24.385	3637	1224	9	7	9.289	3.153	34.182	0.486	2.946	0.339	0.639
84	433	17.859	8.330	1	41	99.740	1869	1228	28	28	31.912	17.276	42.134	0.547	1.847	0.541	0.802
85	382	51.309	21.396	2	109	100.569	2952	1246	36	19	32.832	14.814	4.443	0.475	2.216	0.451	0.772
86	877	25.260	10.502	2	68	148.267	3750	1255	37	42	41.196	27.105	63.136	0.501	1.520	0.658	0.837
87	146	60.384	23.013	5	117	56.527	307	1267	19	15	20.120	9.239	34.306	0.574	2.178	0.459	0.777
88	45	17.400	8.698	3	32	40.042	3738	1267	13	8	11.571	4.952	27.356	0.353	2.337	0.428	0.592
89	40	24.325	11.809	9	52	28.971	1626	1279	10	8	11.647	4.373	30.950	0.599	2.664	0.375	0.748
90	27	24.481	12.405	6	52	20.728	342	1295	8	5	7.749	4.436	19.246	0.790	1.747	0.573	0.831
91	33	17.879	7.171	4	33	24.385	385	1313	8	8	9.090	4.622	40.792	0.697	1.967	0.509	0.767
92	24	11.958	6.919	3	26	27.556	1003	1313	11	6	9.452	3.233	24.777	0.397	2.924	0.342	0.615
93	26	28.077	11.260	10	59	25.213	2306	1315	10	7	11.125	2.976	34.605	0.514	3.739	0.267	0.732
94	119	49.008	21.409	10	97	62.426	1783	1331	22	18	26.790	5.656	38.639	0.384	4.737	0.211	0.726
95	16	28.000	7.983	16	41	16.728	2908	1350	5	6	5.641	3.611	45.236	0.719	1.562	0.640	0.727
96	87	34.149	16.035	1	95	49.698	102	1368	17	12	17.516	6.324	30.650	0.443	2.770	0.361	0.699
97	54	24.241	12.505	2	55	35.456	1562	1403	11	12	14.625	4.701	45.269	0.540	3.111	0.321	0.750
98	17	14.824	9.091	3	37	18.142	895	1405	7	5	8.355	2.591	35.072	0.649	3.225	0.310	0.739
99	51	17.863	7.579	3	32	38.870	1968	1436	13	12	13.122	4.948	43.184	0.424	2.652	0.377	0.607
100	54	36.778	14.517	10	67	34.042	180	1438	13	9	12.398	5.546	32.727	0.586	2.236	0.447	0.740
101	146	33.336	15.644	4	75	73.598	1394	1455	28	13	28.598	6.500	17.788	0.339	4.400	0.227	0.659
102	876	42.723	21.006	1	112	131.782	3014	1464	43	37	43.749	25.495	43.274	0.634	1.716	0.583	0.870
103	333	61.282	26.442	1	147	84.326	997	1472	30	21	32.909	12.884	33.983	0.588	2.554	0.392	0.847
104	46	45.326	17.531	11	79	28.971	365	1475	9	9	10.991	5.329	40.742	0.689	2.063	0.485	0.829
105	393	22.303	10.371	1	55	102.811	3944	1479	29	22	26.003	19.244	172.968	0.467	1.351	0.740	0.800
106	142	22.232	12.790	0	58	77.255	3809	1493	27	21	29.214	6.189	37.860	0.299	4.720	0.212	0.667
107	23	19.217	11.909	1	42	22.728	695	1507	8	5	7.974	3.673	10.906	0.560	2.171	0.461	0.687
108	326	18.463	8.372	2	46	89.841	2513	1507	24	21	20.794	19.962	13.793	0.508	1.042	0.960	0.800
109	24	14.917	7.199	1	25	31.213	2176	1509	9	11	10.629	2.875	53.717	0.310	3.697	0.270	0.500
110	409	41.254	21.381	1	106	99.255	1220	1521	27	26	31.119	16.735	38.909	0.522	1.860	0.538	0.845
111	170	24.753	11.119	1	61	58.184	2905	1523	18	18	18.132	11.937	36.859	0.631	1.519	0.658	0.791
112	53	41.849	16.243	8	78	32.042	2134	1548	13	8	11.845	5.697	19.051	0.649	2.079	0.481	0.774
113	21	18.143	8.487	6	41	17.314	2303	1561	5	6	5.841	4.577	78.420	0.880	1.276	0.784	0.840
114	738	31.476	15.183	1	82	144.853	346	1569	39	32	34.673	27.100	24.736	0.442	1.279	0.782	0.798
115	31	22.484	10.554	2	41	26.385	992	1575	10	7	9.439	4.182	33.357	0.560	2.257	0.443	0.721
116	100	42.320	17.325	11	91	44.870	2528	1576	17	10	16.981	7.498	15.942	0.624	2.265	0.442	0.820
117	43	24.907	10.522	5	53	36.042	1436	1591	11	10	11.485	4.767	32.567	0.416	2.409	0.415	0.647
118	481	18.493	9.075	1	62	113.054	391	1599	32	27	30.486	20.089	159.530	0.473	1.518	0.659	0.759
119	186	30.995	12.503	3	71	63.255	948	1608	20	20	24.317	9.739	43.718	0.584	2.497	0.400	0.823
120	69	18.638	7.135	0	33	45.456	3385	1624	13	13	12.856	6.834	41.065	0.420	1.881	0.532	0.673
121	612	45.132	24.402	1	125	143.095	2379	1633	42	33	41.648	18.710	26.574	0.376	2.226	0.449	0.740
122	204	38.877	16.248	4	88	72.912	2417	1684	22	18	18.870	13.765	1.401	0.482	1.371	0.729	0.731
123	61	37.885	15.994	8	66	42.042	2594	1728	16	10	17.908	4.337	25.342	0.434	4.129	0.242	0.726
124	478	39.002	17.806	1	93	104.569	3566	1734	32	28	36.535	16.658	36.594	0.549	2.193	0.456	0.845
125	16	12.812	8.010	2	29	21.314	2723	1770	7	4	7.071	2.881	10.008	0.443	2.454	0.407	0.615
126	30	21.467	12.378	2	50	24.971	2610	1812	8	8	8.292	4.607	44.606	0.605	1.800	0.556	0.732
127	94	26.394	13.154	3	58	49.456	1098	1841	19	11	19.354	6.184	21.647	0.483	3.130	0.320	0.752
128	420	26.388	12.305	2	61	101.397	1207	1845	32	24	29.393	18.193	165.071	0.513	1.616	0.619	0.773
129	239	17.084	8.723	0	44	86.669	457	1886	22	21	20.323	14.973	30.049	0.400	1.357	0.737	0.718
130	72	34.069	13.289	5	60	33.213	2940	1929	11	10	11.684	7.846	42.041	0.820	1.489	0.672	0.847
131	28	15.250	6.192	1	27	31.799	2140	1938	9	8	6.342	5.621	68.770	0.348	1.128	0.886	0.519
132	531	17.367	8.645	0	45	130.024	1306	1945	30	31	27.044	25.000	141.598	0.395	1.082	0.924	0.784
133	76	37.763	17.444	3	91	42.284	767	1946	15	11	15.923	6.077	28.039	0.534	2.620	0.382	0.741
134	16	18.875	9.330	6	35	18.142	530	1957	7	5	7.883	2.584	30.213	0.611	3.051	0.328	0.711
135	38	22.026	13.161	4	48	26.142	1583	1958	10	6	10.169	4.758	25.295	0.699	2.137	0.468	0.817
136	754	67.420	37.034	3	184	119.296	97	1967	37	34	43.099	22.275	41.580	0.666	1.935	0.517	0.897
137	612	53.783	27.985	2	150	134.267	1155	1992	41	32	33.143	23.511	37.484	0.427	1.410	0.709	0.756
138	43	23.581	13.532	3	55	28.385	2867	2016	9	9	11.506	4.758	40.714	0.671	2.418	0.414	0.804
139	69	27.870	15.460	2	70	36.385	1131	2026	14	8	12.640	6.950	179.820	0.655	1.819	0.550	0.807
140	46	29.261	13.324	2	59	32.627	1754	2040	11	10	12.179	4.809	39.227	0.543	2.533	0.395	0.692
141	19	17.579	11.913	1	36	19.314	2305	2054	7	5	5.734	4.219	22.584	0.640	1.359	0.736	0.704
142	366	68.585	34.640	5	165	94.083	2654	2074	37	19	38.931	11.970	22.493	0.520	3.252	0.307	0.847
143	22	14.182	7.551	3	31	18.971	927	2106	7	6	6.040	4.638	18.348	0.768	1.302	0.768	0.733
144	22	31.955	11.838	4	51	19.314	521	2107	8	4	8.285	3.381	19.738	0.741	2.451	0.408	0.846
145	165	24.879	11.891	2	63	61.355	417	2152	16	20	19.786	10.618	51.418	0.551	1.863	0.537	0.784
146	56	29.821	13.653	5	59	39.456	3825	2157	15	10	15.558	4.583	26.139	0.452	3.395	0.295	0.696
147	176	36.227	14.470	1	65	56.770	784	2174	19	17	19.440	11.527	35.717	0.686	1.686	0.593	0.811
148	403	40.030	20.620	1	101	127.681	3544	2190	38	39	47.482	10.806	47.055	0.311	4.394	0.228	0.693
149	580	39.467	16.843	2	92	136.853	1675	2247	37	43	48.060	15.366	49.872	0.389	3.128	0.320	0.765
150	63	20.540	9.403	1	48	35.213	344	2248	14	8	14.297	5.611	20.672	0.638	2.548	0.392	0.792
151	470	58.717	31.159	1	141	99.497	951	2249	33	27	35.604	16.808	34.974	0.597	2.118	0.472	0.844
152	99	67.889	25.449	3	134	42.627	3838	2255	16	10	16.567	7.609	22.146	0.685	2.177	0.459	0.853
153	23	24.913	9.155	5	43	17.899	747	2267	7	4	7.351	3.984	10.632	0.902	1.845	0.542	0.902
154	314	47.580	22.249	2	126	83.255	3977	2274	22	24	25.297	15.804	35.920	0.569	1.601	0.625	0.807
155	30	22.667	10.162	5	44	23.799	1396	2291	7	8	8.017	4.764	59.096	0.666	1.683	0.594	0.732
156	64	18.047	8.437	1	40	37.456	1670	2292	11	13	14.467	5.633	51.105	0.573	2.568	0.389	0.753
157	34	24.412	8.124	4	40	30.385	3762	2297	10	9	10.432	4.150	34.957	0.463	2.514	0.398	0.642
158	28	19.929	8.679	7	35	24.971	3961	2303	10	6	10.753	3.315	31.486	0.564	3.244	0.308	0.747
159	36	23.722	9.973	2	39	30.042	3441	2306	9	10	8.636	5.308	47.222	0.501	1.627	0.615	0.667
160	37	22.622	10.915	1	50	25.556	1426	2309	10	6	9.001	5.234	24.888	0.712	1.720	0.581	0.796
161	131	42.069	18.561	5	91	64.669	3319	2328	23	19	26.766	6.232	36.820	0.394	4.295	0.233	0.718
162	33	33.485	12.736	3	62	25.213	709	2345	9	8	10.627	3.954	34.530	0.652	2.688	0.372	0.750
163	20	24.950	10.546	5	41	24.971	358	2352	7	8	8.819	2.888	40.987	0.403	3.054	0.327	0.580
164	25	24.440	7.953	11	40	19.799	687	2358	7	7	6.443	4.940	28.423	0.801	1.304	0.767	0.725
165	458	17.900	9.626	2	53	95.397	1432	2376	32	23	28.877	20.194	1.500	0.632	1.430	0.699	0.843
166	22	23.091	11.032	7	43	21.556	3660	2394	9	5	9.301	3.012	24.221	0.595	3.088	0.324	0.772
167	32	24.688	9.940	8	57	20.971	1183	2403	7	7	7.821	5.210	46.752	0.914	1.501	0.666	0.853
168	50	47.100	17.981	11	89	32.385	3585	2407	12	8	14.153	4.498	27.883	0.599	3.146	0.318	0.800
169	32	17.719	9.766	1	41	28.385	2108	2412	9	9	9.397	4.336	44.901	0.499	2.167	0.461	0.667
170	140	29.179	13.564	3	61	47.113	604	2425	15	15	16.302	10.935	43.034	0.793	1.491	0.671	0.846
171	25	22.080	8.067	6	34	20.142	3449	2447	6	7	7.691	4.139	57.520	0.774	1.858	0.538	0.769
172	16	23.812	8.666	8	35	18.142	1705	2485	7	5	7.293	2.793	30.718	0.611	2.611	0.383	0.744
173	203	33.483	14.951	5	72	61.012	3865	2495	19	19	21.247	12.165	46.281	0.685	1.747	0.573	0.837
174	76	78.237	28.717	20	147	37.799	12	2498	14	9	14.989	6.456	28.904	0.668	2.322	0.431	0.831
175	93	32.806	14.332	4	62	49.698	1149	2499	19	12	19.710	6.008	31.742	0.473	3.281	0.305	0.738
176	211	23.322	11.613	1	55	62.770	1744	2503	17	19	17.990	14.933	58.876	0.673	1.205	0.830	0.819
177	196	51.709	24.864	4	119	74.770	2178	2526	30	13	28.763	8.676	13.050	0.441	3.315	0.302	0.790
178	27	20.407	9.760	5	39	20.728	1578	2545	7	6	6.918	4.969	38.602	0.790	1.392	0.718	0.818
179	19	34.053	16.047	11	71	20.142	143	2565	8	5	7.184	3.367	27.023	0.589	2.133	0.469	0.679
180	699	44.940	20.371	0	107	133.681	2826	2583	34	38	42.073	21.154	47.456	0.492	1.989	0.503	0.819
181	66	50.697	18.806	12	92	39.456	3575	2587	14	10	14.836	5.664	28.138	0.533	2.619	0.382	0.759
182	842	36.492	17.343	2	93	133.338	2739	2603	43	35	43.152	24.844	33.184	0.595	1.737	0.576	0.855
183	34	19.824	8.189	2	39	24.385	3634	2605	9	7	8.648	5.006	24.758	0.719	1.728	0.579	0.773
184	51	15.451	6.348	4	34	33.456	1547	2612	12	10	12.351	5.258	34.273	0.573	2.349	0.426	0.718
185	148	23.986	11.679	2	55	54.527	303	2616	18	16	18.175	10.368	40.188	0.626	1.753	0.570	0.787
186	34	30.853	11.634	8	48	31.213	3042	2624	11	8	10.862	3.985	24.524	0.439	2.726	0.367	0.618
187	42	38.286	19.154	12	79	27.799	3136	2631	11	7	11.007	4.858	30.556	0.683	2.266	0.441	0.785
188	161	24.342	11.916	1	59	55.012	3695	2634	17	17	15.917	12.879	59.301	0.669	1.236	0.809	0.799
189	174	62.667	23.975	7	123	67.255	2025	2647	25	18	27.644	8.014	31.090	0.483	3.449	0.290	0.791
190	487	52.604	25.354	6	146	103.882	1157	2657	29	30	32.291	19.202	46.376	0.567	1.682	0.595	0.835
191	403	50.710	27.272	1	134	113.054	1375	2662	40	25	42.648	12.031	25.063	0.396	3.545	0.282	0.787
192	36	37.500	10.961	17	60	24.385	1881	2667	8	8	8.659	5.294	52.423	0.761	1.636	0.611	0.818
193	63	50.048	20.265	6	98	38.870	898	2717	14	11	14.840	5.405	35.650	0.524	2.745	0.364	0.724
194	934	44.407	22.725	4	113	172.066	2322	2719	30	60	59.612	19.949	76.924	0.396	2.988	0.335	0.737
195	228	22.057	10.936	0	55	96.326	3552	2723	33	22	32.862	8.834	35.419	0.309	3.720	0.269	0.646
196	238	83.416	34.679	14	166	78.912	92	2734	30	20	33.329	9.092	31.156	0.480	3.666	0.273	0.797
197	52	16.558	8.089	3	38	33.799	65	2743	8	13	11.433	5.791	71.478	0.572	1.974	0.506	0.722
198	50	38.300	18.446	3	90	31.799	217	2769	12	8	13.084	4.866	23.424	0.621	2.689	0.372	0.769
199	34	35.265	14.117	11	69	31.213	430	2782	12	8	12.408	3.489	29.595	0.439	3.556	0.281	0.701
200	9425	35.478	19.714	0	109	608.683	723	2786	156	157	188.893	63.529	39.438	0.320	2.973	0.336	0.803
201	153	46.667	18.894	8	94	54.284	2882	2798	20	13	21.510	9.057	25.793	0.652	2.375	0.421	0.845
202	282	34.521	15.306	3	76	82.912	181	2799	32	16	30.252	11.869	12.334	0.515	2.549	0.392	0.816
203	19	19.158	9.867	2	37	18.728	81	2816	6	6	5.872	4.120	27.783	0.681	1.425	0.702	0.717
204	709	33.233	13.418	2	72	123.882	1567	2824	38	30	36.509	24.726	31.264	0.581	1.477	0.677	0.851
205	219	44.438	22.970	2	103	62.770	2434	2840	21	18	23.579	11.826	34.211	0.698	1.994	0.502	0.874
206	81	16.185	8.904	1	42	50.284	2694	2846	15	13	12.563	8.209	42.068	0.403	1.530	0.653	0.630
207	25	26.080	11.463	4	51	29.213	1636	2883	9	7	7.498	4.245	18.643	0.368	1.766	0.566	0.556
208	75	30.547	14.521	1	62	47.355	1366	2889	14	14	15.552	6.140	46.104	0.420	2.533	0.395	0.679
209	90	10.567	5.438	1	26	51.456	2946	2919	15	15	15.353	7.464	124.802	0.427	2.057	0.486	0.619
210	30	27.867	11.292	3	50	22.971	1845	2924	9	6	8.539	4.473	28.513	0.714	1.909	0.524	0.789
211	1236	27.785	14.904	1	93	185.137	1026	2929	53	48	53.491	29.420	41.395	0.453	1.818	0.550	0.828
212	365	19.282	10.003	0	51	84.083	627	2943	21	27	29.338	15.840	60.046	0.649	1.852	0.540	0.877
213	47	23.660	9.878	4	45	31.213	1179	2951	12	8	10.556	5.669	18.749	0.606	1.862	0.537	0.729
214	19	23.474	11.335	5	45	20.142	610	2954	8	5	7.833	3.088	21.169	0.589	2.536	0.394	0.717
