 	Area	Mean	StdDev	Min	Max	Perim.	BX	BY	Width	Height	Major	Minor	Angle	Circ.	AR	Round	Solidity
1	16	19.188	10.407	3	38	17.899	829	1	8	3	7.597	2.682	5.259	0.628	2.833	0.353	0.821
2	24	37.042	12.295	1	54	19.314	2645	1	8	4	8.215	3.720	172.751	0.809	2.209	0.453	0.873
3	72	14.736	8.026	1	38	44.042	3840	18	11	13	10.796	8.491	77.177	0.466	1.271	0.786	0.664
4	20	26.750	8.577	9	45	16.728	3482	22	6	5	6.723	3.788	155.915	0.898	1.775	0.563	0.816
5	93	17.742	10.237	0	52	45.456	1891	23	13	15	11.997	9.870	51.880	0.566	1.215	0.823	0.750
6	23	22.130	9.841	9	43	18.971	978	66	6	7	6.400	4.575	78.912	0.803	1.399	0.715	0.730
7	1029	24.473	11.235	2	64	156.610	881	67	37	41	38.087	34.399	108.786	0.527	1.107	0.903	0.855
8	84	37.036	13.792	2	69	35.799	3786	67	13	9	12.348	8.662	0.206	0.824	1.426	0.701	0.870
9	270	42.167	14.509	5	91	66.770	3920	76	22	18	21.075	16.312	16.291	0.761	1.292	0.774	0.854
10	60	15.250	7.238	4	33	36.042	2518	88	11	12	11.674	6.544	59.038	0.580	1.784	0.561	0.682
11	125	23.728	9.711	3	52	49.456	2580	91	16	12	15.050	10.575	177.707	0.642	1.423	0.703	0.814
12	57	53.491	15.997	12	82	27.799	3341	95	11	7	10.381	6.991	171.333	0.927	1.485	0.674	0.891
13	23	23.652	10.178	2	42	17.899	3805	97	6	5	5.805	5.045	9.958	0.902	1.151	0.869	0.902
14	36	24.556	10.188	5	44	26.142	721	115	7	9	7.397	6.196	67.500	0.662	1.194	0.838	0.758
15	329	16.359	8.153	0	47	115.397	346	117	29	22	24.149	17.346	7.745	0.310	1.392	0.718	0.659
16	157	59.987	16.254	13	104	47.355	3845	117	17	14	15.088	13.248	8.370	0.880	1.139	0.878	0.892
17	250	66.544	28.449	11	141	67.698	818	135	19	20	19.191	16.587	117.877	0.685	1.157	0.864	0.845
18	16	21.062	7.362	8	32	16.142	1149	135	6	5	5.910	3.447	149.501	0.772	1.714	0.583	0.762
19	31	16.194	7.709	5	36	22.971	3928	145	8	6	7.580	5.207	27.848	0.738	1.456	0.687	0.785
20	45	17.156	8.533	3	42	26.385	1154	146	9	8	9.328	6.143	25.165	0.812	1.518	0.659	0.804
21	37	23.054	7.634	8	42	23.799	3353	148	9	7	7.781	6.055	171.828	0.821	1.285	0.778	0.796
22	152	44.401	13.011	1	80	53.698	510	152	16	15	15.185	12.745	152.054	0.662	1.191	0.839	0.796
23	50	43.340	10.873	15	75	30.385	1828	175	9	8	8.754	7.272	13.899	0.681	1.204	0.831	0.800
24	23	22.870	7.041	12	39	19.314	1163	177	7	5	6.569	4.458	177.308	0.775	1.473	0.679	0.836
25	38	45.342	12.964	11	68	24.385	3575	195	9	7	8.741	5.535	22.090	0.803	1.579	0.633	0.800
26	22	23.091	9.571	5	43	20.728	2802	224	5	8	7.212	3.884	58.405	0.643	1.857	0.539	0.772
27	16	20.875	6.771	4	31	17.899	3981	233	7	4	7.098	2.870	159.372	0.628	2.473	0.404	0.727
28	93	16.989	8.062	4	41	42.527	3000	234	13	12	12.228	9.684	147.959	0.646	1.263	0.792	0.782
29	85	25.141	10.101	2	48	37.213	1834	236	12	11	12.097	8.946	5.655	0.771	1.352	0.740	0.825
30	429	22.047	9.881	2	49	108.569	930	238	25	30	28.351	19.266	64.470	0.457	1.472	0.680	0.786
31	26	26.000	11.926	7	58	21.314	1253	268	6	7	6.859	4.826	140.714	0.719	1.421	0.704	0.788
32	534	27.996	11.536	1	70	95.154	1932	271	31	26	28.332	23.998	15.077	0.741	1.181	0.847	0.865
33	121	39.917	12.855	4	76	52.770	2188	272	13	17	15.172	10.155	86.420	0.546	1.494	0.669	0.747
34	62	31.177	10.596	6	51	36.042	1847	282	12	10	12.661	6.235	141.828	0.600	2.031	0.492	0.752
35	59	82.508	20.066	9	110	32.042	310	298	12	9	9.993	7.518	4.414	0.722	1.329	0.752	0.787
36	208	25.409	12.211	1	58	77.255	427	308	14	27	23.711	11.169	92.510	0.438	2.123	0.471	0.704
37	248	49.266	19.624	4	105	69.355	1590	326	17	22	21.027	15.017	73.945	0.648	1.400	0.714	0.818
38	69	15.855	8.017	0	34	46.042	139	338	18	7	15.006	5.855	3.532	0.409	2.563	0.390	0.701
39	46	18.783	10.985	3	52	31.799	3457	347	8	11	10.745	5.451	113.366	0.572	1.971	0.507	0.719
40	713	37.860	16.210	4	86	117.539	1609	350	38	34	35.686	25.439	37.392	0.649	1.403	0.713	0.854
41	20	22.600	7.337	8	34	16.485	1806	358	6	4	6.707	3.797	16.119	0.925	1.766	0.566	0.909
42	41	31.610	11.384	7	60	28.142	726	386	10	7	8.700	6.000	9.802	0.651	1.450	0.690	0.766
43	77	19.117	9.895	1	46	38.870	455	396	15	10	13.947	7.029	27.012	0.640	1.984	0.504	0.790
44	46	19.500	12.229	0	48	47.113	227	409	13	10	9.133	6.413	24.491	0.260	1.424	0.702	0.523
45	16	25.812	12.771	10	51	17.556	3015	418	6	6	5.555	3.667	47.583	0.652	1.515	0.660	0.667
46	99	76.636	19.419	21	107	37.213	761	419	13	10	12.647	9.967	179.352	0.898	1.269	0.788	0.908
47	31	19.871	8.020	4	43	25.899	839	431	7	8	7.206	5.477	69.917	0.581	1.316	0.760	0.713
48	28	11.464	6.602	1	26	30.385	2912	432	10	6	8.650	4.121	179.797	0.381	2.099	0.476	0.583
49	33	23.000	9.533	2	39	30.971	2240	461	12	7	10.051	4.181	154.789	0.432	2.404	0.416	0.617
50	155	24.394	11.735	3	60	51.113	937	484	15	15	14.922	13.226	123.488	0.746	1.128	0.886	0.845
51	21	17.190	8.244	4	36	17.899	928	485	6	5	5.881	4.546	167.723	0.824	1.294	0.773	0.824
52	79	30.481	14.484	2	61	38.971	972	501	9	14	14.528	6.924	108.887	0.654	2.098	0.477	0.823
53	36	9.917	4.741	2	22	45.456	3591	514	11	13	8.453	5.423	63.232	0.219	1.559	0.642	0.387
54	458	26.729	13.272	2	71	89.841	2935	545	23	29	29.773	19.586	76.119	0.713	1.520	0.658	0.881
55	38	23.395	10.582	4	47	24.728	1625	547	6	9	8.813	5.490	69.695	0.781	1.605	0.623	0.864
56	245	24.633	11.696	2	62	76.569	1507	553	19	22	18.826	16.570	99.746	0.525	1.136	0.880	0.766
57	24	17.958	5.077	8	28	18.728	10	558	6	6	6.374	4.794	53.757	0.860	1.330	0.752	0.814
58	82	38.451	15.653	4	68	38.627	1466	561	15	9	13.726	7.606	176.912	0.691	1.805	0.554	0.808
59	31	21.645	7.512	5	35	24.728	1430	565	6	8	7.196	5.485	100.968	0.637	1.312	0.762	0.756
60	21	12.667	4.465	4	22	20.142	2801	568	6	7	7.633	3.503	125.180	0.650	2.179	0.459	0.689
61	49	21.510	8.716	1	40	28.971	1557	569	8	10	8.617	7.240	52.137	0.734	1.190	0.840	0.778
62	194	31.325	15.503	4	70	65.355	720	577	18	20	23.876	10.346	51.500	0.571	2.308	0.433	0.798
63	156	49.417	18.614	8	94	52.770	927	577	15	17	15.443	12.862	125.640	0.704	1.201	0.833	0.841
64	66	29.712	10.494	5	50	36.627	1693	579	10	12	9.934	8.459	131.013	0.618	1.174	0.851	0.746
65	56	33.286	12.910	7	57	28.142	1569	581	8	8	8.977	7.942	20.035	0.889	1.130	0.885	0.911
66	19	24.368	8.674	8	36	20.728	1639	583	7	6	6.962	3.475	154.767	0.556	2.003	0.499	0.667
67	36	21.056	7.544	3	34	33.213	393	592	13	7	12.071	3.797	161.741	0.410	3.179	0.315	0.655
68	894	31.576	14.701	2	81	156.510	1298	599	40	48	49.532	22.981	54.078	0.459	2.155	0.464	0.802
69	198	23.667	11.936	2	57	83.154	3739	602	23	23	17.635	14.296	42.921	0.360	1.234	0.811	0.605
70	164	19.354	9.891	2	51	64.527	1123	612	15	20	15.660	13.334	60.349	0.495	1.174	0.851	0.718
71	41	21.195	10.854	2	42	26.142	1149	612	9	7	10.327	5.055	148.692	0.754	2.043	0.489	0.837
72	135	17.000	8.476	1	39	63.941	1630	615	16	16	15.440	11.133	40.172	0.415	1.387	0.721	0.682
73	110	22.136	11.248	1	53	54.527	348	636	15	14	12.656	11.066	30.230	0.465	1.144	0.874	0.675
74	157	59.210	19.322	8	97	59.113	388	638	20	13	16.682	11.983	3.779	0.565	1.392	0.718	0.795
75	22	24.409	9.101	4	39	18.728	626	662	7	5	5.559	5.039	4.258	0.788	1.103	0.907	0.786
76	78	43.744	14.304	15	72	39.456	2103	671	13	12	10.332	9.612	18.195	0.630	1.075	0.930	0.729
77	41	52.244	15.570	15	77	24.385	601	695	8	8	8.801	5.931	148.038	0.866	1.484	0.674	0.845
78	68	12.265	6.468	0	28	46.284	1912	723	14	11	11.540	7.502	159.206	0.399	1.538	0.650	0.636
79	127	28.268	16.293	2	72	68.184	2937	725	24	12	22.783	7.097	168.169	0.343	3.210	0.312	0.593
80	162	46.673	24.240	3	98	56.284	1038	733	20	12	20.972	9.835	9.557	0.643	2.132	0.469	0.853
81	62	40.452	10.360	22	60	33.456	233	743	12	10	10.570	7.468	0.407	0.696	1.415	0.707	0.765
82	550	34.445	15.530	1	83	107.640	1725	754	30	29	30.629	22.864	46.605	0.597	1.340	0.746	0.854
83	35	30.714	10.534	10	55	23.556	1246	789	9	6	8.087	5.511	177.293	0.793	1.467	0.681	0.824
84	186	31.505	14.114	1	68	54.870	1489	804	16	16	16.176	14.640	158.219	0.776	1.105	0.905	0.863
85	711	43.464	21.073	0	108	142.853	1372	829	35	35	35.904	25.213	56.604	0.438	1.424	0.702	0.784
86	25	27.280	9.507	11	48	22.142	3491	846	9	4	8.768	3.630	12.523	0.641	2.415	0.414	0.794
87	146	31.568	13.733	0	77	48.870	1246	861	15	13	14.742	12.610	145.701	0.768	1.169	0.855	0.872
88	191	36.424	14.785	1	74	54.284	713	863	18	15	18.368	13.240	178.838	0.815	1.387	0.721	0.884
89	522	22.213	11.064	0	56	141.782	3477	865	40	20	39.447	16.849	175.587	0.326	2.341	0.427	0.753
90	53	24.019	9.208	5	47	30.971	1570	875	10	8	10.131	6.661	157.044	0.694	1.521	0.657	0.791
91	25	23.880	9.311	7	41	20.728	806	886	8	5	8.138	3.911	11.320	0.731	2.081	0.481	0.794
92	117	23.009	11.031	2	53	59.113	3990	890	9	22	21.986	6.776	92.048	0.421	3.245	0.308	0.711
93	194	33.995	16.269	3	70	69.012	57	893	22	18	18.495	13.355	9.933	0.512	1.385	0.722	0.756
94	181	66.994	21.308	19	114	55.113	2296	909	15	18	17.645	13.060	119.876	0.749	1.351	0.740	0.856
95	43	40.605	16.566	10	93	26.142	287	911	10	6	9.762	5.608	12.573	0.791	1.741	0.575	0.869
96	28	34.714	10.852	8	52	20.728	2993	917	6	7	7.299	4.884	54.406	0.819	1.495	0.669	0.824
97	275	42.105	16.949	2	86	77.255	1410	926	21	23	20.800	16.833	135.674	0.579	1.236	0.809	0.789
98	408	26.559	10.788	1	70	86.083	3390	929	24	26	23.071	22.516	89.479	0.692	1.025	0.976	0.857
99	44	33.227	15.064	7	65	27.556	1448	941	9	8	9.857	5.683	28.166	0.728	1.734	0.577	0.822
100	310	39.516	22.165	4	111	104.811	2074	943	30	27	31.545	12.512	35.288	0.355	2.521	0.397	0.634
101	63	32.365	14.165	2	55	36.627	1648	957	11	9	10.683	7.508	147.292	0.590	1.423	0.703	0.773
102	644	63.744	30.007	2	128	108.811	2183	960	31	31	32.890	24.930	55.483	0.684	1.319	0.758	0.875
103	422	58.545	27.402	2	126	100.569	2642	972	30	23	28.842	18.629	18.981	0.524	1.548	0.646	0.774
104	235	41.932	16.619	4	77	63.113	2617	973	21	15	21.436	13.958	163.267	0.741	1.536	0.651	0.883
105	813	64.397	34.278	3	159	120.468	975	979	40	32	39.422	26.258	156.459	0.704	1.501	0.666	0.890
106	18	25.000	13.029	2	48	20.728	1088	987	5	8	6.466	3.544	70.097	0.526	1.824	0.548	0.679
107	57	23.246	11.320	2	45	38.042	3815	994	14	10	12.642	5.741	140.333	0.495	2.202	0.454	0.679
108	216	21.264	9.986	0	45	65.841	667	1008	21	17	21.341	12.887	23.737	0.626	1.656	0.604	0.807
109	35	44.257	16.131	13	81	25.556	376	1020	9	6	8.627	5.165	9.722	0.673	1.670	0.599	0.769
110	203	26.808	11.106	3	70	57.941	55	1025	18	17	16.745	15.435	145.857	0.760	1.085	0.922	0.844
111	18	20.778	7.281	8	32	15.899	1394	1025	5	5	5.378	4.261	169.928	0.895	1.262	0.792	0.837
112	93	45.323	14.997	13	80	38.870	81	1030	14	10	12.412	9.540	6.649	0.774	1.301	0.769	0.842
113	399	35.216	17.524	1	84	117.054	1498	1035	46	20	39.315	12.922	13.050	0.366	3.043	0.329	0.702
114	85	26.918	12.512	2	59	48.284	1545	1036	18	11	16.627	6.509	13.358	0.458	2.554	0.391	0.667
115	91	27.110	11.021	5	50	46.184	3845	1044	18	10	16.121	7.187	171.501	0.536	2.243	0.446	0.717
116	943	36.085	19.713	0	91	148.610	3615	1049	43	32	43.322	27.715	17.673	0.537	1.563	0.640	0.854
117	90	37.167	12.732	5	65	37.213	1683	1054	11	12	11.429	10.026	125.775	0.817	1.140	0.877	0.845
118	480	14.848	7.440	1	41	113.882	2115	1058	28	29	28.014	21.816	118.419	0.465	1.284	0.779	0.783
119	22	17.000	7.342	7	35	19.899	196	1068	7	5	7.192	3.895	171.930	0.698	1.847	0.542	0.786
120	26	33.615	14.522	8	62	19.314	2031	1069	6	6	6.565	5.043	19.880	0.876	1.302	0.768	0.852
121	254	20.709	9.771	0	51	81.255	2192	1106	28	18	28.016	11.544	156.629	0.483	2.427	0.412	0.750
122	21	29.095	10.756	8	50	17.899	3490	1107	6	5	6.875	3.889	26.038	0.824	1.768	0.566	0.824
123	38	25.895	10.008	5	43	26.971	2859	1109	10	7	7.743	6.248	8.410	0.656	1.239	0.807	0.745
124	37	18.784	9.417	3	35	32.385	3299	1109	8	9	8.424	5.592	124.958	0.443	1.506	0.664	0.649
125	66	19.682	6.464	4	30	44.870	1612	1113	12	10	9.888	8.498	170.057	0.412	1.164	0.859	0.684
126	102	16.020	6.902	3	34	53.456	3019	1131	19	11	15.004	8.655	23.973	0.449	1.734	0.577	0.682
127	19	24.316	11.200	2	43	19.314	247	1152	8	4	6.895	3.508	7.205	0.640	1.965	0.509	0.745
128	614	43.427	18.614	1	113	113.882	2011	1154	34	36	43.354	18.032	47.287	0.595	2.404	0.416	0.862
129	19	24.368	12.482	2	48	17.899	946	1178	5	6	5.313	4.554	160.453	0.745	1.167	0.857	0.776
130	57	53.175	16.894	14	87	29.799	1948	1179	11	8	10.419	6.965	9.115	0.807	1.496	0.668	0.814
131	586	24.177	11.683	1	68	113.054	497	1191	29	32	29.495	25.296	70.690	0.576	1.166	0.858	0.823
132	25	17.680	8.849	2	31	22.142	466	1207	7	7	6.228	5.111	51.538	0.641	1.219	0.821	0.735
133	133	82.474	24.657	12	128	46.870	1033	1221	17	12	15.269	11.090	11.547	0.761	1.377	0.726	0.853
134	35	37.914	14.441	5	66	23.556	269	1224	7	8	8.138	5.476	127.282	0.793	1.486	0.673	0.787
135	202	57.842	19.345	15	107	57.113	1463	1224	17	17	17.505	14.693	156.526	0.778	1.191	0.839	0.861
136	853	25.006	11.706	1	64	149.782	3234	1237	40	37	37.547	28.925	34.822	0.478	1.298	0.770	0.807
137	24	15.000	9.904	4	34	25.556	2391	1245	6	9	7.422	4.117	76.342	0.462	1.803	0.555	0.676
138	387	29.209	12.388	1	79	103.640	3050	1258	23	32	32.621	15.105	72.396	0.453	2.160	0.463	0.716
139	55	46.600	16.512	6	80	32.142	2330	1261	12	7	11.886	5.892	25.790	0.669	2.017	0.496	0.827
140	30	39.100	16.635	7	79	21.314	285	1262	8	5	7.665	4.983	2.732	0.830	1.538	0.650	0.882
141	49	44.857	14.632	8	72	28.142	860	1262	8	8	8.643	7.219	163.316	0.777	1.197	0.835	0.867
142	193	50.093	17.781	1	98	54.284	481	1270	19	14	17.666	13.910	170.840	0.823	1.270	0.787	0.883
143	35	27.800	8.993	11	49	22.971	1124	1273	7	8	7.716	5.776	83.862	0.834	1.336	0.749	0.805
144	112	28.777	13.296	1	60	73.012	3025	1288	28	11	24.820	5.745	11.534	0.264	4.320	0.231	0.576
145	767	58.394	23.792	2	125	114.225	61	1319	37	32	34.182	28.570	16.091	0.739	1.196	0.836	0.895
146	69	42.449	14.127	3	69	31.213	1421	1328	11	9	10.989	7.995	7.723	0.890	1.375	0.728	0.868
147	39	31.231	10.715	7	54	26.142	1040	1337	9	7	9.406	5.279	172.905	0.717	1.782	0.561	0.772
148	3013	46.191	23.948	1	134	313.120	2502	1338	62	74	72.676	52.786	97.997	0.386	1.377	0.726	0.757
149	299	21.234	11.107	1	61	93.841	765	1342	22	23	20.535	18.539	51.673	0.427	1.108	0.903	0.756
150	98	22.663	9.503	5	45	46.870	184	1344	14	12	13.783	9.053	33.802	0.561	1.523	0.657	0.769
151	19	18.158	7.034	5	27	19.314	1402	1345	5	7	6.360	3.804	69.236	0.640	1.672	0.598	0.745
152	49	27.102	10.617	1	48	28.042	3013	1345	10	9	9.155	6.814	38.383	0.783	1.344	0.744	0.784
153	24	22.542	7.667	6	36	21.556	2267	1361	8	6	7.788	3.924	18.374	0.649	1.985	0.504	0.727
154	283	33.491	19.376	1	84	75.012	3410	1372	23	20	21.504	16.756	145.672	0.632	1.283	0.779	0.795
155	672	37.943	17.068	2	82	113.640	1426	1387	39	28	35.337	24.213	6.970	0.654	1.459	0.685	0.848
156	88	29.568	12.289	1	63	39.213	3010	1405	13	11	13.924	8.047	149.749	0.719	1.730	0.578	0.838
157	32	26.750	11.919	4	46	22.142	1200	1408	8	6	7.336	5.554	170.024	0.820	1.321	0.757	0.810
158	370	18.078	9.112	1	53	132.368	3656	1431	28	28	31.119	15.138	131.006	0.265	2.056	0.486	0.676
159	36	30.111	9.689	5	52	23.314	2205	1432	8	6	7.394	6.199	161.854	0.832	1.193	0.838	0.867
160	416	21.834	10.065	2	52	104.225	56	1437	28	23	25.752	20.568	167.044	0.481	1.252	0.799	0.791
161	28	28.964	16.155	5	62	20.728	402	1440	8	5	6.802	5.241	174.753	0.819	1.298	0.771	0.836
162	33	27.091	12.478	5	48	22.142	1142	1451	7	7	7.168	5.862	109.549	0.846	1.223	0.818	0.815
163	518	66.212	26.354	1	129	106.569	2771	1453	31	25	29.799	22.133	163.320	0.573	1.346	0.743	0.822
164	34	27.088	13.028	2	62	22.385	654	1476	7	8	8.104	5.342	120.026	0.853	1.517	0.659	0.800
165	18	14.389	5.282	4	25	15.314	695	1479	5	5	5.488	4.176	125.187	0.965	1.314	0.761	0.857
166	43	41.349	20.159	11	89	25.799	1685	1490	10	7	8.792	6.227	174.445	0.812	1.412	0.708	0.811
167	183	19.634	10.369	1	47	63.698	3984	1500	15	20	17.973	12.964	58.340	0.567	1.386	0.721	0.815
168	49	29.551	11.920	8	56	30.971	796	1506	9	10	9.921	6.288	139.582	0.642	1.578	0.634	0.731
169	53	33.245	14.849	7	56	31.799	139	1528	12	7	11.680	5.778	12.551	0.659	2.022	0.495	0.803
170	957	57.947	30.348	2	148	138.125	2422	1532	41	37	45.686	26.671	150.532	0.630	1.713	0.584	0.864
171	19	16.316	9.696	0	36	20.728	2834	1533	9	4	7.195	3.362	178.551	0.556	2.140	0.467	0.717
172	90	26.511	7.665	3	41	38.870	704	1550	11	13	12.703	9.021	64.351	0.749	1.408	0.710	0.829
173	117	59.419	21.195	15	107	43.456	2821	1552	15	11	14.864	10.022	18.572	0.779	1.483	0.674	0.854
174	44	30.364	8.963	11	49	30.971	3069	1557	10	8	7.818	7.166	173.441	0.576	1.091	0.917	0.698
175	43	13.884	6.741	2	27	24.728	2563	1572	7	8	8.793	6.227	103.859	0.884	1.412	0.708	0.878
176	66	13.621	5.423	2	25	44.042	1598	1592	11	11	10.907	7.705	34.578	0.428	1.416	0.706	0.677
177	89	14.787	7.751	2	40	86.083	2817	1594	18	15	13.574	8.348	28.078	0.151	1.626	0.615	0.473
178	20	29.250	10.818	8	50	17.899	2142	1612	7	4	7.082	3.596	6.578	0.784	1.969	0.508	0.833
179	17	37.353	11.543	7	53	17.556	1042	1618	6	6	5.649	3.832	135.770	0.693	1.474	0.678	0.708
180	26	24.885	8.928	5	37	21.899	1782	1625	6	7	6.574	5.036	20.863	0.681	1.306	0.766	0.788
181	150	44.860	21.508	4	93	58.527	3207	1626	12	20	19.274	9.909	88.070	0.550	1.945	0.514	0.769
182	53	43.396	17.225	9	85	28.971	2723	1628	9	8	8.988	7.508	34.974	0.794	1.197	0.835	0.848
183	19	25.263	6.806	13	40	17.314	476	1629	4	7	7.224	3.349	112.623	0.796	2.157	0.464	0.844
184	667	19.357	9.684	0	51	141.782	3517	1654	34	34	31.242	27.183	34.204	0.417	1.149	0.870	0.777
185	24	28.375	13.574	5	59	20.142	777	1657	8	5	8.406	3.635	20.597	0.743	2.312	0.432	0.814
186	68	13.574	7.665	2	32	40.627	1125	1658	9	13	13.407	6.458	104.925	0.518	2.076	0.482	0.708
187	48	30.896	13.169	4	63	32.385	2122	1678	12	6	11.589	5.274	178.206	0.575	2.197	0.455	0.768
188	32	17.625	7.512	5	37	21.556	1941	1689	8	6	7.547	5.399	166.509	0.865	1.398	0.715	0.831
189	571	49.107	19.098	4	106	112.125	2665	1707	30	33	32.575	22.318	71.945	0.571	1.460	0.685	0.792
190	46	35.478	11.972	4	59	27.556	2011	1727	9	8	8.769	6.679	148.299	0.761	1.313	0.762	0.786
191	253	29.798	12.897	2	59	74.184	732	1729	22	18	20.382	15.805	14.578	0.578	1.290	0.775	0.806
192	267	76.404	30.432	14	167	67.355	553	1741	23	18	22.548	15.077	166.850	0.740	1.496	0.669	0.860
193	189	40.265	13.190	6	70	56.527	534	1747	16	18	18.437	13.052	64.390	0.743	1.413	0.708	0.859
194	135	43.815	15.281	6	86	47.113	2939	1756	14	15	15.973	10.761	54.185	0.764	1.484	0.674	0.833
195	26	38.154	12.562	16	59	20.728	443	1758	9	4	8.605	3.847	1.271	0.760	2.237	0.447	0.839
196	172	29.558	14.597	2	64	74.083	3006	1761	25	16	25.942	8.442	156.720	0.394	3.073	0.325	0.652
197	49	15.163	8.323	3	34	36.042	2419	1768	12	8	10.316	6.048	9.533	0.474	1.706	0.586	0.685
198	40	50.100	16.083	16	84	24.385	296	1772	9	7	8.229	6.189	30.938	0.845	1.330	0.752	0.842
199	49	32.857	14.639	4	62	26.971	113	1773	8	9	8.110	7.693	56.830	0.846	1.054	0.949	0.831
200	27	17.778	8.833	1	31	24.728	2582	1805	8	6	6.555	5.244	1.710	0.555	1.250	0.800	0.692
201	385	66.912	29.963	2	143	78.083	539	1813	26	22	25.954	18.887	22.710	0.794	1.374	0.728	0.895
202	23	11.913	5.640	2	27	26.142	2212	1823	8	8	7.445	3.934	146.285	0.423	1.893	0.528	0.582
203	106	15.670	7.671	1	34	70.184	2203	1827	18	14	15.983	8.444	152.661	0.270	1.893	0.528	0.579
204	47	16.426	5.111	7	26	36.627	1262	1828	8	12	10.702	5.592	89.484	0.440	1.914	0.523	0.627
205	51	29.392	14.512	6	75	32.042	3339	1850	11	10	12.226	5.311	43.947	0.624	2.302	0.434	0.734
206	211	22.474	10.115	2	49	74.426	1066	1877	19	18	17.589	15.274	29.339	0.479	1.152	0.868	0.774
207	56	18.250	8.041	2	38	38.385	3105	1898	8	12	10.103	7.057	93.139	0.478	1.432	0.699	0.700
208	43	18.767	9.599	5	43	27.213	1067	1904	11	7	10.301	5.315	155.738	0.730	1.938	0.516	0.775
209	30	16.533	8.460	2	34	31.799	940	1907	10	9	9.872	3.869	33.720	0.373	2.551	0.392	0.545
210	614	63.195	30.334	2	157	102.811	1555	1909	39	23	36.389	21.484	170.035	0.730	1.694	0.590	0.896
211	30	35.600	14.119	12	66	21.314	2754	1920	8	5	7.891	4.841	168.945	0.830	1.630	0.613	0.857
212	96	24.927	11.020	3	48	49.698	2657	1931	14	16	17.081	7.156	49.236	0.488	2.387	0.419	0.722
213	496	35.399	15.487	1	80	102.225	3082	1936	28	30	34.474	18.319	48.314	0.596	1.882	0.531	0.823
214	68	39.044	16.926	7	79	34.385	1398	1939	11	10	12.899	6.712	44.026	0.723	1.922	0.520	0.814
215	16	32.250	9.096	18	58	14.485	488	1947	5	4	5.486	3.714	173.846	0.958	1.477	0.677	0.889
216	23	30.783	12.562	5	50	18.728	60	1948	7	5	6.978	4.197	158.957	0.824	1.663	0.601	0.836
217	64	64.109	17.945	22	112	34.627	218	1954	11	9	10.955	7.439	169.058	0.671	1.473	0.679	0.795
218	44	10.886	6.150	1	30	31.556	927	1958	9	9	9.449	5.929	125.950	0.555	1.594	0.627	0.698
219	21	16.286	8.229	6	32	16.485	2945	1977	6	4	6.357	4.206	162.791	0.971	1.512	0.662	0.933
220	2810	43.432	19.975	0	107	301.948	3675	1991	69	74	65.160	54.908	110.738	0.387	1.187	0.843	0.790
221	41	52.780	13.602	15	85	25.314	808	1993	9	6	9.237	5.652	170.730	0.804	1.634	0.612	0.872
222	91	48.033	22.824	4	95	36.385	2740	1994	13	9	13.967	8.295	166.164	0.864	1.684	0.594	0.901
223	26	32.192	11.482	18	55	26.728	2256	2020	12	4	10.501	3.153	168.014	0.457	3.331	0.300	0.754
224	34	27.882	13.644	1	55	23.314	407	2021	8	6	8.134	5.322	31.918	0.786	1.528	0.654	0.850
225	37	20.595	8.552	4	39	29.556	3421	2023	11	6	9.115	5.168	161.325	0.532	1.764	0.567	0.718
226	58	38.293	16.114	5	69	33.799	2971	2060	11	8	11.170	6.612	14.791	0.638	1.689	0.592	0.795
227	18	21.722	10.098	5	41	22.728	2628	2063	8	6	7.538	3.040	154.889	0.438	2.479	0.403	0.562
228	19	25.684	8.794	9	39	15.899	3572	2071	6	4	6.589	3.672	156.981	0.944	1.795	0.557	0.905
229	16	30.625	15.401	1	53	15.314	782	2072	6	4	5.980	3.407	155.157	0.857	1.755	0.570	0.821
230	185	38.714	15.145	3	82	55.698	2903	2073	17	17	18.569	12.685	33.478	0.749	1.464	0.683	0.855
231	385	33.132	16.754	1	92	104.569	3689	2073	42	18	34.115	14.369	175.726	0.442	2.374	0.421	0.745
232	22	20.955	8.566	2	32	17.071	3488	2095	6	4	6.373	4.396	10.293	0.949	1.450	0.690	0.957
233	87	15.540	9.209	0	44	75.355	1492	2103	17	12	14.376	7.705	166.828	0.193	1.866	0.536	0.490
234	324	31.599	11.618	4	64	80.426	2617	2103	20	23	23.084	17.871	107.925	0.629	1.292	0.774	0.854
235	28	27.036	8.435	4	38	21.556	1204	2115	9	5	8.903	4.004	170.589	0.757	2.223	0.450	0.789
236	59	44.356	15.248	11	81	28.971	150	2127	10	8	9.623	7.806	154.937	0.883	1.233	0.811	0.874
237	869	52.597	25.329	2	136	178.752	1963	2149	68	28	62.848	17.605	16.517	0.342	3.570	0.280	0.724
238	46	32.043	11.508	4	53	26.971	2566	2154	9	8	8.269	7.083	53.688	0.795	1.168	0.856	0.800
239	128	29.609	11.808	6	71	45.456	1722	2167	15	12	13.913	11.714	9.437	0.778	1.188	0.842	0.862
240	77	17.571	8.233	1	36	53.698	1539	2194	14	13	11.542	8.494	112.041	0.336	1.359	0.736	0.604
241	527	65.808	26.461	4	158	95.397	2905	2195	35	24	34.679	19.349	22.507	0.728	1.792	0.558	0.883
242	19	17.316	7.703	3	29	18.142	2186	2218	5	7	6.518	3.712	120.523	0.725	1.756	0.569	0.745
243	17	25.118	8.410	12	38	16.728	1623	2224	5	6	5.145	4.207	113.368	0.763	1.223	0.818	0.756
244	30	26.100	10.949	2	50	22.485	2397	2241	9	4	9.421	4.055	177.064	0.746	2.324	0.430	0.909
245	990	53.881	26.427	1	130	156.510	569	2259	47	40	42.602	29.588	29.538	0.508	1.440	0.695	0.795
246	253	62.779	18.735	4	108	65.113	43	2269	19	19	19.189	16.788	154.827	0.750	1.143	0.875	0.868
247	45	38.156	10.135	13	58	25.314	2259	2287	8	7	8.451	6.780	36.797	0.882	1.246	0.802	0.900
248	84	28.393	13.422	4	59	39.799	2093	2293	12	10	12.284	8.707	12.276	0.666	1.411	0.709	0.812
249	26	19.269	10.657	4	42	19.314	229	2295	5	7	6.668	4.965	77.340	0.876	1.343	0.745	0.867
250	30	28.967	12.322	2	55	26.385	1417	2296	8	7	6.754	5.655	17.126	0.542	1.194	0.837	0.667
251	145	83.124	23.450	11	130	47.698	374	2302	16	14	14.770	12.500	171.722	0.801	1.182	0.846	0.861
252	155	52.019	17.772	9	101	51.113	2429	2306	17	15	15.704	12.567	8.094	0.746	1.250	0.800	0.864
253	76	20.842	9.756	1	47	37.213	3080	2306	11	11	12.384	7.814	41.176	0.690	1.585	0.631	0.804
254	140	54.707	18.516	4	103	47.698	1797	2331	14	16	15.699	11.355	108.175	0.773	1.383	0.723	0.848
255	25	25.560	7.349	10	35	19.314	2519	2349	6	6	6.601	4.822	65.556	0.842	1.369	0.730	0.833
256	21	13.429	5.546	2	23	23.314	1320	2365	5	9	8.189	3.265	101.130	0.486	2.508	0.399	0.636
257	34	17.588	9.664	4	38	23.799	2464	2369	7	8	7.253	5.969	66.749	0.754	1.215	0.823	0.773
258	21	34.667	9.172	11	45	19.556	129	2383	7	6	5.341	5.007	134.998	0.690	1.067	0.937	0.700
259	566	39.613	17.420	3	108	122.811	1061	2383	39	27	33.950	21.227	168.803	0.472	1.599	0.625	0.781
260	51	34.882	12.301	9	60	31.799	2235	2395	10	9	9.539	6.807	173.302	0.634	1.401	0.714	0.734
261	302	23.510	10.285	2	52	92.811	194	2400	27	25	28.745	13.377	41.405	0.441	2.149	0.465	0.710
262	78	24.167	10.379	4	48	37.213	2181	2411	12	11	11.157	8.902	133.721	0.708	1.253	0.798	0.796
263	16	15.188	6.156	4	26	14.485	266	2418	4	5	5.186	3.928	124.419	0.958	1.320	0.758	0.914
264	22	30.955	12.097	6	52	20.142	2310	2421	6	7	5.866	4.775	137.842	0.681	1.228	0.814	0.698
265	25	28.720	9.572	10	47	20.142	3452	2434	7	6	7.205	4.418	33.031	0.774	1.631	0.613	0.806
266	40	24.250	8.252	5	43	23.556	254	2450	8	7	8.333	6.112	158.024	0.906	1.363	0.733	0.870
267	42	19.833	8.996	1	39	30.971	1211	2450	6	13	11.128	4.806	77.243	0.550	2.315	0.432	0.750
268	22	28.682	12.292	5	45	20.971	994	2459	5	8	7.201	3.890	105.531	0.629	1.851	0.540	0.746
269	165	44.636	15.649	6	84	51.456	2045	2470	18	13	17.146	12.253	168.347	0.783	1.399	0.715	0.875
270	39	23.051	12.006	9	60	25.799	898	2489	10	6	8.915	5.570	0.299	0.736	1.601	0.625	0.788
271	580	51.819	22.919	5	123	114.711	2184	2489	32	32	33.882	21.795	52.598	0.554	1.555	0.643	0.793
272	22	13.682	6.144	2	25	17.899	113	2495	5	6	5.700	4.914	62.946	0.863	1.160	0.862	0.846
273	406	20.847	9.879	0	46	110.811	3741	2495	26	29	27.630	18.709	118.975	0.415	1.477	0.677	0.757
274	151	32.179	13.909	3	65	51.456	1987	2503	13	18	16.823	11.428	88.994	0.717	1.472	0.679	0.830
275	165	48.691	14.301	7	85	52.284	3111	2504	15	17	16.423	12.792	117.776	0.758	1.284	0.779	0.855
276	75	64.707	17.678	10	96	35.213	3947	2508	12	10	11.135	8.576	28.822	0.760	1.298	0.770	0.824
277	1874	39.361	18.678	0	98	207.480	2347	2513	68	45	60.783	39.255	170.640	0.547	1.548	0.646	0.880
278	19	17.895	7.534	4	31	16.485	1602	2527	4	6	5.920	4.086	67.059	0.879	1.449	0.690	0.905
279	129	57.698	15.712	17	90	46.042	1688	2546	14	13	14.067	11.676	20.141	0.765	1.205	0.830	0.866
280	38	19.342	8.728	0	35	30.971	452	2550	8	9	8.335	5.805	47.187	0.498	1.436	0.696	0.667
281	22	22.273	7.304	4	33	19.314	3573	2553	7	5	5.935	4.719	22.232	0.741	1.258	0.795	0.800
282	68	33.662	14.180	4	62	31.799	2218	2592	10	10	9.464	9.148	151.881	0.845	1.035	0.967	0.855
283	17	15.412	6.305	3	29	17.899	2297	2595	4	7	5.824	3.716	74.205	0.667	1.567	0.638	0.773
284	61	15.967	8.436	2	38	35.213	1624	2654	11	11	9.586	8.102	136.916	0.618	1.183	0.845	0.731
285	36	33.139	12.449	11	64	23.799	2195	2655	9	7	7.682	5.967	24.021	0.799	1.288	0.777	0.783
286	20	30.500	6.955	18	45	19.314	283	2667	7	4	7.327	3.475	9.859	0.674	2.108	0.474	0.769
287	385	39.548	17.567	2	89	83.255	706	2667	27	22	25.641	19.117	2.826	0.698	1.341	0.746	0.857
288	66	28.591	11.676	8	55	41.113	636	2674	15	10	12.385	6.785	21.757	0.491	1.825	0.548	0.684
289	35	35.057	13.034	11	62	22.728	2160	2686	7	7	7.450	5.982	4.720	0.851	1.245	0.803	0.843
290	78	48.615	14.409	7	80	35.556	3991	2699	8	13	11.984	8.287	85.034	0.775	1.446	0.691	0.891
291	316	45.497	17.097	5	88	94.326	2233	2702	27	26	24.579	16.369	49.350	0.446	1.502	0.666	0.729
292	25	36.200	12.573	19	63	19.314	3396	2704	6	6	6.273	5.075	158.607	0.842	1.236	0.809	0.833
293	16	26.500	9.764	1	39	14.728	1637	2711	5	5	5.098	3.996	33.889	0.927	1.276	0.784	0.821
294	88	36.557	12.776	7	62	38.870	3325	2777	14	11	13.222	8.474	26.279	0.732	1.560	0.641	0.815
295	20	31.850	9.422	11	46	16.728	3490	2786	5	6	5.849	4.354	64.330	0.898	1.343	0.744	0.816
296	117	63.162	15.949	7	99	42.042	1875	2795	14	12	12.824	11.616	18.663	0.832	1.104	0.906	0.860
297	75	29.480	9.124	11	53	34.385	1323	2798	11	10	11.358	8.407	19.747	0.797	1.351	0.740	0.829
298	40	46.650	11.542	17	65	24.385	193	2802	9	7	8.025	6.347	15.622	0.845	1.264	0.791	0.800
299	74	17.878	7.104	1	31	38.870	463	2820	12	13	10.326	9.124	83.564	0.615	1.132	0.884	0.725
300	224	34.531	15.824	2	72	73.941	3025	2822	25	19	27.616	10.327	29.176	0.515	2.674	0.374	0.782
301	120	35.825	14.946	4	66	59.941	1394	2825	19	17	20.348	7.509	35.651	0.420	2.710	0.369	0.694
302	23	31.826	10.744	12	47	17.899	1595	2828	7	4	7.774	3.767	165.806	0.902	2.064	0.485	0.902
303	306	59.448	24.869	11	118	78.669	2083	2828	28	19	26.190	14.876	154.699	0.621	1.760	0.568	0.834
304	886	32.328	14.688	2	79	139.439	3412	2831	41	34	41.983	26.870	152.148	0.573	1.562	0.640	0.842
305	21	18.571	10.975	3	44	17.314	3511	2852	6	5	6.066	4.408	17.577	0.880	1.376	0.727	0.840
306	83	50.157	12.963	9	73	35.556	66	2865	11	10	11.708	9.026	146.646	0.825	1.297	0.771	0.897
307	103	40.728	14.492	7	65	42.284	3471	2876	14	13	14.207	9.231	149.729	0.724	1.539	0.650	0.805
308	263	14.106	6.555	0	32	68.284	3177	2881	19	18	18.893	17.725	174.789	0.709	1.066	0.938	0.880
309	61	15.787	7.097	3	32	37.799	1432	2886	12	11	9.040	8.592	134.949	0.537	1.052	0.950	0.667
310	79	50.038	13.475	8	88	37.456	1533	2892	11	12	11.201	8.980	57.793	0.708	1.247	0.802	0.802
311	36	25.917	10.699	8	54	23.799	3483	2896	9	6	8.896	5.152	10.247	0.799	1.727	0.579	0.818
312	45	25.244	12.015	5	52	31.556	446	2897	9	10	10.087	5.680	58.608	0.568	1.776	0.563	0.698
313	72	50.014	16.563	15	83	32.870	3105	2898	12	10	10.973	8.354	178.472	0.837	1.313	0.761	0.842
314	32	25.688	9.663	4	40	25.556	2179	2899	7	8	6.699	6.082	160.782	0.616	1.101	0.908	0.703
315	24	29.917	9.695	9	45	19.556	1168	2906	7	6	6.594	4.634	16.637	0.789	1.423	0.703	0.750
316	504	26.478	11.531	0	59	98.569	3235	2921	27	29	26.688	24.045	125.935	0.652	1.110	0.901	0.853
317	123	43.366	20.329	7	87	49.456	733	2926	15	13	12.909	12.132	176.241	0.632	1.064	0.940	0.783
318	52	46.635	15.666	5	71	27.799	449	2936	8	10	9.978	6.635	123.699	0.846	1.504	0.665	0.846
319	847	17.207	8.198	0	49	155.397	24	2975	53	24	49.792	21.659	7.358	0.441	2.299	0.435	0.852
320	144	26.653	15.825	2	71	70.184	407	2977	19	20	20.343	9.013	50.405	0.367	2.257	0.443	0.629
321	19	29.947	13.218	4	52	19.314	1937	2978	8	4	7.861	3.077	10.322	0.640	2.555	0.391	0.760
322	37	28.649	13.555	4	60	26.971	3938	2978	10	7	7.827	6.019	30.387	0.639	1.300	0.769	0.705
323	20	26.050	13.308	2	52	18.142	3392	2993	6	6	5.236	4.864	124.347	0.764	1.077	0.929	0.769
