 	Area	Mean	StdDev	Min	Max	Perim.	BX	BY	Width	Height	Major	Minor	Angle	Circ.	AR	Round	Solidity
1	16	51.688	16.024	31	83	17.314	1128	1	7	4	5.877	3.466	2.829	0.671	1.695	0.590	0.780
2	212	22.292	10.251	1	51	65.841	479	12	20	19	19.102	14.131	51.545	0.615	1.352	0.740	0.788
3	21	13.619	5.324	2	21	20.142	3083	20	8	5	7.691	3.476	20.638	0.650	2.212	0.452	0.689
4	138	55.174	20.165	5	91	58.770	1023	22	19	16	19.258	9.124	35.623	0.502	2.111	0.474	0.756
5	1130	43.313	19.531	2	99	147.439	2394	23	48	37	46.764	30.767	178.239	0.653	1.520	0.658	0.852
6	17	25.353	8.426	6	38	18.728	35	43	5	7	5.761	3.757	76.829	0.609	1.533	0.652	0.694
7	21	17.905	9.348	3	32	17.071	2758	98	5	5	5.736	4.662	71.736	0.906	1.230	0.813	0.913
8	23	24.174	11.808	4	50	28.042	570	99	9	8	9.077	3.226	34.586	0.368	2.813	0.355	0.554
9	94	31.468	15.183	7	63	51.355	3002	104	16	17	21.205	5.644	47.514	0.448	3.757	0.266	0.749
10	199	12.824	6.662	0	38	89.497	2247	113	22	21	17.364	14.592	27.964	0.312	1.190	0.840	0.638
11	269	33.268	12.595	3	68	68.184	3091	134	21	20	20.460	16.740	42.675	0.727	1.222	0.818	0.843
12	35	28.400	11.443	7	52	22.728	1700	155	8	6	9.011	4.945	18.196	0.851	1.822	0.549	0.864
13	36	30.111	14.109	2	61	24.728	1172	157	8	7	8.065	5.684	16.824	0.740	1.419	0.705	0.800
14	1211	32.599	14.391	0	82	209.723	3724	202	63	36	64.972	23.732	19.350	0.346	2.738	0.365	0.805
15	244	45.828	20.350	5	103	67.841	1843	219	21	20	21.425	14.500	37.470	0.666	1.478	0.677	0.831
16	296	49.899	20.942	4	100	84.326	2587	272	22	29	32.736	11.513	57.510	0.523	2.843	0.352	0.817
17	48	21.625	9.791	0	47	36.627	2401	304	13	10	14.247	4.290	39.820	0.450	3.321	0.301	0.696
18	122	14.754	7.727	2	39	88.912	49	318	26	18	19.527	7.955	25.407	0.194	2.455	0.407	0.457
19	40	23.625	12.802	3	57	36.870	1543	322	12	12	15.080	3.377	43.735	0.370	4.465	0.224	0.640
20	27	37.185	14.969	7	63	23.556	3341	361	10	5	10.064	3.416	27.032	0.611	2.946	0.339	0.783
21	98	22.959	9.855	1	48	39.799	363	364	10	14	15.360	8.123	62.735	0.777	1.891	0.529	0.891
22	65	35.846	14.868	5	64	34.870	3414	391	13	10	13.238	6.252	34.371	0.672	2.117	0.472	0.788
23	23	22.304	11.530	4	47	20.971	3754	410	8	6	7.674	3.816	38.932	0.657	2.011	0.497	0.719
24	186	37.597	15.754	2	84	72.184	892	448	27	16	26.629	8.893	24.291	0.449	2.994	0.334	0.764
25	44	16.386	7.490	2	34	29.799	3582	461	8	9	8.380	6.685	57.041	0.623	1.253	0.798	0.721
26	41	25.537	12.305	4	49	32.627	568	472	10	11	11.936	4.374	42.379	0.484	2.729	0.366	0.656
27	58	17.759	9.135	2	40	37.213	3129	473	12	11	11.814	6.251	41.231	0.526	1.890	0.529	0.699
28	176	38.693	18.982	0	90	65.012	977	484	23	18	26.698	8.394	38.011	0.523	3.181	0.314	0.804
29	84	53.833	15.752	5	80	36.385	1367	518	13	9	13.364	8.003	19.628	0.797	1.670	0.599	0.880
30	88	29.023	13.777	3	65	54.527	1841	566	21	10	15.302	7.322	11.987	0.372	2.090	0.479	0.589
31	21	18.381	7.152	5	28	17.314	1474	581	5	6	6.774	3.947	52.222	0.880	1.716	0.583	0.840
32	43	22.884	8.533	0	36	28.627	977	608	10	9	7.836	6.987	161.503	0.659	1.122	0.892	0.705
33	47	40.915	14.426	8	73	27.213	3725	627	10	8	10.962	5.459	31.573	0.798	2.008	0.498	0.810
34	52	10.615	6.165	2	33	58.870	1626	636	15	11	9.403	7.041	45.391	0.189	1.335	0.749	0.481
35	66	31.621	13.471	5	65	36.627	1479	657	13	8	12.150	6.916	10.411	0.618	1.757	0.569	0.790
36	23	18.652	9.599	4	38	24.385	3552	658	8	8	8.057	3.635	127.099	0.486	2.217	0.451	0.613
37	21	18.762	7.765	3	31	25.556	626	685	7	7	5.964	4.483	50.624	0.404	1.330	0.752	0.553
38	58	27.879	14.166	5	58	32.971	1840	716	10	10	11.901	6.205	44.089	0.670	1.918	0.521	0.779
39	100	56.010	22.696	17	99	45.698	1234	761	16	12	17.903	7.112	32.433	0.602	2.517	0.397	0.816
40	28	29.250	13.094	8	48	28.971	2965	772	9	9	9.775	3.647	37.580	0.419	2.680	0.373	0.644
41	64	54.531	20.534	3	93	33.213	2863	785	10	11	12.353	6.596	52.022	0.729	1.873	0.534	0.826
42	925	22.832	11.596	1	69	222.309	3116	831	73	43	80.260	14.674	24.081	0.235	5.469	0.183	0.679
43	30	16.167	8.534	0	38	29.799	1642	870	5	11	10.129	3.771	93.074	0.425	2.686	0.372	0.645
44	50	30.460	12.370	10	59	32.385	3207	880	11	9	12.632	5.040	30.943	0.599	2.506	0.399	0.769
45	27	24.778	8.671	9	39	19.071	2342	907	5	6	6.366	5.400	62.877	0.933	1.179	0.848	0.947
46	123	29.195	10.884	4	63	52.284	523	910	10	19	19.062	8.216	74.850	0.565	2.320	0.431	0.801
47	1118	32.762	16.090	0	98	171.681	2956	973	43	43	44.713	31.836	33.004	0.477	1.405	0.712	0.830
48	162	76.630	32.008	10	145	59.012	3150	994	21	17	23.274	8.862	34.946	0.585	2.626	0.381	0.844
49	504	36.000	18.544	3	90	109.296	544	996	36	30	39.093	16.415	33.596	0.530	2.382	0.420	0.795
50	33	26.848	10.995	6	49	22.728	633	1028	6	8	8.763	4.795	51.471	0.803	1.827	0.547	0.846
51	37	37.459	13.484	10	72	24.971	3063	1031	9	7	10.001	4.711	35.665	0.746	2.123	0.471	0.813
52	100	41.280	18.674	2	87	49.355	782	1065	17	15	20.270	6.281	42.428	0.516	3.227	0.310	0.735
53	35	27.743	11.364	7	47	26.385	2824	1071	10	7	11.325	3.935	33.629	0.632	2.878	0.347	0.787
54	25	24.840	12.072	2	43	27.213	660	1075	9	9	9.427	3.377	47.111	0.424	2.792	0.358	0.538
55	151	13.675	7.021	2	38	72.669	1120	1105	19	17	19.009	10.114	44.975	0.359	1.880	0.532	0.686
56	55	33.345	10.373	10	55	27.314	3348	1127	8	8	9.686	7.230	45.211	0.926	1.340	0.746	0.940
57	113	19.628	9.753	2	42	55.113	2987	1136	18	15	19.733	7.291	40.787	0.468	2.706	0.369	0.679
58	48	44.000	17.420	5	95	31.213	3399	1211	11	8	10.867	5.624	34.677	0.619	1.932	0.518	0.768
59	20	29.550	13.121	4	50	18.728	2545	1223	6	6	7.176	3.548	48.965	0.717	2.022	0.494	0.755
60	561	17.257	9.339	0	51	123.882	3696	1258	33	30	34.255	20.852	43.074	0.459	1.643	0.609	0.804
61	30	20.100	7.893	1	36	21.314	852	1270	6	7	7.173	5.325	110.226	0.830	1.347	0.742	0.857
62	16	24.188	8.400	11	37	16.142	2080	1275	5	6	5.286	3.854	62.254	0.772	1.371	0.729	0.744
63	825	45.793	19.785	2	100	124.953	1523	1286	42	30	40.911	25.676	19.823	0.664	1.593	0.628	0.875
64	72	23.125	11.143	4	49	33.799	107	1335	12	9	12.380	7.405	14.128	0.792	1.672	0.598	0.832
65	21	28.571	13.303	2	50	22.142	513	1341	7	7	7.358	3.634	50.374	0.538	2.025	0.494	0.618
66	64	58.734	15.267	18	93	30.971	3396	1363	10	9	11.029	7.389	33.223	0.838	1.493	0.670	0.859
67	135	21.200	10.943	1	48	58.184	1234	1428	15	17	15.348	11.199	56.100	0.501	1.370	0.730	0.720
68	25	15.640	7.680	1	30	23.556	927	1552	6	9	6.547	4.862	79.657	0.566	1.347	0.743	0.667
69	296	19.541	10.319	1	58	83.154	829	1588	23	23	20.375	18.497	49.770	0.538	1.102	0.908	0.773
70	117	45.863	16.721	12	87	45.456	1917	1599	16	12	16.510	9.023	32.225	0.712	1.830	0.547	0.857
71	25	24.600	10.595	7	41	19.556	2495	1602	7	6	7.625	4.175	35.164	0.821	1.827	0.547	0.794
72	103	15.738	8.767	2	56	47.698	1738	1609	16	13	16.314	8.039	39.482	0.569	2.029	0.493	0.757
73	192	57.281	25.145	1	112	65.598	1720	1663	26	15	26.289	9.299	26.931	0.561	2.827	0.354	0.837
74	37	22.811	11.365	5	48	25.314	2646	1678	8	7	8.528	5.524	20.184	0.726	1.544	0.648	0.831
75	630	49.386	23.033	1	117	117.882	3680	1692	42	29	37.569	21.351	27.291	0.570	1.760	0.568	0.834
76	17	10.941	5.344	3	23	19.314	2767	1700	8	4	7.598	2.849	22.364	0.573	2.667	0.375	0.708
77	21	17.381	6.823	4	28	20.142	128	1721	8	5	6.080	4.397	14.335	0.650	1.383	0.723	0.712
78	17	14.353	9.387	2	37	22.971	1897	1747	6	7	7.184	3.013	62.516	0.405	2.385	0.419	0.567
79	31	17.742	7.920	2	33	25.213	1879	1753	8	9	10.577	3.732	51.674	0.613	2.835	0.353	0.689
80	410	18.712	9.047	1	45	106.811	2001	1777	27	25	25.861	20.186	30.148	0.452	1.281	0.781	0.802
81	71	16.690	8.230	0	36	52.284	2676	1799	16	14	15.970	5.661	42.143	0.326	2.821	0.354	0.532
82	560	39.371	19.615	3	105	146.510	1408	1805	51	35	59.404	12.003	33.279	0.328	4.949	0.202	0.761
83	33	23.212	10.258	3	42	27.556	235	1807	8	9	9.238	4.548	38.266	0.546	2.031	0.492	0.673
84	114	46.561	20.005	6	93	48.284	1730	1879	18	12	19.704	7.366	28.925	0.614	2.675	0.374	0.823
85	19	22.737	9.392	7	42	20.142	595	1880	8	5	7.578	3.193	21.384	0.589	2.374	0.421	0.717
86	110	32.436	16.502	2	80	60.870	3152	1913	26	9	26.059	5.375	11.030	0.373	4.849	0.206	0.767
87	317	28.287	13.172	0	65	91.740	1799	1969	24	28	26.843	15.036	50.532	0.473	1.785	0.560	0.764
88	22	22.682	8.909	5	36	18.728	2191	1985	7	5	7.232	3.873	23.324	0.788	1.867	0.536	0.830
89	155	49.413	24.350	4	113	55.941	3950	2004	21	13	19.881	9.926	23.314	0.622	2.003	0.499	0.801
90	40	14.050	8.434	3	38	41.456	2033	2016	13	8	11.154	4.566	19.800	0.292	2.443	0.409	0.537
91	54	17.481	9.187	4	39	32.971	924	2017	8	12	10.944	6.283	85.909	0.624	1.742	0.574	0.771
92	176	27.580	11.347	3	56	61.113	322	2038	22	13	21.280	10.530	12.541	0.592	2.021	0.495	0.815
93	38	13.605	8.461	1	30	24.142	2718	2044	7	8	8.426	5.742	109.448	0.819	1.467	0.681	0.826
94	29	10.724	3.918	3	18	34.971	1361	2049	13	7	8.606	4.291	178.994	0.298	2.006	0.499	0.504
95	110	29.218	14.813	4	68	42.042	814	2140	10	16	15.135	9.254	68.852	0.782	1.636	0.611	0.876
96	372	39.425	19.058	4	93	90.669	558	2148	32	22	30.655	15.451	158.518	0.569	1.984	0.504	0.786
97	97	50.423	20.239	6	98	40.870	2477	2150	16	10	15.235	8.107	23.309	0.730	1.879	0.532	0.833
98	1230	32.380	15.806	0	81	167.924	3612	2157	46	46	49.654	31.540	130.360	0.548	1.574	0.635	0.857
99	107	19.888	10.945	2	52	43.456	2770	2163	13	14	14.005	9.728	56.388	0.712	1.440	0.695	0.805
100	152	40.836	17.694	4	86	60.184	3543	2172	19	19	24.442	7.918	42.810	0.527	3.087	0.324	0.796
101	100	40.710	17.011	5	82	44.042	3114	2179	15	12	16.532	7.701	30.569	0.648	2.147	0.466	0.781
102	37	30.135	11.977	8	64	35.213	2677	2228	13	8	11.121	4.236	20.669	0.375	2.625	0.381	0.612
103	61	40.902	17.927	5	79	31.799	3454	2229	11	9	10.651	7.292	29.128	0.758	1.461	0.685	0.819
104	26	47.538	15.015	18	71	18.728	817	2231	7	5	6.453	5.130	13.718	0.932	1.258	0.795	0.867
105	414	20.396	10.308	0	57	115.640	2498	2259	29	28	32.027	16.459	44.509	0.389	1.946	0.514	0.758
106	17	22.294	9.054	8	41	18.728	410	2276	7	5	7.870	2.750	21.574	0.609	2.861	0.349	0.739
107	49	17.429	7.425	2	32	26.728	3532	2307	7	9	9.584	6.509	91.524	0.862	1.472	0.679	0.899
108	173	22.023	9.022	2	45	79.841	313	2323	29	13	28.419	7.751	10.415	0.341	3.667	0.273	0.653
109	276	54.391	20.819	5	100	72.426	3721	2342	20	22	22.320	15.745	47.877	0.661	1.418	0.705	0.835
110	25	23.200	11.361	8	46	24.971	22	2366	7	9	9.072	3.509	48.092	0.504	2.586	0.387	0.658
111	22	37.182	12.339	16	56	17.899	274	2369	7	4	7.362	3.805	18.689	0.863	1.935	0.517	0.880
112	44	31.818	13.526	9	60	31.213	535	2381	10	9	10.407	5.383	45.643	0.568	1.933	0.517	0.733
113	23	16.261	7.938	1	35	18.142	1262	2386	6	6	6.012	4.871	82.238	0.878	1.234	0.810	0.793
114	1516	30.927	13.926	0	80	176.652	3034	2399	53	46	57.095	33.808	34.464	0.610	1.689	0.592	0.879
115	28	19.571	11.458	2	49	32.627	204	2417	9	9	9.067	3.932	38.408	0.331	2.306	0.434	0.549
116	93	26.237	11.720	5	58	59.355	1449	2447	14	20	18.263	6.484	58.100	0.332	2.817	0.355	0.618
117	36	20.472	10.790	2	43	27.799	221	2600	10	8	10.465	4.380	44.255	0.585	2.389	0.419	0.706
118	179	50.961	20.282	8	98	58.284	2178	2615	20	15	22.348	10.198	24.559	0.662	2.191	0.456	0.865
119	53	28.962	14.316	2	56	35.213	3379	2635	11	10	12.585	5.362	28.879	0.537	2.347	0.426	0.757
120	2270	28.546	13.602	0	87	250.350	2348	2670	83	46	78.916	36.624	16.921	0.455	2.155	0.464	0.865
121	43	40.837	15.952	7	79	24.971	2745	2674	8	8	9.913	5.523	43.919	0.867	1.795	0.557	0.869
122	46	18.674	8.651	3	43	26.971	3376	2691	8	9	8.120	7.213	86.696	0.795	1.126	0.888	0.800
123	1808	23.090	11.025	0	66	219.865	323	2693	57	57	63.727	36.123	42.106	0.470	1.764	0.567	0.859
124	2710	45.619	24.178	0	126	258.936	1096	2694	63	66	71.258	48.422	47.107	0.508	1.472	0.680	0.877
125	343	26.603	11.704	2	63	87.397	908	2696	27	22	26.073	16.750	27.185	0.564	1.557	0.642	0.793
126	97	16.052	8.193	1	39	62.770	2763	2722	18	12	16.148	7.648	29.920	0.309	2.111	0.474	0.636
127	108	56.315	20.882	12	108	39.556	1231	2751	13	10	13.927	9.873	20.013	0.867	1.411	0.709	0.927
128	17	27.647	12.369	8	49	16.728	2830	2756	6	5	6.878	3.147	44.694	0.763	2.186	0.458	0.791
129	28	25.357	10.965	7	41	23.556	1497	2762	8	7	7.384	4.828	41.067	0.634	1.529	0.654	0.691
130	22	19.818	6.974	7	33	21.314	2178	2763	9	4	9.855	2.842	17.148	0.609	3.467	0.288	0.815
131	20	26.450	10.894	9	53	21.556	2018	2773	8	6	8.202	3.105	29.631	0.541	2.642	0.379	0.656
132	58	24.241	12.683	0	60	42.870	969	2779	15	12	16.282	4.536	34.441	0.397	3.590	0.279	0.663
133	197	38.853	15.379	6	72	60.770	1757	2793	21	16	21.816	11.497	31.427	0.670	1.898	0.527	0.833
134	2177	55.131	29.416	3	180	302.392	556	2810	100	59	95.552	29.009	30.118	0.299	3.294	0.304	0.665
135	49	22.102	9.177	5	43	30.142	99	2828	8	9	9.554	6.530	40.419	0.678	1.463	0.683	0.817
136	58	11.690	6.778	2	35	50.284	3431	2863	12	14	10.132	7.289	103.158	0.288	1.390	0.719	0.560
137	642	34.575	17.860	2	91	138.953	2916	2884	37	35	36.979	22.105	137.131	0.418	1.673	0.598	0.717
138	30	15.167	8.530	2	34	24.971	114	2898	7	7	6.386	5.982	31.789	0.605	1.067	0.937	0.714
139	43	11.814	5.156	4	22	28.142	162	2923	7	10	9.796	5.589	114.928	0.682	1.753	0.571	0.789
140	56	25.911	11.295	1	53	27.213	478	2964	9	9	10.012	7.122	41.881	0.950	1.406	0.711	0.882
