 	Area	Mean	StdDev	Min	Max	Perim.	BX	BY	Width	Height	Major	Minor	Angle	Circ.	AR	Round	Solidity
1	705	45.088	19.399	2	112	120.125	1	1	32	33	33.827	26.536	127.811	0.614	1.275	0.784	0.862
2	17	36.059	12.422	17	56	20.485	982	1	9	3	8.867	2.441	177.208	0.509	3.632	0.275	0.791
3	401	33.431	13.116	2	71	94.669	1723	12	26	29	31.775	16.068	133.933	0.562	1.977	0.506	0.825
4	2418	31.435	14.436	1	89	270.392	718	21	48	82	81.069	37.976	111.734	0.416	2.135	0.468	0.883
5	27	13.556	5.720	3	28	30.142	2939	69	8	9	6.920	4.968	20.246	0.373	1.393	0.718	0.551
6	207	28.213	12.156	1	59	75.255	511	78	16	24	20.705	12.729	106.194	0.459	1.627	0.615	0.735
7	933	33.554	18.202	1	100	157.338	2815	80	29	58	56.415	21.057	106.795	0.474	2.679	0.373	0.836
8	258	23.233	11.563	1	54	89.255	153	105	30	19	30.158	10.892	159.116	0.407	2.769	0.361	0.727
9	174	31.954	13.342	4	66	75.255	2211	159	14	31	31.468	7.040	112.359	0.386	4.470	0.224	0.789
10	50	27.940	9.277	4	44	29.213	3618	195	9	10	8.498	7.492	150.430	0.736	1.134	0.882	0.763
11	89	22.640	11.790	0	53	45.213	248	206	11	16	14.079	8.049	118.471	0.547	1.749	0.572	0.742
12	1093	47.059	22.749	2	108	162.267	2743	207	33	61	63.968	21.756	112.061	0.522	2.940	0.340	0.897
13	30	33.200	14.082	2	53	19.899	3598	217	7	5	7.442	5.133	177.032	0.952	1.450	0.690	0.923
14	301	38.289	18.065	3	84	90.669	2051	264	17	35	34.206	11.204	106.809	0.460	3.053	0.328	0.796
15	1066	49.776	22.733	1	117	163.196	3811	264	49	36	49.050	27.671	157.730	0.503	1.773	0.564	0.856
16	48	23.938	9.905	5	48	29.799	1664	294	9	10	9.995	6.115	134.616	0.679	1.635	0.612	0.768
17	143	24.049	11.773	2	60	67.941	2633	346	11	28	27.086	6.722	106.667	0.389	4.029	0.248	0.755
18	4957	34.554	18.710	0	107	437.831	2080	349	95	138	146.626	43.045	122.634	0.325	3.406	0.294	0.837
19	57	21.035	10.092	4	41	32.042	3843	356	11	10	8.737	8.307	65.929	0.698	1.052	0.951	0.745
20	2226	13.449	7.501	0	56	583.754	1643	392	44	111	99.198	28.571	100.942	0.082	3.472	0.288	0.650
21	96	12.760	6.935	1	34	78.083	3473	393	13	30	26.587	4.597	110.879	0.198	5.783	0.173	0.526
22	50	15.020	7.676	2	37	38.627	3103	434	9	13	12.722	5.004	113.401	0.421	2.542	0.393	0.654
23	28	15.214	7.515	1	29	21.556	1327	449	7	7	7.920	4.501	144.349	0.757	1.759	0.568	0.767
24	74	20.595	9.389	3	45	47.698	3762	459	8	17	16.189	5.820	101.621	0.409	2.782	0.360	0.679
25	20	18.750	7.629	4	33	18.728	1553	461	6	6	6.558	3.883	130.350	0.717	1.689	0.592	0.769
26	18	10.722	5.819	0	26	29.799	1671	505	9	7	6.201	3.696	157.150	0.255	1.678	0.596	0.396
27	85	51.282	19.085	10	100	38.627	412	554	12	12	14.952	7.238	133.594	0.716	2.066	0.484	0.837
28	105	11.952	6.285	0	29	53.698	345	593	13	17	16.537	8.084	119.866	0.458	2.046	0.489	0.680
29	708	42.285	19.970	1	113	147.681	2764	604	30	51	49.161	18.337	117.801	0.408	2.681	0.373	0.815
30	32	18.906	10.167	4	42	24.728	1746	606	5	10	9.883	4.123	102.288	0.658	2.397	0.417	0.821
31	313	24.958	13.122	0	59	86.912	1386	620	27	22	27.519	14.482	144.693	0.521	1.900	0.526	0.780
32	29	13.034	8.517	2	38	33.456	1114	672	7	12	9.773	3.778	104.214	0.326	2.586	0.387	0.527
33	80	22.150	9.420	5	49	37.213	3730	680	10	13	12.534	8.126	95.515	0.726	1.542	0.648	0.804
34	419	20.301	9.838	1	50	104.811	2795	685	26	28	25.429	20.979	108.670	0.479	1.212	0.825	0.794
35	16	10.000	4.590	5	20	18.728	3585	703	5	7	6.629	3.073	120.595	0.573	2.157	0.464	0.667
36	533	23.645	12.101	1	62	128.125	1563	754	32	33	34.042	19.936	125.948	0.408	1.708	0.586	0.775
37	23	14.565	5.845	4	24	22.142	3136	754	7	7	6.108	4.794	50.249	0.590	1.274	0.785	0.657
38	22	14.909	7.739	2	29	19.071	3203	763	6	5	5.989	4.677	128.038	0.760	1.280	0.781	0.846
39	17	14.353	6.642	3	30	15.556	2189	787	6	5	6.058	3.573	146.139	0.883	1.695	0.590	0.756
40	103	12.136	6.314	1	30	113.397	2199	794	24	28	20.282	6.466	119.662	0.101	3.137	0.319	0.275
41	74	19.027	7.755	1	42	40.627	3961	820	11	12	11.055	8.523	91.617	0.563	1.297	0.771	0.740
42	23	10.478	6.381	1	22	21.314	2217	825	7	6	6.178	4.740	61.160	0.636	1.303	0.767	0.708
43	35	27.400	12.301	3	49	29.213	2653	826	11	8	11.082	4.021	139.691	0.515	2.756	0.363	0.693
44	98	32.582	12.525	5	62	42.042	1525	828	14	12	14.016	8.902	144.309	0.697	1.574	0.635	0.817
45	65	12.723	6.765	2	29	60.284	2219	841	13	14	11.682	7.084	70.798	0.225	1.649	0.606	0.478
46	32	19.125	7.174	7	33	24.971	3443	848	9	7	10.321	3.948	151.242	0.645	2.615	0.382	0.744
47	33	11.030	4.674	1	24	40.385	2203	851	11	12	8.311	5.055	34.709	0.254	1.644	0.608	0.402
48	625	29.982	15.509	0	77	132.953	1229	852	39	29	37.760	21.075	156.557	0.444	1.792	0.558	0.790
49	111	28.910	12.224	4	62	49.456	3630	876	13	16	15.528	9.102	121.749	0.570	1.706	0.586	0.745
50	424	36.064	16.232	2	93	102.711	3699	919	26	29	28.698	18.812	120.295	0.505	1.526	0.656	0.768
51	93	35.978	15.293	1	75	40.870	249	922	13	12	12.010	9.860	21.879	0.700	1.218	0.821	0.802
52	35	32.714	12.762	8	61	22.142	2509	924	8	6	7.782	5.726	179.238	0.897	1.359	0.736	0.854
53	28	15.286	8.286	4	43	25.556	243	930	7	9	9.384	3.799	133.316	0.539	2.470	0.405	0.651
54	51	13.471	9.498	0	36	46.870	3489	954	12	13	11.113	5.843	29.750	0.292	1.902	0.526	0.500
55	137	56.401	20.862	10	104	49.698	2923	956	17	14	17.820	9.789	157.185	0.697	1.820	0.549	0.815
56	55	11.564	6.596	2	30	63.598	3494	964	11	19	12.365	5.663	98.765	0.171	2.183	0.458	0.379
57	23	20.391	9.019	5	39	18.728	325	978	5	7	7.714	3.796	118.045	0.824	2.032	0.492	0.807
58	158	12.842	6.136	0	29	121.882	3499	980	19	29	20.292	9.914	83.522	0.134	2.047	0.489	0.425
59	295	12.539	6.750	0	33	167.581	3512	1005	23	33	28.198	13.320	109.487	0.132	2.117	0.472	0.523
60	134	32.358	14.201	4	70	53.113	468	1030	19	14	16.959	10.060	154.974	0.597	1.686	0.593	0.775
61	307	20.068	10.788	2	60	82.426	20	1065	16	30	28.212	13.855	103.753	0.568	2.036	0.491	0.852
62	585	16.229	8.662	0	52	154.267	3273	1074	38	31	29.571	25.188	178.077	0.309	1.174	0.852	0.731
63	969	30.929	14.938	1	83	194.894	3162	1088	51	33	50.654	24.357	156.963	0.321	2.080	0.481	0.789
64	94	22.181	9.171	5	42	44.870	981	1091	15	13	14.142	8.463	145.179	0.587	1.671	0.598	0.740
65	158	28.025	11.808	3	58	55.598	3798	1096	17	17	20.396	9.863	131.252	0.642	2.068	0.484	0.843
66	70	28.357	13.322	2	58	41.456	2078	1149	12	14	15.801	5.641	137.905	0.512	2.801	0.357	0.714
67	117	20.179	11.042	2	50	56.770	1067	1196	19	15	17.906	8.319	144.401	0.456	2.152	0.465	0.703
68	319	34.467	17.918	1	84	109.640	95	1226	31	30	39.058	10.399	140.005	0.333	3.756	0.266	0.688
69	292	55.753	21.262	5	111	77.497	3491	1291	28	19	26.483	14.039	155.063	0.611	1.886	0.530	0.831
70	78	15.628	6.394	3	31	49.113	3331	1295	13	13	12.426	7.992	134.534	0.406	1.555	0.643	0.634
71	671	62.702	27.437	3	133	119.054	2674	1299	34	35	40.057	21.328	127.069	0.595	1.878	0.532	0.854
72	135	30.481	13.742	5	81	80.083	419	1323	24	21	27.178	6.325	142.320	0.265	4.297	0.233	0.626
73	125	24.144	10.953	3	58	52.527	891	1332	15	18	15.068	10.563	117.866	0.569	1.426	0.701	0.744
74	35	13.543	7.594	1	28	41.456	3820	1339	8	12	8.213	5.426	89.006	0.256	1.514	0.661	0.515
75	49	44.408	19.675	8	91	27.213	1348	1365	9	9	8.314	7.504	140.600	0.831	1.108	0.903	0.797
76	32	14.656	6.131	3	29	21.314	201	1367	7	6	7.616	5.350	144.571	0.885	1.424	0.702	0.877
77	33	21.515	11.880	3	41	24.971	493	1373	9	6	8.472	4.959	12.748	0.665	1.708	0.585	0.759
78	133	39.376	15.875	11	79	56.770	1318	1376	15	18	19.386	8.735	122.406	0.519	2.219	0.451	0.758
79	3916	36.719	22.093	0	141	376.818	1420	1384	65	114	105.363	47.322	114.074	0.347	2.226	0.449	0.852
80	381	52.890	17.946	4	95	95.497	580	1408	25	24	25.554	18.983	143.250	0.525	1.346	0.743	0.808
81	64	25.625	10.685	6	55	34.627	1251	1412	10	12	10.840	7.517	118.029	0.671	1.442	0.693	0.766
82	17	11.412	5.245	5	22	16.485	1346	1425	5	5	5.692	3.803	65.674	0.786	1.497	0.668	0.810
83	122	23.402	12.890	2	50	56.770	2098	1427	20	13	18.307	8.485	155.155	0.476	2.157	0.464	0.701
84	1140	36.757	19.827	2	107	184.652	3934	1432	49	52	46.870	30.968	127.218	0.420	1.513	0.661	0.738
85	179	13.832	6.689	1	33	92.669	3576	1442	22	24	26.400	8.633	136.559	0.262	3.058	0.327	0.599
86	116	53.819	17.934	11	96	44.870	11	1462	15	13	16.870	8.755	146.052	0.724	1.927	0.519	0.862
87	31	31.613	12.821	2	53	20.971	456	1503	7	7	8.286	4.764	138.221	0.886	1.739	0.575	0.816
88	270	33.233	14.651	3	72	75.497	1010	1526	20	21	22.695	15.148	134.135	0.595	1.498	0.667	0.827
89	886	40.492	21.249	1	112	188.551	2977	1530	54	44	59.623	18.920	145.444	0.313	3.151	0.317	0.754
90	99	40.707	14.913	8	73	48.284	644	1534	16	12	16.260	7.752	161.209	0.534	2.097	0.477	0.725
91	17	28.294	11.639	12	47	15.899	3392	1546	6	4	6.138	3.527	150.720	0.845	1.740	0.575	0.850
92	54	31.093	15.187	5	71	38.870	3892	1612	12	13	17.035	4.036	129.428	0.449	4.221	0.237	0.688
93	47	23.255	12.084	5	56	32.385	2667	1634	12	7	12.153	4.924	152.884	0.563	2.468	0.405	0.758
94	74	42.919	19.575	6	84	50.284	2438	1646	17	12	16.641	5.662	153.772	0.368	2.939	0.340	0.624
95	217	39.599	15.000	1	75	73.012	1352	1654	19	24	27.031	10.221	120.695	0.512	2.645	0.378	0.792
96	14496	21.823	11.756	0	75	838.891	1163	1661	166	210	230.648	80.022	131.394	0.259	2.882	0.347	0.850
97	64	50.641	17.147	17	103	32.971	516	1676	9	11	11.984	6.799	115.158	0.740	1.763	0.567	0.831
98	2110	53.024	30.484	0	160	233.765	1730	1730	69	62	80.599	33.332	146.642	0.485	2.418	0.414	0.854
99	43	17.767	10.759	0	46	45.113	2712	1735	15	9	11.573	4.731	153.969	0.266	2.446	0.409	0.509
100	58	25.345	12.065	1	60	36.042	2929	1736	11	12	14.418	5.122	139.300	0.561	2.815	0.355	0.720
101	11155	15.269	8.508	0	61	1284.379	1641	1762	102	333	318.730	44.561	103.313	0.085	7.153	0.140	0.787
102	228	32.404	14.737	3	73	77.598	1592	1766	27	16	23.197	12.514	179.686	0.476	1.854	0.539	0.748
103	1008	52.641	29.003	2	150	165.238	2684	1773	51	39	48.474	26.477	150.750	0.464	1.831	0.546	0.826
104	62	31.742	13.095	6	74	31.213	748	1814	11	9	10.933	7.220	145.488	0.800	1.514	0.660	0.827
105	37	23.135	9.781	10	49	26.971	300	1815	8	8	7.256	6.493	165.542	0.639	1.118	0.895	0.725
106	163	76.595	30.362	12	149	63.598	1405	1870	20	20	25.376	8.178	139.461	0.506	3.103	0.322	0.758
107	183	13.273	6.997	1	34	83.012	609	1883	21	20	16.441	14.172	125.224	0.334	1.160	0.862	0.631
108	18	18.722	9.963	8	44	17.314	619	1905	5	6	5.480	4.182	102.740	0.755	1.310	0.763	0.783
109	361	29.687	16.415	2	82	106.912	3703	1929	41	22	42.073	10.925	158.404	0.397	3.851	0.260	0.763
110	109	19.092	9.397	4	50	58.770	912	1936	19	13	18.433	7.529	156.836	0.397	2.448	0.408	0.690
111	468	43.370	21.482	2	118	133.539	3564	1938	49	24	51.554	11.558	160.877	0.330	4.460	0.224	0.730
112	17	18.647	12.186	5	43	18.142	601	1956	6	6	7.468	2.899	131.769	0.649	2.576	0.388	0.708
113	1286	45.374	21.232	2	120	215.865	1106	1978	56	52	62.078	26.376	140.646	0.347	2.354	0.425	0.709
114	52	9.865	6.152	1	31	33.799	773	1985	9	12	10.680	6.199	121.737	0.572	1.723	0.580	0.717
115	26	17.269	9.102	1	40	24.142	462	1995	8	6	8.031	4.122	154.624	0.561	1.948	0.513	0.703
116	48	20.396	9.012	0	39	32.142	1531	2003	11	8	10.890	5.612	153.938	0.584	1.941	0.515	0.738
117	11173	42.772	29.454	0	155	643.411	957	2006	143	150	120.957	117.612	117.520	0.339	1.028	0.972	0.768
118	26	15.385	5.375	7	28	23.556	680	2048	7	7	6.541	5.061	109.972	0.589	1.292	0.774	0.684
119	33	13.303	5.693	2	28	30.728	685	2070	9	9	8.966	4.686	151.469	0.439	1.913	0.523	0.579
120	22	15.636	7.048	1	27	26.142	695	2071	8	7	7.672	3.651	136.958	0.405	2.101	0.476	0.537
121	17	11.765	5.286	3	21	15.899	1733	2084	5	5	6.150	3.520	138.523	0.845	1.747	0.572	0.810
122	3853	42.014	22.864	0	123	451.245	3066	2160	132	78	130.681	37.540	155.429	0.238	3.481	0.287	0.761
123	22	19.500	6.574	2	30	18.142	3799	2171	7	5	7.119	3.935	151.215	0.840	1.809	0.553	0.800
124	450	53.531	25.564	2	125	115.154	2534	2192	32	26	28.414	20.165	158.386	0.426	1.409	0.710	0.775
125	2581	17.182	9.348	0	58	324.434	2361	2197	72	72	78.972	41.613	134.279	0.308	1.898	0.527	0.819
126	1273	33.498	17.917	0	94	381.019	1928	2198	45	156	155.310	10.436	105.416	0.110	14.882	0.067	0.708
127	102	28.657	14.370	3	76	51.213	3297	2198	20	8	19.669	6.603	173.352	0.489	2.979	0.336	0.756
128	2002	43.465	26.115	1	144	287.078	454	2260	56	108	113.913	22.377	114.570	0.305	5.091	0.196	0.828
129	276	18.228	9.521	1	48	108.225	1296	2293	15	41	36.384	9.659	102.490	0.296	3.767	0.265	0.709
130	29	13.448	5.117	3	23	29.213	3459	2339	9	10	12.396	2.979	124.938	0.427	4.161	0.240	0.592
131	393	56.018	23.824	2	113	99.841	1	2348	24	28	29.886	16.743	132.317	0.495	1.785	0.560	0.808
132	354	35.500	15.842	1	76	101.397	2778	2356	27	33	33.318	13.528	129.505	0.433	2.463	0.406	0.754
133	154	45.656	17.482	5	90	55.941	1780	2362	16	18	18.939	10.353	138.613	0.618	1.829	0.547	0.802
134	1741	49.151	28.810	0	163	190.894	440	2364	59	44	54.815	40.440	166.647	0.600	1.355	0.738	0.887
135	99	26.848	14.348	1	63	58.184	2626	2364	16	15	16.794	7.506	146.799	0.367	2.238	0.447	0.641
136	24	12.667	6.774	2	30	23.314	2561	2384	4	10	9.061	3.372	102.669	0.555	2.687	0.372	0.762
137	19	13.421	5.919	4	24	16.728	1083	2402	5	6	5.887	4.109	101.943	0.853	1.433	0.698	0.776
138	17	18.765	6.350	7	33	19.314	2353	2413	5	7	5.283	4.097	107.883	0.573	1.290	0.775	0.654
139	295	54.980	26.979	5	125	92.912	1122	2463	27	29	30.976	12.126	133.317	0.429	2.555	0.391	0.740
140	572	16.537	8.393	1	50	146.610	3210	2479	28	42	37.382	19.482	118.728	0.334	1.919	0.521	0.769
141	1124	46.440	24.685	1	121	162.752	1167	2490	39	54	56.287	25.426	113.222	0.533	2.214	0.452	0.828
142	30	36.133	14.105	8	64	21.556	2902	2549	7	7	8.398	4.548	129.975	0.811	1.846	0.542	0.811
143	40	18.325	7.737	2	35	24.971	3991	2557	8	8	8.649	5.888	122.014	0.806	1.469	0.681	0.825
144	36	18.528	8.581	2	39	25.799	3551	2570	8	8	8.493	5.397	131.652	0.680	1.574	0.635	0.750
145	9798	26.817	14.383	0	89	703.411	1642	2577	114	165	168.200	74.169	120.492	0.249	2.268	0.441	0.830
146	171	16.550	8.117	1	42	96.912	1626	2599	14	31	22.198	9.808	99.032	0.229	2.263	0.442	0.584
147	47	42.532	18.818	7	83	30.385	1119	2600	11	8	10.847	5.517	157.415	0.640	1.966	0.509	0.752
148	26	14.423	8.377	2	35	26.142	717	2622	6	10	8.817	3.754	120.499	0.478	2.348	0.426	0.675
149	122	27.967	12.780	4	59	55.698	811	2634	11	19	18.269	8.503	105.662	0.494	2.149	0.465	0.770
150	6114	42.488	29.683	0	147	459.931	978	2644	110	102	103.970	74.873	16.698	0.363	1.389	0.720	0.741
151	349	49.275	20.712	6	127	93.983	826	2655	25	29	30.820	14.418	114.422	0.497	2.138	0.468	0.750
152	582	44.038	20.874	2	123	139.296	2227	2666	46	28	47.444	15.619	161.159	0.377	3.038	0.329	0.748
153	2196	27.684	14.629	0	92	511.630	2038	2705	36	190	178.256	15.685	98.851	0.105	11.364	0.088	0.699
154	360	51.628	21.444	1	116	86.326	1580	2708	31	22	31.626	14.493	150.305	0.607	2.182	0.458	0.828
155	88	36.284	16.309	7	79	50.284	2384	2712	10	18	16.315	6.867	115.931	0.437	2.376	0.421	0.698
156	92	40.609	19.193	3	94	37.456	160	2766	12	12	12.585	9.308	129.870	0.824	1.352	0.740	0.840
157	35	25.486	12.946	2	53	25.799	3821	2776	9	8	10.379	4.294	134.635	0.661	2.417	0.414	0.737
158	19	14.053	7.222	5	30	24.971	1994	2780	5	10	9.010	2.685	104.108	0.383	3.356	0.298	0.585
159	132	17.909	9.321	0	44	62.527	1684	2836	21	12	18.678	8.998	176.662	0.424	2.076	0.482	0.704
160	99	37.455	17.512	4	84	52.527	3901	2840	17	14	16.002	7.877	151.398	0.451	2.031	0.492	0.671
161	29	25.310	14.422	4	58	23.556	163	2867	6	9	7.377	5.005	94.096	0.657	1.474	0.679	0.716
162	19	18.211	8.861	5	36	22.728	680	2869	5	8	8.430	2.870	108.216	0.462	2.937	0.340	0.667
163	23	21.739	11.363	3	42	22.971	688	2882	6	9	8.626	3.395	108.300	0.548	2.541	0.394	0.667
164	132	15.333	7.580	0	38	113.296	692	2892	27	44	47.342	3.550	119.676	0.129	13.335	0.075	0.484
165	23	22.087	10.958	5	49	27.556	1851	2914	8	8	7.797	3.756	137.923	0.381	2.076	0.482	0.541
166	25	19.160	9.136	5	38	30.142	719	2937	6	11	10.309	3.088	116.684	0.346	3.339	0.300	0.543
167	16	10.562	6.271	1	22	18.971	2089	2937	7	5	5.830	3.494	167.878	0.559	1.669	0.599	0.615
168	356	62.851	20.579	2	117	79.497	626	2944	23	22	23.257	19.490	139.613	0.708	1.193	0.838	0.879
169	334	30.428	14.402	1	73	117.154	2261	2950	26	24	26.975	15.765	153.177	0.306	1.711	0.584	0.718
170	55	15.800	7.469	4	31	29.556	1945	2991	10	8	9.794	7.150	158.526	0.791	1.370	0.730	0.840
