 	Area	Mean	StdDev	Min	Max	Perim.	BX	BY	Width	Height	Major	Minor	Angle	Circ.	AR	Round	Solidity
1	534	13.912	7.941	0	42	201.137	551	1	30	48	44.010	15.449	108.323	0.166	2.849	0.351	0.576
2	697	42.069	20.293	1	101	124.083	3954	1	33	35	35.564	24.953	58.899	0.569	1.425	0.702	0.864
3	28	20.429	10.141	0	44	21.556	503	28	6	8	8.338	4.276	62.883	0.757	1.950	0.513	0.824
4	290	42.600	14.971	4	86	74.184	3764	34	24	20	23.905	15.446	159.576	0.662	1.548	0.646	0.836
5	61	28.787	15.585	4	56	32.971	1194	41	10	10	10.070	7.713	69.041	0.705	1.306	0.766	0.792
6	42	19.429	10.308	1	36	24.385	3880	42	7	9	8.948	5.976	62.130	0.888	1.497	0.668	0.857
7	95	25.716	14.016	2	64	42.284	666	49	12	14	15.190	7.963	118.398	0.668	1.908	0.524	0.798
8	38	28.763	9.225	9	45	26.971	1679	52	8	9	8.401	5.759	60.632	0.656	1.459	0.686	0.724
9	432	27.576	12.342	2	66	101.640	1447	72	31	32	40.399	13.615	46.718	0.525	2.967	0.337	0.806
10	39	30.846	11.775	5	54	29.799	865	79	8	9	8.623	5.759	60.031	0.552	1.497	0.668	0.709
11	41	20.878	9.403	0	40	32.385	187	95	8	11	9.723	5.369	61.240	0.491	1.811	0.552	0.631
12	27	14.444	6.512	4	28	27.556	3343	95	9	7	6.767	5.080	16.311	0.447	1.332	0.751	0.587
13	670	13.861	7.767	0	40	165.924	2515	97	34	35	30.506	27.964	61.615	0.306	1.091	0.917	0.721
14	115	26.557	10.332	5	55	44.284	2600	97	14	13	13.894	10.538	44.156	0.737	1.318	0.758	0.819
15	167	30.497	12.478	3	82	54.527	3902	110	16	16	16.547	12.850	33.254	0.706	1.288	0.777	0.819
16	98	33.265	14.975	2	70	40.870	183	115	12	14	12.917	9.660	79.831	0.737	1.337	0.748	0.797
17	40	27.000	9.832	8	43	25.799	3343	145	7	9	8.877	5.738	67.789	0.755	1.547	0.646	0.784
18	5960	41.335	22.992	0	124	381.161	722	150	78	118	107.844	70.366	84.728	0.516	1.533	0.652	0.872
19	44	17.818	9.806	5	43	30.971	901	166	7	10	9.792	5.721	86.474	0.576	1.711	0.584	0.727
20	3174	45.428	24.284	0	122	253.421	3252	167	68	67	74.730	54.078	37.840	0.621	1.382	0.724	0.899
21	425	15.666	8.027	0	37	135.196	3823	198	26	33	28.952	18.690	61.063	0.292	1.549	0.646	0.705
22	654	47.352	22.352	2	96	100.326	3006	206	32	28	30.931	26.921	151.508	0.817	1.149	0.870	0.918
23	71	13.606	7.007	0	31	40.870	2414	220	9	14	11.217	8.059	97.996	0.534	1.392	0.719	0.714
24	3090	35.817	20.999	0	115	261.865	2462	226	70	66	76.328	51.545	40.337	0.566	1.481	0.675	0.881
25	120	47.225	16.812	9	83	45.456	462	242	13	14	13.500	11.318	48.040	0.730	1.193	0.838	0.836
26	304	43.125	18.610	0	93	78.669	1351	245	25	23	29.307	13.207	39.673	0.617	2.219	0.451	0.813
27	95	8.695	5.543	1	32	71.012	3908	270	14	17	13.862	8.726	53.501	0.237	1.589	0.630	0.583
28	334	53.266	22.983	2	114	83.012	287	276	18	29	29.140	14.594	83.750	0.609	1.997	0.501	0.843
29	21	22.048	10.283	4	41	19.556	3882	289	7	6	5.768	4.636	147.632	0.690	1.244	0.804	0.689
30	28	23.571	7.748	4	39	26.142	481	293	7	9	7.267	4.906	49.789	0.515	1.481	0.675	0.644
31	838	47.609	22.012	3	122	130.468	3810	297	34	37	36.476	29.251	54.104	0.619	1.247	0.802	0.871
32	35	27.343	11.443	6	58	23.556	342	298	6	9	9.166	4.862	68.521	0.793	1.885	0.530	0.824
33	45	25.467	9.785	4	45	25.556	1241	320	8	8	8.752	6.547	142.332	0.866	1.337	0.748	0.841
34	66	22.455	11.040	2	52	33.556	1287	322	6	14	13.506	6.222	81.606	0.737	2.171	0.461	0.923
35	40	41.550	14.447	14	69	23.314	2409	322	6	8	8.380	6.078	66.295	0.925	1.379	0.725	0.920
36	280	18.371	10.021	1	52	82.426	3889	322	19	25	21.663	16.457	61.461	0.518	1.316	0.760	0.787
37	19	17.632	9.962	2	37	18.142	843	324	7	5	6.439	3.757	35.143	0.725	1.714	0.583	0.717
38	35	21.143	9.456	7	43	23.314	763	325	8	6	6.994	6.372	35.680	0.809	1.098	0.911	0.854
39	26	16.808	9.033	2	38	19.556	2944	328	6	7	7.645	4.330	49.169	0.854	1.766	0.566	0.825
40	25	12.680	5.800	1	24	22.728	3860	337	7	7	6.891	4.619	37.805	0.608	1.492	0.670	0.714
41	403	36.794	14.296	2	82	87.983	3152	346	22	29	27.003	19.002	62.969	0.654	1.421	0.704	0.848
42	31	13.161	6.346	0	28	41.456	2072	359	7	14	10.530	3.748	84.155	0.227	2.809	0.356	0.466
43	25	22.360	11.372	1	43	19.314	175	383	6	6	6.005	5.301	14.624	0.842	1.133	0.883	0.833
44	49	30.306	12.823	10	64	30.042	3406	386	11	9	10.401	5.998	45.279	0.682	1.734	0.577	0.766
45	1270	15.146	8.428	0	55	281.463	1449	394	62	69	77.231	20.937	46.971	0.201	3.689	0.271	0.685
46	122	23.344	12.620	3	61	55.113	3928	404	15	19	20.599	7.541	50.522	0.505	2.732	0.366	0.724
47	74	37.459	15.454	1	69	37.213	1558	407	9	14	13.461	7.000	65.609	0.672	1.923	0.520	0.809
48	36	13.750	7.173	3	25	48.042	297	418	10	13	9.965	4.600	107.888	0.196	2.166	0.462	0.396
49	1539	31.546	15.553	1	85	207.037	458	420	41	68	65.115	30.093	70.878	0.451	2.164	0.462	0.833
50	1580	19.323	8.948	0	57	196.066	948	425	50	48	48.566	41.423	34.867	0.516	1.172	0.853	0.862
51	246	23.089	10.795	3	50	87.497	193	427	27	19	27.506	11.387	155.700	0.404	2.415	0.414	0.705
52	25	21.680	9.793	2	40	26.385	722	432	7	7	5.887	5.407	148.283	0.451	1.089	0.918	0.602
53	496	40.649	14.773	2	84	94.326	891	433	26	29	30.774	20.522	59.589	0.701	1.500	0.667	0.881
54	519	31.453	13.945	3	78	122.468	2305	445	28	38	38.801	17.031	57.559	0.435	2.278	0.439	0.791
55	22	18.545	11.722	2	38	18.728	1695	453	6	6	6.443	4.348	121.367	0.788	1.482	0.675	0.800
56	130	49.685	17.567	14	92	50.042	679	471	15	15	16.492	10.036	46.719	0.652	1.643	0.609	0.805
57	3005	36.310	18.437	0	103	256.735	3025	475	57	74	73.002	52.411	72.694	0.573	1.393	0.718	0.904
58	39	29.282	15.381	5	57	24.142	971	487	7	8	8.317	5.971	56.307	0.841	1.393	0.718	0.839
59	1267	55.857	25.228	0	119	144.267	2527	492	41	43	42.821	37.673	63.173	0.765	1.137	0.880	0.917
60	28	29.321	16.620	1	59	22.385	819	508	7	8	8.748	4.075	49.636	0.702	2.147	0.466	0.767
61	58	18.845	9.633	3	45	32.627	178	517	8	12	11.863	6.225	95.210	0.685	1.906	0.525	0.779
62	71	32.423	12.678	9	67	31.799	3646	521	9	11	10.294	8.782	86.255	0.882	1.172	0.853	0.887
63	35	24.200	9.200	7	39	25.799	3623	542	9	8	7.242	6.153	20.851	0.661	1.177	0.850	0.722
64	102	49.196	18.546	4	86	41.213	3936	555	10	15	15.234	8.525	78.477	0.755	1.787	0.560	0.846
65	39	38.487	14.142	6	59	26.385	3533	557	8	9	7.375	6.733	56.337	0.704	1.095	0.913	0.743
66	209	12.153	6.442	1	32	172.995	2522	564	27	22	17.971	14.807	4.009	0.088	1.214	0.824	0.446
67	180	45.494	16.133	0	79	55.698	559	583	16	18	21.039	10.893	54.298	0.729	1.931	0.518	0.863
68	274	24.482	13.022	2	68	76.426	324	593	22	22	22.962	15.193	36.566	0.589	1.511	0.662	0.807
69	94	39.426	13.407	2	71	43.213	2920	593	13	12	12.659	9.454	30.356	0.633	1.339	0.747	0.780
70	18	17.444	7.725	8	35	17.314	416	607	6	5	5.314	4.313	32.145	0.755	1.232	0.812	0.766
71	19	15.421	6.274	2	28	16.485	3509	623	4	6	6.739	3.590	75.660	0.879	1.877	0.533	0.884
72	26	11.692	8.093	1	31	24.971	2762	629	6	8	6.885	4.808	96.218	0.524	1.432	0.698	0.667
73	531	32.522	12.787	2	69	103.154	1171	633	28	32	34.407	19.650	55.645	0.627	1.751	0.571	0.863
74	73	25.000	12.298	4	55	42.284	1333	635	13	14	12.137	7.658	58.908	0.513	1.585	0.631	0.652
75	260	15.127	7.132	1	34	109.296	2961	641	28	19	25.150	13.163	17.658	0.274	1.911	0.523	0.665
76	37	22.568	7.459	7	37	26.142	1813	646	7	9	8.047	5.854	58.347	0.680	1.375	0.727	0.787
77	392	38.418	17.261	1	84	101.497	2207	655	22	32	27.529	18.130	84.040	0.478	1.518	0.659	0.742
78	18	9.278	5.367	2	20	15.657	1250	656	3	6	6.770	3.385	90.000	0.923	2.000	0.500	1.000
79	54	17.685	10.570	1	48	50.770	745	662	11	19	19.668	3.496	65.485	0.263	5.626	0.178	0.548
80	513	26.587	12.324	1	64	164.853	2035	665	48	35	48.425	13.488	24.398	0.237	3.590	0.279	0.563
81	281	13.441	7.418	0	34	141.196	2851	669	30	26	25.309	14.137	44.092	0.177	1.790	0.559	0.519
82	17	13.706	6.253	4	27	17.071	2860	673	7	3	7.660	2.826	7.072	0.733	2.711	0.369	0.895
83	35	13.886	7.336	0	37	28.627	3871	691	10	9	10.416	4.278	39.393	0.537	2.435	0.411	0.642
84	104	11.567	6.630	1	28	65.355	1258	714	15	20	17.403	7.609	69.773	0.306	2.287	0.437	0.533
85	36	16.944	8.835	2	34	23.314	3769	729	7	7	7.422	6.176	42.359	0.832	1.202	0.832	0.857
86	1255	18.115	8.449	0	51	184.409	3302	730	42	47	42.734	37.392	86.580	0.464	1.143	0.875	0.826
87	31	17.355	9.450	2	39	30.385	3915	752	10	9	10.045	3.929	40.877	0.422	2.556	0.391	0.590
88	2132	18.307	9.377	0	54	242.350	1641	760	64	57	67.637	40.134	31.595	0.456	1.685	0.593	0.844
89	752	22.266	10.842	1	55	122.468	1778	773	30	40	36.708	26.084	64.961	0.630	1.407	0.711	0.861
90	84	29.845	10.971	5	71	38.042	874	782	9	14	13.332	8.022	68.418	0.729	1.662	0.602	0.844
91	204	12.260	5.903	0	32	128.711	681	785	29	20	25.144	10.330	25.327	0.155	2.434	0.411	0.539
92	149	23.450	9.614	5	56	59.012	1395	789	16	18	19.071	9.948	58.594	0.538	1.917	0.522	0.758
93	359	48.696	27.082	3	119	109.983	1340	799	28	26	29.102	15.706	29.893	0.373	1.853	0.540	0.695
94	64	34.812	12.204	8	67	36.042	3004	801	12	10	11.349	7.180	29.333	0.619	1.581	0.633	0.740
95	16	13.188	5.504	1	23	20.728	3643	802	6	7	5.516	3.694	37.485	0.468	1.493	0.670	0.552
96	69	21.290	11.213	3	49	46.042	3108	808	13	12	10.348	8.490	11.348	0.409	1.219	0.820	0.603
97	359	26.393	13.391	2	72	99.397	764	815	30	31	34.527	13.239	48.884	0.457	2.608	0.383	0.772
98	360	40.028	19.324	1	106	85.497	2496	828	23	29	31.109	14.734	49.080	0.619	2.111	0.474	0.861
99	19	26.421	9.582	7	42	19.556	137	831	7	6	6.948	3.482	35.530	0.624	1.995	0.501	0.679
100	121	40.438	13.122	11	83	47.941	3452	858	14	16	15.080	10.216	50.557	0.662	1.476	0.677	0.801
101	188	41.660	16.482	2	87	60.770	1179	874	13	23	20.940	11.431	93.988	0.640	1.832	0.546	0.817
102	1236	14.110	8.864	0	58	272.836	997	885	54	43	47.750	32.958	19.543	0.209	1.449	0.690	0.719
103	443	31.817	14.001	2	83	90.912	268	887	26	27	29.647	19.025	48.576	0.674	1.558	0.642	0.864
104	32	12.375	5.901	1	22	46.042	1591	889	10	13	8.244	4.942	102.944	0.190	1.668	0.600	0.393
105	20	18.450	9.406	2	33	22.728	1591	904	8	6	6.311	4.035	8.459	0.487	1.564	0.639	0.597
106	21	16.143	8.404	6	34	18.728	990	914	5	7	7.260	3.683	114.146	0.752	1.971	0.507	0.808
107	62	11.081	5.342	1	26	52.284	1067	916	10	17	13.137	6.009	98.817	0.285	2.186	0.457	0.523
108	28	30.857	12.510	8	54	19.899	1158	920	5	7	7.512	4.746	109.492	0.889	1.583	0.632	0.889
109	72	31.833	12.465	6	57	40.042	1273	922	10	14	11.262	8.140	76.692	0.564	1.384	0.723	0.727
110	23	11.870	7.736	3	33	27.213	1062	928	7	7	5.505	5.320	108.633	0.390	1.035	0.966	0.575
111	1889	41.709	20.653	1	104	218.693	2023	929	58	55	51.395	46.797	8.446	0.496	1.098	0.911	0.817
112	159	16.560	9.066	0	53	59.355	2902	947	13	19	18.859	10.735	77.769	0.567	1.757	0.569	0.791
113	207	51.889	15.298	7	81	53.698	874	950	16	17	17.643	14.939	50.640	0.902	1.181	0.847	0.918
114	81	51.852	15.271	3	95	33.556	2627	957	10	10	11.615	8.879	49.624	0.904	1.308	0.764	0.905
115	25	18.840	7.685	4	34	29.799	2104	959	10	7	6.571	4.844	26.316	0.354	1.357	0.737	0.521
116	1894	53.153	27.343	1	129	191.238	455	962	50	59	58.264	41.390	61.766	0.651	1.408	0.710	0.878
117	26	15.923	7.869	3	31	22.142	1875	964	5	9	8.386	3.948	77.040	0.666	2.124	0.471	0.788
118	3416	25.871	12.755	0	79	317.279	3952	966	47	112	99.383	43.764	90.490	0.426	2.271	0.440	0.903
119	957	17.022	9.018	0	50	183.681	689	978	30	56	51.622	23.604	71.666	0.356	2.187	0.457	0.792
120	358	45.461	16.532	2	86	75.841	3027	983	25	22	23.931	19.048	141.025	0.782	1.256	0.796	0.884
121	63	32.524	12.016	10	53	31.456	1963	985	11	10	10.878	7.374	35.634	0.800	1.475	0.678	0.818
122	6955	39.465	23.295	0	134	414.517	3039	1007	108	116	121.072	73.142	51.584	0.509	1.655	0.604	0.865
123	179	20.363	8.193	4	44	58.770	3881	1012	17	20	22.005	10.357	53.823	0.651	2.125	0.471	0.829
124	123	25.805	10.811	1	47	49.113	629	1013	12	17	17.945	8.727	66.929	0.641	2.056	0.486	0.820
125	88	32.830	13.238	7	58	38.142	1269	1017	9	13	14.114	7.938	73.916	0.760	1.778	0.562	0.889
126	62	40.919	12.635	14	62	29.799	273	1024	9	10	10.203	7.737	64.559	0.877	1.319	0.758	0.855
127	141	30.376	13.983	8	73	56.770	595	1026	17	16	14.581	12.312	12.300	0.550	1.184	0.844	0.748
128	52	35.788	15.065	10	65	28.142	2920	1047	9	8	9.250	7.158	24.790	0.825	1.292	0.774	0.874
129	83	38.807	13.343	2	65	38.870	294	1048	10	15	14.697	7.190	62.326	0.690	2.044	0.489	0.818
130	51	23.549	8.848	3	39	27.799	188	1058	9	9	9.396	6.911	135.775	0.829	1.360	0.736	0.823
131	26	24.269	10.784	2	41	20.142	850	1063	6	7	6.585	5.027	33.193	0.805	1.310	0.763	0.776
132	339	24.383	10.172	2	52	81.841	3283	1067	19	29	27.315	15.802	78.859	0.636	1.729	0.578	0.837
133	20	22.050	11.542	4	46	17.314	53	1081	5	6	5.127	4.967	148.283	0.838	1.032	0.969	0.800
134	112	52.170	20.404	5	102	48.042	574	1086	13	14	14.938	9.546	56.083	0.610	1.565	0.639	0.812
135	138	54.500	17.117	8	89	47.456	3774	1104	13	15	15.434	11.384	67.367	0.770	1.356	0.738	0.868
136	93	22.301	11.247	1	54	49.456	3927	1113	14	14	13.820	8.568	51.565	0.478	1.613	0.620	0.676
137	187	12.647	5.679	0	29	97.640	2229	1122	26	22	17.771	13.398	138.130	0.246	1.326	0.754	0.528
138	29	8.000	3.196	2	16	32.627	2017	1132	8	11	9.622	3.838	60.686	0.342	2.507	0.399	0.513
139	192	16.401	8.613	1	44	86.669	3	1138	22	21	18.519	13.201	81.499	0.321	1.403	0.713	0.625
140	105	36.010	15.144	7	77	41.456	2398	1157	13	13	12.012	11.130	13.722	0.768	1.079	0.927	0.833
141	146	23.589	9.214	4	51	53.598	1905	1166	17	17	18.307	10.154	49.931	0.639	1.803	0.555	0.809
142	162	11.451	7.251	0	39	113.054	583	1167	19	28	27.506	7.499	62.749	0.159	3.668	0.273	0.503
143	18	18.889	10.070	2	34	17.314	2302	1201	5	6	6.384	3.590	49.547	0.755	1.778	0.562	0.783
144	130	33.231	14.949	1	74	45.941	490	1202	14	15	15.177	10.906	128.730	0.774	1.392	0.719	0.831
145	19	18.895	7.505	6	31	19.314	2158	1202	5	7	5.980	4.045	58.408	0.640	1.478	0.676	0.731
146	45	19.133	8.106	1	37	35.213	1219	1203	9	13	12.538	4.570	58.718	0.456	2.744	0.364	0.652
147	6268	29.018	14.900	0	100	424.617	110	1206	99	109	109.561	72.842	57.675	0.437	1.504	0.665	0.832
148	1191	25.238	10.977	0	70	168.652	2466	1233	42	46	42.583	35.611	77.016	0.526	1.196	0.836	0.851
149	173	15.197	8.671	1	43	96.569	3140	1245	18	26	22.841	9.644	63.465	0.233	2.369	0.422	0.607
150	175	29.640	13.464	3	62	62.527	2337	1261	22	15	22.662	9.832	152.086	0.562	2.305	0.434	0.785
151	2018	15.745	8.439	0	52	272.149	1867	1262	69	52	61.177	41.999	171.102	0.342	1.457	0.687	0.804
152	18	9.889	5.707	2	21	22.728	3139	1272	7	7	7.871	2.912	142.818	0.438	2.703	0.370	0.600
153	17	22.176	10.472	4	41	17.071	1288	1319	5	5	5.692	3.803	65.674	0.733	1.497	0.668	0.810
154	4572	33.568	17.980	0	97	300.291	2838	1340	80	94	91.050	63.935	71.950	0.637	1.424	0.702	0.888
155	70	19.300	9.059	1	45	44.870	3593	1340	13	14	12.599	7.074	42.533	0.437	1.781	0.561	0.625
156	72	23.722	10.153	4	45	35.213	3931	1349	13	9	12.075	7.592	8.229	0.730	1.591	0.629	0.804
157	331	30.097	13.373	4	64	114.912	2665	1358	28	33	36.423	11.571	53.060	0.315	3.148	0.318	0.613
158	56	32.196	13.812	10	63	32.971	4	1362	10	9	10.764	6.624	42.319	0.647	1.625	0.615	0.789
159	2424	29.393	12.015	1	73	254.735	3407	1369	56	69	65.221	47.322	68.938	0.469	1.378	0.726	0.864
160	9671	23.124	12.055	0	75	542.742	2537	1377	119	130	114.464	107.576	97.801	0.413	1.064	0.940	0.895
161	161	26.304	11.966	3	56	59.355	3609	1395	15	20	19.224	10.663	114.198	0.574	1.803	0.555	0.772
162	146	63.610	19.751	7	126	47.698	1660	1397	15	15	16.030	11.597	43.315	0.806	1.382	0.723	0.861
163	1349	30.646	13.508	0	78	170.995	3780	1399	36	52	49.611	34.622	83.541	0.580	1.433	0.698	0.886
164	747	24.320	14.001	0	64	117.296	3111	1407	28	41	38.086	24.973	73.277	0.682	1.525	0.656	0.890
165	17	12.706	6.459	1	26	22.142	1281	1411	7	5	6.059	3.573	17.870	0.436	1.696	0.590	0.567
166	144	11.819	5.965	1	27	68.426	1270	1420	23	13	17.031	10.766	9.950	0.386	1.582	0.632	0.686
167	142	23.232	10.781	1	53	54.284	1746	1434	12	20	17.178	10.525	99.019	0.606	1.632	0.613	0.807
168	159	38.019	13.228	5	66	51.698	3203	1438	16	15	17.249	11.737	40.500	0.748	1.470	0.680	0.837
169	33	20.667	8.417	7	42	22.728	1304	1445	6	8	6.951	6.045	109.140	0.803	1.150	0.870	0.835
170	42	34.643	12.401	13	62	24.385	3313	1451	9	7	8.864	6.033	29.542	0.888	1.469	0.681	0.857
171	22	11.727	6.033	3	24	29.556	743	1458	5	12	9.544	2.935	81.595	0.316	3.252	0.308	0.530
172	59	17.881	8.851	2	38	35.799	727	1460	12	10	11.327	6.632	131.484	0.579	1.708	0.586	0.690
173	148	36.622	11.847	4	61	49.355	891	1466	14	17	16.543	11.391	72.190	0.763	1.452	0.689	0.839
174	610	51.182	23.781	2	120	116.225	2150	1483	29	36	33.532	23.162	117.306	0.567	1.448	0.691	0.801
175	20	18.550	7.577	3	38	17.556	3941	1483	7	5	5.977	4.261	15.167	0.815	1.403	0.713	0.800
176	1645	20.382	10.054	0	58	239.765	2860	1498	49	54	50.485	41.487	69.723	0.360	1.217	0.822	0.839
177	102	22.598	10.085	1	40	44.284	3723	1516	13	13	12.019	10.805	94.633	0.654	1.112	0.899	0.776
178	102	53.225	18.910	8	108	38.042	872	1520	12	12	12.277	10.578	112.673	0.886	1.161	0.862	0.879
179	25	13.880	5.790	4	22	18.142	1321	1524	6	6	6.304	5.050	119.357	0.954	1.248	0.801	0.847
180	1276	67.638	41.255	0	150	159.095	36	1534	38	54	47.177	34.437	90.589	0.633	1.370	0.730	0.851
181	204	25.025	10.760	3	52	62.770	3521	1535	16	21	20.147	12.893	72.637	0.651	1.563	0.640	0.819
182	247	38.879	18.939	2	91	67.841	1383	1540	24	19	21.567	14.582	31.199	0.674	1.479	0.676	0.834
183	289	27.768	12.382	1	70	74.426	1331	1550	22	22	21.644	17.000	41.710	0.656	1.273	0.785	0.830
184	538	37.944	18.241	2	80	99.154	1880	1558	28	31	31.827	21.523	49.562	0.688	1.479	0.676	0.860
185	62	20.790	8.187	5	53	36.142	660	1562	10	11	10.505	7.515	140.328	0.596	1.398	0.715	0.752
186	1465	41.501	18.892	3	113	240.451	2584	1570	47	65	56.835	32.819	106.807	0.318	1.732	0.577	0.690
187	6855	23.347	11.142	0	67	441.973	339	1583	98	100	95.782	91.124	57.420	0.441	1.051	0.951	0.899
188	64	29.688	10.176	11	50	35.456	3981	1592	10	11	10.898	7.477	62.114	0.640	1.458	0.686	0.766
189	274	27.934	11.285	4	55	67.012	929	1604	17	25	22.096	15.788	94.701	0.767	1.400	0.715	0.882
190	70	21.943	8.611	5	50	38.385	3948	1620	10	10	9.893	9.009	16.648	0.597	1.098	0.911	0.778
191	66	23.712	11.908	2	50	41.213	3698	1630	9	13	10.821	7.765	68.975	0.488	1.394	0.718	0.698
192	638	35.157	14.613	1	75	136.853	283	1638	45	27	34.672	23.429	4.541	0.428	1.480	0.676	0.751
193	78	20.872	10.000	4	44	35.556	208	1641	11	10	12.135	8.184	37.578	0.775	1.483	0.674	0.872
194	401	35.696	16.271	2	84	102.811	3371	1648	27	31	31.456	16.231	53.517	0.477	1.938	0.516	0.746
195	834	20.651	9.771	1	56	144.024	1367	1650	38	37	38.090	27.878	131.057	0.505	1.366	0.732	0.827
196	794	39.389	19.927	1	104	173.338	613	1662	40	38	34.381	29.404	29.281	0.332	1.169	0.855	0.690
197	33	9.758	5.298	0	21	30.385	1832	1673	11	8	7.869	5.339	178.814	0.449	1.474	0.679	0.600
198	1164	53.407	21.683	3	122	172.409	2510	1674	48	53	59.851	24.763	134.616	0.492	2.417	0.414	0.779
199	106	11.802	7.005	1	34	87.497	1825	1679	19	16	13.539	9.968	137.453	0.174	1.358	0.736	0.491
200	26	21.731	8.947	3	42	23.556	2241	1680	6	9	8.118	4.078	70.012	0.589	1.991	0.502	0.703
201	21	9.333	5.808	2	24	23.556	3348	1686	9	6	9.545	2.801	33.449	0.476	3.407	0.294	0.618
202	221	13.330	8.556	1	44	93.154	3005	1692	24	23	22.309	12.613	41.299	0.320	1.769	0.565	0.637
203	931	18.669	9.251	0	53	156.510	355	1694	34	48	43.553	27.217	76.299	0.478	1.600	0.625	0.810
204	47	27.809	7.523	11	50	26.385	3500	1707	8	9	8.736	6.850	49.471	0.848	1.275	0.784	0.817
205	30	22.300	7.626	5	41	21.556	1584	1713	8	6	8.119	4.704	34.024	0.811	1.726	0.579	0.845
206	18	22.778	9.980	7	37	22.385	3771	1727	8	6	7.399	3.097	37.280	0.451	2.389	0.419	0.590
207	560	62.737	27.315	2	137	100.711	2982	1749	29	31	30.147	23.651	119.448	0.694	1.275	0.785	0.883
208	46	14.457	7.342	2	32	36.385	3366	1749	9	11	8.748	6.695	76.578	0.437	1.306	0.765	0.634
209	1825	27.430	11.905	0	71	216.309	305	1756	49	59	55.142	42.139	104.570	0.490	1.309	0.764	0.859
210	318	52.349	18.939	1	99	84.083	821	1776	15	31	31.353	12.914	91.508	0.565	2.428	0.412	0.794
211	25	18.600	6.665	7	29	20.142	440	1777	7	5	6.914	4.604	160.888	0.774	1.502	0.666	0.794
212	39	17.667	6.639	2	29	32.971	995	1779	10	9	9.617	5.164	149.063	0.451	1.862	0.537	0.661
213	167	30.030	14.156	0	71	71.113	2440	1782	19	19	19.414	10.952	47.099	0.415	1.773	0.564	0.647
214	78	39.295	14.316	5	73	33.213	267	1794	12	9	12.259	8.101	150.904	0.889	1.513	0.661	0.881
215	53	43.038	12.527	22	68	26.971	3730	1812	8	9	9.709	6.950	131.244	0.916	1.397	0.716	0.898
216	320	23.494	9.051	4	47	77.841	2725	1816	22	22	22.672	17.971	44.566	0.664	1.262	0.793	0.848
217	257	65.981	22.529	4	121	65.355	662	1825	17	23	23.296	14.047	60.184	0.756	1.658	0.603	0.877
218	650	13.889	7.778	1	43	138.953	766	1827	40	32	36.354	22.765	26.477	0.423	1.597	0.626	0.767
219	375	24.229	12.352	2	66	95.154	2762	1830	28	25	24.770	19.276	32.270	0.520	1.285	0.778	0.781
220	98	15.214	9.842	1	55	94.083	3137	1837	22	17	13.409	9.306	173.869	0.139	1.441	0.694	0.384
221	16	26.688	11.814	8	56	17.899	3159	1842	6	5	4.946	4.119	1.023	0.628	1.201	0.833	0.696
222	1027	24.310	11.940	1	74	159.823	2442	1846	41	44	44.028	29.699	48.801	0.505	1.482	0.675	0.834
223	108	27.824	11.249	2	53	43.698	424	1868	15	13	15.218	9.036	29.424	0.711	1.684	0.594	0.800
224	709	27.719	14.551	1	73	178.309	1482	1878	45	47	51.108	17.663	47.301	0.280	2.893	0.346	0.680
225	34	27.912	8.785	5	46	32.728	3995	1883	4	14	13.668	3.167	94.327	0.399	4.316	0.232	0.731
226	3237	48.836	26.715	0	122	331.747	3691	1897	70	86	83.592	49.305	112.214	0.370	1.695	0.590	0.722
227	1373	52.916	26.665	1	134	162.953	1284	1905	44	51	50.124	34.877	120.450	0.650	1.437	0.696	0.878
228	416	52.572	25.020	1	117	96.326	876	1907	27	28	27.730	19.101	127.687	0.563	1.452	0.689	0.793
229	1611	30.075	12.802	0	65	225.865	92	1922	53	52	48.566	42.235	33.493	0.397	1.150	0.870	0.779
230	33	19.909	11.295	1	45	22.142	1887	1935	8	6	7.473	5.622	157.855	0.846	1.329	0.752	0.825
231	1189	23.460	11.529	0	64	168.409	1890	1936	43	44	40.716	37.181	59.363	0.527	1.095	0.913	0.858
232	76	26.842	11.583	8	60	35.213	1593	1946	10	11	10.301	9.394	116.759	0.770	1.097	0.912	0.840
233	1003	31.884	14.295	1	75	159.095	2014	1957	36	44	41.150	31.034	69.787	0.498	1.326	0.754	0.840
234	249	18.606	8.720	1	48	79.497	559	1965	24	19	21.670	14.630	25.182	0.495	1.481	0.675	0.766
235	404	33.334	14.558	4	74	102.225	3963	1968	20	33	34.296	14.999	101.271	0.486	2.287	0.437	0.770
236	242	14.070	9.229	1	44	131.882	504	1969	23	26	17.932	17.183	68.668	0.175	1.044	0.958	0.605
237	646	13.113	7.100	1	38	146.853	1689	2008	29	41	38.849	21.172	112.733	0.376	1.835	0.545	0.771
238	20	16.350	7.450	4	33	29.556	2502	2025	8	10	7.438	3.423	63.881	0.288	2.173	0.460	0.426
239	130	63.985	19.202	8	107	45.456	1401	2038	15	13	15.008	11.029	148.168	0.791	1.361	0.735	0.844
240	46	17.174	8.106	4	32	27.556	1533	2049	9	7	9.344	6.268	3.866	0.761	1.491	0.671	0.807
241	501	56.022	23.150	2	129	97.740	47	2050	26	29	27.769	22.972	74.846	0.659	1.209	0.827	0.863
242	20	14.800	7.374	6	32	20.142	3605	2062	6	6	5.787	4.400	142.869	0.619	1.315	0.760	0.741
243	70	28.743	13.418	1	73	33.799	939	2071	10	11	9.875	9.026	65.762	0.770	1.094	0.914	0.828
244	410	42.751	17.151	3	83	97.497	1225	2072	32	24	32.148	16.239	153.153	0.542	1.980	0.505	0.817
245	16	15.812	6.493	7	30	23.556	73	2073	10	5	8.570	2.377	161.458	0.362	3.605	0.277	0.571
246	52	41.327	11.616	13	62	27.799	1761	2078	9	9	8.732	7.582	138.293	0.846	1.152	0.868	0.867
247	125	20.248	8.640	1	38	48.284	3312	2083	18	12	16.606	9.584	157.519	0.674	1.733	0.577	0.831
248	194	14.072	7.482	1	34	69.012	2966	2090	17	22	19.276	12.814	79.827	0.512	1.504	0.665	0.729
249	45	23.511	9.596	3	45	25.556	3696	2091	9	7	8.286	6.914	179.367	0.866	1.198	0.834	0.849
250	105	59.476	18.094	3	93	39.456	1387	2099	12	12	12.928	10.341	142.110	0.848	1.250	0.800	0.875
251	38	45.711	14.540	16	80	23.556	1982	2099	8	7	7.835	6.175	156.996	0.861	1.269	0.788	0.826
252	88	69.364	18.275	17	111	34.627	231	2101	10	12	11.696	9.579	116.977	0.922	1.221	0.819	0.884
253	243	20.432	12.976	0	59	111.397	2263	2109	28	19	24.019	12.881	169.541	0.246	1.865	0.536	0.596
254	117	14.530	8.269	1	43	97.497	183	2112	14	22	19.124	7.790	85.981	0.155	2.455	0.407	0.458
255	24	24.792	10.455	9	47	17.556	764	2119	6	6	6.437	4.747	132.935	0.978	1.356	0.738	0.828
256	824	46.510	29.178	1	131	145.439	1447	2121	48	32	43.482	24.128	24.293	0.490	1.802	0.555	0.751
257	34	23.794	10.918	0	49	21.899	1368	2129	6	7	7.261	5.962	73.586	0.891	1.218	0.821	0.895
258	330	22.827	11.259	1	57	90.083	2870	2129	24	22	23.020	18.252	47.210	0.511	1.261	0.793	0.786
259	64689	41.744	30.167	0	169	2989.819	74	2131	478	551	522.415	157.661	50.148	0.091	3.314	0.302	0.518
260	1191	40.563	18.461	0	106	161.782	1084	2142	45	38	44.650	33.963	155.248	0.572	1.315	0.761	0.893
261	21	16.333	5.747	4	27	18.142	2856	2169	6	6	5.477	4.882	8.930	0.802	1.122	0.891	0.764
262	35	14.057	5.921	4	26	26.971	236	2179	7	9	8.635	5.161	119.124	0.605	1.673	0.598	0.737
263	2232	21.905	10.383	0	59	237.421	3122	2182	58	68	62.627	45.377	114.876	0.498	1.380	0.725	0.851
264	7443	40.396	29.256	0	164	482.742	1675	2187	116	124	104.874	90.363	118.249	0.401	1.161	0.862	0.807
265	233	35.562	15.881	1	74	82.669	2158	2191	15	27	24.854	11.936	101.389	0.428	2.082	0.480	0.729
266	458	52.144	23.074	4	111	92.326	1150	2203	29	23	30.086	19.382	160.575	0.675	1.552	0.644	0.883
267	253	15.178	7.280	1	36	133.539	3808	2208	22	26	18.039	17.857	140.282	0.178	1.010	0.990	0.586
268	469	59.672	26.945	4	118	96.225	212	2223	25	31	29.801	20.038	76.210	0.637	1.487	0.672	0.810
269	220	19.441	8.975	2	51	69.598	1222	2234	20	18	17.906	15.643	171.429	0.571	1.145	0.874	0.783
270	62	17.000	9.263	1	37	32.971	906	2240	7	13	11.916	6.625	86.133	0.717	1.799	0.556	0.827
271	155	53.484	15.727	12	100	48.042	847	2245	14	15	15.701	12.569	124.053	0.844	1.249	0.801	0.891
272	224	73.866	22.961	5	135	57.941	1304	2250	16	19	18.861	15.122	115.522	0.838	1.247	0.802	0.889
273	129	14.349	7.578	1	38	63.355	3623	2284	19	15	13.364	12.291	127.123	0.404	1.087	0.920	0.655
274	22	13.273	7.729	3	29	18.142	28	2294	5	7	6.709	4.175	60.425	0.840	1.607	0.622	0.772
275	1094	34.628	17.010	1	92	144.610	1500	2294	42	38	41.891	33.251	20.710	0.657	1.260	0.794	0.891
276	46	39.609	10.423	13	58	28.042	2121	2295	9	10	9.609	6.096	122.748	0.735	1.576	0.634	0.736
277	31	36.065	10.408	7	54	21.314	127	2306	8	5	7.275	5.426	10.718	0.858	1.341	0.746	0.886
278	270	31.015	16.258	2	75	72.184	1601	2307	20	24	19.568	17.568	140.594	0.651	1.114	0.898	0.817
279	92	60.478	19.040	12	96	39.213	2451	2307	10	13	11.714	10.000	106.671	0.752	1.171	0.854	0.852
280	1360	17.360	8.333	1	49	181.966	3177	2333	41	51	49.216	35.184	69.075	0.516	1.399	0.715	0.842
281	22	23.909	7.745	3	35	17.899	955	2337	4	7	6.944	4.034	100.723	0.863	1.722	0.581	0.880
282	108	34.611	14.719	5	78	40.870	305	2343	13	13	13.910	9.886	39.040	0.812	1.407	0.711	0.850
283	373	42.802	20.017	2	96	102.569	234	2350	36	20	33.162	14.321	13.052	0.446	2.316	0.432	0.759
284	396	25.043	10.009	1	50	101.397	1220	2355	24	28	25.342	19.896	82.891	0.484	1.274	0.785	0.822
285	97	13.660	8.368	1	39	56.870	2659	2358	14	17	12.413	9.949	77.628	0.377	1.248	0.801	0.561
286	78	22.949	8.846	4	38	43.698	3518	2358	11	15	13.645	7.278	73.148	0.513	1.875	0.533	0.672
287	144	19.125	8.698	2	43	79.255	1522	2367	25	16	21.908	8.369	24.807	0.288	2.618	0.382	0.599
288	157	47.701	18.322	6	84	49.113	1326	2368	17	14	16.115	12.404	19.308	0.818	1.299	0.770	0.863
289	1283	15.429	8.144	0	53	253.907	54	2372	44	52	47.330	34.515	126.432	0.250	1.371	0.729	0.754
290	925	18.171	10.385	1	67	181.137	253	2373	41	40	38.182	30.846	51.985	0.354	1.238	0.808	0.775
291	18	13.167	5.283	5	22	23.556	3511	2380	8	6	6.384	3.590	145.926	0.408	1.778	0.562	0.514
292	118	43.263	15.089	5	88	44.870	904	2382	16	12	13.905	10.805	162.990	0.737	1.287	0.777	0.831
293	3165	36.611	21.252	0	103	271.907	3731	2383	62	86	82.225	49.009	87.515	0.538	1.678	0.596	0.838
294	1067	39.015	16.284	2	91	146.752	620	2401	34	44	44.805	30.322	69.041	0.623	1.478	0.677	0.884
295	197	17.838	9.405	2	43	69.598	2491	2401	20	18	16.716	15.005	171.211	0.511	1.114	0.898	0.719
296	100	26.420	11.207	2	58	55.113	570	2412	18	11	16.849	7.557	8.608	0.414	2.230	0.449	0.673
297	16	12.188	6.843	3	25	19.314	3952	2423	6	6	5.909	3.447	54.432	0.539	1.714	0.583	0.681
298	141	45.340	14.145	14	86	47.113	2035	2426	14	16	14.747	12.174	73.443	0.798	1.211	0.825	0.857
299	64	12.781	6.860	0	30	52.870	3270	2427	21	7	17.302	4.710	3.102	0.288	3.674	0.272	0.621
300	67	38.791	11.363	5	69	33.799	3466	2432	9	12	9.824	8.683	110.932	0.737	1.131	0.884	0.807
301	39	31.026	11.357	4	54	23.556	1863	2438	7	8	8.564	5.798	118.472	0.883	1.477	0.677	0.867
302	353	53.391	19.979	9	103	77.841	2696	2454	19	25	25.715	17.479	84.984	0.732	1.471	0.680	0.873
303	24	33.917	12.531	14	53	17.899	195	2457	6	5	5.864	5.211	166.673	0.941	1.125	0.889	0.906
304	18	20.667	9.003	1	34	15.556	1638	2459	6	5	5.171	4.432	137.820	0.935	1.167	0.857	0.783
305	53	30.453	12.200	5	63	29.799	1202	2460	9	10	8.957	7.534	79.376	0.750	1.189	0.841	0.785
306	44	26.023	10.964	4	51	24.728	1068	2470	7	8	8.292	6.756	87.463	0.904	1.227	0.815	0.907
307	136	66.309	21.206	8	110	48.770	886	2484	14	17	14.435	11.996	107.010	0.719	1.203	0.831	0.807
308	16	11.938	4.892	4	23	17.314	2289	2494	6	5	5.401	3.772	134.194	0.671	1.432	0.698	0.711
309	94	12.287	6.449	1	34	89.255	2274	2496	20	15	12.851	9.313	176.989	0.148	1.380	0.725	0.409
310	103	44.544	16.742	5	76	41.456	830	2512	12	13	12.687	10.337	116.025	0.753	1.227	0.815	0.824
311	29	12.103	5.538	4	26	20.728	2281	2512	6	7	7.566	4.880	70.304	0.848	1.550	0.645	0.817
312	107	10.103	5.935	1	33	86.669	1970	2530	22	19	12.796	10.647	144.185	0.179	1.202	0.832	0.445
313	74	35.959	16.500	8	85	32.385	1234	2536	10	10	10.204	9.234	6.689	0.887	1.105	0.905	0.876
314	212	57.241	24.933	6	108	64.527	892	2543	16	23	24.333	11.093	122.533	0.640	2.193	0.456	0.836
315	200	39.565	15.363	4	75	64.770	1824	2551	18	18	17.937	14.196	147.714	0.599	1.264	0.791	0.818
316	214	32.794	13.584	4	69	62.184	1404	2557	15	22	19.377	14.062	80.631	0.695	1.378	0.726	0.863
317	39	37.564	13.622	5	67	24.142	2787	2559	7	8	8.970	5.536	132.091	0.841	1.620	0.617	0.867
318	29	21.724	10.134	0	44	22.728	2835	2570	6	8	7.269	5.079	117.581	0.705	1.431	0.699	0.753
319	81	20.654	6.860	4	39	49.456	1993	2584	14	12	12.928	7.978	163.642	0.416	1.620	0.617	0.667
320	519	25.896	14.143	1	71	121.539	2503	2589	26	38	37.248	17.741	66.625	0.442	2.100	0.476	0.795
321	13423	24.552	12.763	0	84	650.281	2973	2591	124	172	163.598	104.468	106.673	0.399	1.566	0.639	0.887
322	25005	27.673	19.389	0	114	1040.146	3853	2591	146	272	245.275	129.803	79.196	0.290	1.890	0.529	0.827
323	134	28.724	14.431	2	74	45.698	3170	2617	16	13	15.060	11.329	4.852	0.806	1.329	0.752	0.854
324	205	19.488	9.416	2	55	65.598	3656	2634	21	15	20.404	12.792	16.540	0.599	1.595	0.627	0.807
325	30	36.933	13.678	12	71	20.971	58	2659	6	8	6.945	5.500	128.310	0.857	1.263	0.792	0.789
326	108	45.250	17.484	5	79	43.456	567	2661	12	14	14.186	9.694	121.776	0.719	1.463	0.683	0.815
327	29	11.172	5.923	1	28	30.385	1985	2675	9	7	7.598	4.860	153.865	0.395	1.563	0.640	0.580
328	155	26.232	11.513	1	58	53.355	3111	2675	13	19	18.393	10.730	73.563	0.684	1.714	0.583	0.827
329	1036	54.170	25.464	0	132	175.581	2	2684	56	41	59.330	22.233	150.710	0.422	2.669	0.375	0.767
330	336	46.902	18.684	8	95	84.083	1736	2685	29	21	27.066	15.806	148.121	0.597	1.712	0.584	0.815
331	458	32.980	13.672	2	68	90.083	3656	2685	31	22	29.164	19.996	168.336	0.709	1.458	0.686	0.872
332	132	46.182	11.318	17	78	48.284	2757	2687	12	16	15.490	10.850	91.223	0.711	1.428	0.700	0.820
333	21	18.667	7.832	3	29	20.142	165	2697	6	7	5.934	4.506	115.332	0.650	1.317	0.759	0.712
334	473	50.047	20.868	5	119	91.740	2261	2706	26	29	31.290	19.247	121.362	0.706	1.626	0.615	0.888
335	45	18.867	11.094	1	47	29.799	1374	2709	9	10	9.456	6.059	131.464	0.637	1.560	0.641	0.732
336	45	17.333	7.604	4	34	28.971	2010	2724	8	9	10.467	5.474	121.278	0.674	1.912	0.523	0.783
337	42	37.690	11.145	12	63	29.213	151	2733	9	8	7.892	6.776	24.422	0.618	1.165	0.859	0.718
338	43	31.535	10.968	4	47	28.385	1505	2752	9	9	10.311	5.310	139.457	0.671	1.942	0.515	0.748
339	66	39.076	17.468	4	75	44.627	1391	2753	11	12	11.072	7.590	62.208	0.416	1.459	0.685	0.660
340	285	50.551	19.401	4	89	70.184	284	2756	22	20	23.538	15.417	144.258	0.727	1.527	0.655	0.865
341	238	22.878	11.249	1	53	73.255	2266	2761	19	26	26.466	11.450	126.490	0.557	2.311	0.433	0.796
342	292	54.521	19.619	7	96	73.012	326	2762	18	25	24.161	15.388	113.043	0.688	1.570	0.637	0.851
343	206	53.150	15.366	2	84	56.770	865	2767	17	18	19.020	13.790	131.447	0.803	1.379	0.725	0.880
344	263	52.817	17.299	11	91	69.012	2176	2777	22	19	19.696	17.001	144.020	0.694	1.158	0.863	0.842
345	385	31.525	13.440	1	79	112.468	3655	2778	27	32	33.673	14.558	128.818	0.382	2.313	0.432	0.692
346	1546	46.697	22.833	2	122	191.723	3201	2779	60	48	69.974	28.131	147.092	0.529	2.487	0.402	0.860
347	1355	53.933	29.251	0	124	167.338	1154	2785	57	33	57.224	30.149	1.276	0.608	1.898	0.527	0.861
348	40	21.625	8.475	2	37	24.728	3573	2786	8	7	7.807	6.524	147.481	0.822	1.197	0.836	0.851
349	185	34.816	14.327	2	83	56.042	3063	2791	15	17	15.933	14.784	93.337	0.740	1.078	0.928	0.871
350	951	38.170	18.978	1	97	133.296	2437	2816	38	38	38.441	31.499	143.137	0.673	1.220	0.819	0.863
351	3400	48.505	26.351	0	130	303.706	2621	2817	79	86	77.328	55.983	43.441	0.463	1.381	0.724	0.779
352	60	18.533	8.528	2	37	46.284	1483	2825	13	14	15.151	5.042	47.843	0.352	3.005	0.333	0.635
353	214	66.603	21.342	9	119	57.355	841	2835	17	18	17.485	15.583	65.945	0.817	1.122	0.891	0.877
354	43	19.837	8.283	4	38	30.627	1487	2840	10	10	10.773	5.082	129.744	0.576	2.120	0.472	0.683
355	267	39.682	14.717	8	86	63.113	138	2848	16	22	21.467	15.836	93.324	0.842	1.356	0.738	0.910
356	16	16.500	6.077	4	26	14.728	3236	2848	6	4	5.711	3.567	176.987	0.927	1.601	0.625	0.821
357	16	25.625	8.755	15	43	15.899	57	2851	5	4	5.473	3.722	172.001	0.795	1.470	0.680	0.821
358	127	44.780	15.970	10	91	45.941	2503	2859	14	16	14.401	11.228	82.322	0.756	1.283	0.780	0.804
359	1514	18.832	9.503	0	57	206.208	2145	2876	45	51	47.035	40.984	129.224	0.447	1.148	0.871	0.845
360	205	45.224	17.582	5	81	65.355	2947	2882	14	26	24.168	10.800	101.982	0.603	2.238	0.447	0.837
361	527	22.825	11.110	1	56	109.882	1141	2885	31	27	28.708	23.374	6.401	0.548	1.228	0.814	0.823
362	26	20.846	10.608	3	39	19.314	2710	2892	6	6	6.291	5.262	139.002	0.876	1.196	0.836	0.867
363	70	16.714	8.794	1	45	40.042	130	2928	11	13	12.096	7.368	132.837	0.549	1.642	0.609	0.693
364	29	23.655	6.602	6	33	39.799	3522	2928	9	15	12.407	2.976	58.861	0.230	4.169	0.240	0.400
365	951	37.305	16.477	1	94	146.953	2112	2935	37	40	41.586	29.117	128.383	0.553	1.428	0.700	0.862
366	76	42.395	12.898	19	70	34.385	2855	2941	11	10	13.523	7.156	135.663	0.808	1.890	0.529	0.879
367	29	30.034	11.894	9	60	22.971	3236	2945	8	6	7.718	4.784	165.718	0.691	1.613	0.620	0.734
368	1778	46.868	26.641	1	125	179.238	1937	2948	58	46	57.830	39.146	25.458	0.695	1.477	0.677	0.915
369	642	53.299	29.839	1	128	109.397	1408	2952	33	30	33.085	24.706	30.174	0.674	1.339	0.747	0.872
370	19	22.684	10.636	7	50	17.314	3078	2966	5	6	5.788	4.179	72.017	0.796	1.385	0.722	0.826
371	109	16.606	7.888	2	40	48.870	3312	2975	12	14	12.968	10.702	85.345	0.574	1.212	0.825	0.762
372	441	47.141	18.039	0	96	86.426	3765	2977	28	22	27.205	20.640	5.264	0.742	1.318	0.759	0.881
373	90	72.878	17.757	4	107	35.799	11	2978	10	12	11.037	10.382	93.836	0.882	1.063	0.941	0.891
374	32	85.062	24.643	35	131	30.728	1577	2995	14	4	12.488	3.263	3.796	0.426	3.828	0.261	0.780
