 	Area	Mean	StdDev	Min	Max	Perim.	BX	BY	Width	Height	Major	Minor	Angle	Circ.	AR	Round	Solidity
1	35	54.886	9.212	32	71	24.142	178	1	10	5	8.969	4.969	179.282	0.755	1.805	0.554	0.854
2	4194	41.847	34.987	0	144	292.693	1880	1	104	62	104.164	51.265	159.449	0.615	2.032	0.492	0.944
3	1518	35.202	16.878	1	103	181.782	2181	1	39	53	53.116	36.388	94.663	0.577	1.460	0.685	0.900
4	1604	34.186	19.041	1	113	207.480	2917	1	41	56	59.647	34.240	74.652	0.468	1.742	0.574	0.843
5	1708	46.028	29.523	1	140	182.853	3534	1	54	52	63.494	34.250	49.972	0.642	1.854	0.539	0.912
6	10337	37.058	29.222	0	133	512.701	2333	13	109	138	136.191	96.640	79.342	0.494	1.409	0.710	0.880
7	184	13.228	7.228	1	38	92.326	3407	22	18	22	17.661	13.265	77.905	0.271	1.331	0.751	0.587
8	2003	62.088	33.802	0	148	184.167	1244	25	54	54	56.784	44.912	118.304	0.742	1.264	0.791	0.920
9	1074	20.451	9.677	0	56	179.480	412	28	40	44	41.032	33.327	76.607	0.419	1.231	0.812	0.808
10	49	25.796	12.040	4	51	28.385	1542	31	9	9	10.121	6.164	45.006	0.764	1.642	0.609	0.797
11	1889	33.370	17.411	0	85	246.693	2752	32	47	71	61.673	38.998	72.109	0.390	1.581	0.632	0.802
12	26	19.308	9.155	4	40	21.314	1696	35	6	7	6.960	4.757	93.482	0.719	1.463	0.683	0.788
13	576	14.533	7.211	0	35	147.439	146	44	33	31	30.774	23.831	41.349	0.333	1.291	0.774	0.760
14	176	71.017	16.074	20	107	52.042	3249	46	14	17	16.435	13.635	74.744	0.817	1.205	0.830	0.878
15	213	25.690	14.566	1	65	76.083	2106	51	22	24	30.461	8.903	46.466	0.462	3.421	0.292	0.721
16	363	82.234	28.455	4	157	74.426	3820	51	21	25	23.898	19.340	96.078	0.823	1.236	0.809	0.904
17	66	23.318	8.035	1	40	32.385	255	64	11	9	10.255	8.195	138.695	0.791	1.251	0.799	0.835
18	1259	31.879	21.914	1	108	248.350	1356	71	51	60	58.922	27.206	119.436	0.257	2.166	0.462	0.668
19	135	15.807	8.539	1	41	74.426	3633	72	11	22	20.393	8.429	87.859	0.306	2.420	0.413	0.670
20	102	26.951	10.467	5	48	46.870	2449	90	14	13	14.403	9.017	49.580	0.583	1.597	0.626	0.776
21	19	17.789	8.073	4	30	16.485	1323	105	5	5	5.886	4.110	53.641	0.879	1.432	0.698	0.864
22	364	21.547	12.402	1	66	180.409	3356	114	15	64	55.771	8.310	91.175	0.141	6.711	0.149	0.470
23	18	11.000	6.624	1	22	24.142	1958	122	8	7	8.201	2.795	134.549	0.388	2.935	0.341	0.545
24	436	39.183	15.294	5	85	95.154	270	124	30	25	25.723	21.581	157.555	0.605	1.192	0.839	0.820
25	18	12.556	5.963	4	25	26.142	1955	124	4	11	10.076	2.274	104.813	0.331	4.430	0.226	0.610
26	37	12.324	7.930	0	30	39.213	1954	132	15	8	13.262	3.552	30.583	0.302	3.734	0.268	0.514
27	28	32.893	10.493	7	54	22.142	1	141	5	9	7.831	4.553	93.446	0.718	1.720	0.581	0.824
28	163	47.963	14.825	7	78	56.284	1341	142	18	14	17.879	11.608	157.856	0.647	1.540	0.649	0.832
29	23	18.217	9.410	5	39	20.728	506	147	6	7	6.078	4.818	87.309	0.673	1.262	0.793	0.742
30	4901	32.148	17.014	0	104	392.617	1163	148	76	106	91.944	67.869	80.860	0.400	1.355	0.738	0.842
31	58	18.948	10.352	3	45	46.870	1282	149	12	11	9.196	8.031	157.707	0.332	1.145	0.873	0.547
32	138	43.906	16.098	5	80	47.698	4	152	16	13	15.374	11.429	22.533	0.762	1.345	0.743	0.841
33	312	65.372	24.819	7	124	77.255	3538	153	21	25	26.033	15.260	55.953	0.657	1.706	0.586	0.834
34	1554	31.725	14.885	1	81	195.723	392	154	45	52	50.645	39.068	70.755	0.510	1.296	0.771	0.840
35	123	19.244	10.297	1	51	53.113	950	163	14	17	16.355	9.575	56.850	0.548	1.708	0.585	0.739
36	1183	51.998	22.271	3	113	150.267	3588	176	43	41	44.125	34.135	146.985	0.658	1.293	0.774	0.879
37	33	19.030	7.780	6	40	25.556	564	177	8	8	8.122	5.173	37.526	0.635	1.570	0.637	0.725
38	144	30.083	13.061	4	64	47.941	2748	229	15	16	17.213	10.652	130.552	0.787	1.616	0.619	0.840
39	54	45.000	14.691	12	74	28.971	429	230	8	9	9.343	7.359	115.363	0.809	1.270	0.788	0.844
40	233	17.245	7.797	0	38	75.012	1916	233	18	24	20.131	14.737	77.696	0.520	1.366	0.732	0.755
41	552	54.861	20.821	2	119	104.711	1255	270	36	31	41.154	17.078	40.838	0.633	2.410	0.415	0.861
42	8598	35.048	22.076	0	125	722.566	2567	271	124	176	149.307	73.321	72.615	0.207	2.036	0.491	0.698
43	38	37.789	12.749	13	63	25.799	804	279	8	9	7.970	6.071	52.611	0.717	1.313	0.762	0.760
44	419	36.425	16.240	1	83	111.640	1032	307	28	33	32.201	16.567	53.583	0.422	1.944	0.514	0.757
45	67	35.388	13.344	8	58	31.899	664	309	7	11	11.453	7.449	82.226	0.827	1.538	0.650	0.931
46	122	27.975	8.137	7	50	42.627	533	311	13	13	13.357	11.630	60.598	0.844	1.149	0.871	0.887
47	353	68.915	21.975	1	118	74.184	1598	339	22	23	22.812	19.703	97.073	0.806	1.158	0.864	0.880
48	77	21.675	13.069	1	55	44.870	3234	341	16	9	13.976	7.015	6.957	0.481	1.992	0.502	0.706
49	22	18.136	10.412	2	45	17.899	123	369	6	5	5.618	4.986	131.376	0.863	1.127	0.887	0.863
50	965	52.595	23.278	1	109	152.267	640	372	37	48	52.290	23.497	63.692	0.523	2.225	0.449	0.867
51	363	61.997	23.594	1	125	79.841	1973	377	20	28	26.797	17.247	86.428	0.716	1.554	0.644	0.865
52	26	17.538	6.433	4	30	27.556	497	386	10	7	7.321	4.522	165.351	0.430	1.619	0.618	0.559
53	38	28.895	11.914	7	59	26.971	2910	407	8	9	8.092	5.979	44.896	0.656	1.353	0.739	0.724
54	491	20.391	9.945	1	55	102.569	936	414	25	31	27.679	22.586	67.121	0.586	1.226	0.816	0.836
55	10806	29.023	15.723	0	95	670.524	2368	414	144	164	131.152	104.906	89.307	0.302	1.250	0.800	0.749
56	339	24.622	12.748	2	75	101.397	2148	420	27	31	33.727	12.798	47.329	0.414	2.635	0.379	0.721
57	1417	51.935	26.158	0	119	172.024	559	428	56	40	52.745	34.206	162.873	0.602	1.542	0.649	0.866
58	209	13.608	8.044	0	43	138.610	3506	434	21	31	18.857	14.112	72.192	0.137	1.336	0.748	0.480
59	25	16.440	6.138	4	26	20.728	3700	444	8	5	7.923	4.017	21.122	0.731	1.972	0.507	0.794
60	1412	42.041	17.532	1	112	174.409	3775	459	40	54	51.459	34.937	92.322	0.583	1.473	0.679	0.878
61	5716	23.292	14.053	0	84	463.245	1670	467	105	90	106.313	68.457	158.551	0.335	1.553	0.644	0.803
62	2415	49.855	26.408	1	128	223.179	166	468	76	53	68.188	45.094	9.658	0.609	1.512	0.661	0.874
63	22	11.318	4.623	4	22	32.971	2501	479	11	8	7.033	3.983	160.392	0.254	1.766	0.566	0.407
64	335	44.743	17.351	2	86	86.669	1230	487	17	30	29.365	14.525	95.746	0.560	2.022	0.495	0.813
65	1254	15.014	8.369	0	49	256.350	2252	492	48	43	44.704	35.716	26.104	0.240	1.252	0.799	0.767
66	18	13.611	5.863	5	27	17.071	1999	497	4	6	5.650	4.056	116.001	0.776	1.393	0.718	0.857
67	109	30.294	13.002	2	56	48.284	2060	504	9	19	18.236	7.610	100.241	0.588	2.396	0.417	0.810
68	783	27.031	11.855	2	64	147.196	2738	517	34	41	38.002	26.234	57.125	0.454	1.449	0.690	0.805
69	101	26.990	12.318	5	59	51.698	3740	521	17	12	14.654	8.775	172.364	0.475	1.670	0.599	0.687
70	123	56.967	14.929	13	88	42.627	678	532	14	12	12.991	12.055	170.785	0.851	1.078	0.928	0.885
71	41	18.902	10.516	3	43	27.799	2964	538	9	9	9.126	5.720	125.991	0.667	1.595	0.627	0.739
72	231	29.052	11.464	2	73	66.770	2545	543	19	22	23.284	12.632	49.508	0.651	1.843	0.543	0.811
73	175	26.989	9.976	5	48	55.213	505	552	16	14	16.051	13.882	11.070	0.721	1.156	0.865	0.875
74	597	61.111	30.155	1	139	94.569	1049	556	30	27	29.600	25.680	22.736	0.839	1.153	0.868	0.926
75	190	25.116	16.308	1	75	75.012	398	557	12	29	25.221	9.592	87.875	0.424	2.629	0.380	0.710
76	16	16.375	9.215	4	33	18.485	1239	564	3	8	7.068	2.882	85.246	0.588	2.453	0.408	0.800
77	58	29.379	8.806	8	55	32.627	2669	566	10	11	9.956	7.417	67.955	0.685	1.342	0.745	0.784
78	184	31.272	11.375	2	60	53.941	2475	576	19	15	17.718	13.223	178.794	0.795	1.340	0.746	0.860
79	89	47.404	14.216	4	77	34.627	3649	581	12	10	12.010	9.436	165.532	0.933	1.273	0.786	0.899
80	190	48.284	18.210	6	89	57.113	1017	584	17	18	19.440	12.444	46.464	0.732	1.562	0.640	0.866
81	87	41.437	16.995	4	69	39.799	562	585	8	14	14.280	7.757	85.084	0.690	1.841	0.543	0.861
82	270	50.637	18.200	1	93	68.669	3335	593	20	23	21.086	16.304	53.752	0.720	1.293	0.773	0.848
83	171	35.497	19.574	1	72	81.841	3662	607	32	11	28.614	7.609	4.031	0.321	3.761	0.266	0.664
84	427	42.890	20.351	0	104	88.225	1414	641	29	27	27.746	19.595	33.563	0.689	1.416	0.706	0.839
85	380	24.911	10.921	0	60	90.912	2719	660	22	28	25.997	18.611	108.325	0.578	1.397	0.716	0.815
86	604	46.788	18.558	1	102	106.225	1028	670	28	32	30.931	24.863	73.891	0.673	1.244	0.804	0.871
87	575	21.944	9.460	1	58	125.882	545	673	28	35	32.809	22.314	63.757	0.456	1.470	0.680	0.793
88	41	17.366	9.340	2	36	36.385	660	680	12	10	8.438	6.186	170.088	0.389	1.364	0.733	0.562
89	29	17.690	8.251	2	32	25.556	613	681	7	9	10.905	3.386	60.582	0.558	3.220	0.311	0.716
90	28	23.714	9.010	6	41	22.385	3104	706	7	8	7.193	4.956	70.229	0.702	1.451	0.689	0.700
91	66	32.258	11.539	12	70	32.627	3908	706	10	11	9.812	8.565	51.705	0.779	1.146	0.873	0.815
92	370	59.011	23.792	3	127	93.497	2239	716	23	31	31.117	15.140	123.547	0.532	2.055	0.487	0.758
93	175	32.463	10.663	10	54	53.355	258	717	15	18	16.562	13.453	125.320	0.772	1.231	0.812	0.866
94	193	17.891	8.411	2	46	58.770	1676	722	17	20	21.245	11.567	58.580	0.702	1.837	0.544	0.848
95	91	20.242	8.390	3	42	46.870	2580	734	11	14	12.943	8.952	65.102	0.521	1.446	0.692	0.737
96	423	37.052	14.756	5	91	95.740	130	740	23	30	31.164	17.282	115.634	0.580	1.803	0.555	0.841
97	42	25.214	8.102	10	44	23.314	2304	742	7	7	7.555	7.079	79.570	0.971	1.067	0.937	0.923
98	179	15.877	8.568	1	50	78.083	1609	743	15	24	19.526	11.672	106.781	0.369	1.673	0.598	0.690
99	51	30.451	9.287	9	47	27.556	3080	755	8	9	8.712	7.454	106.721	0.844	1.169	0.856	0.850
100	320	55.788	21.162	6	105	78.426	2107	770	23	23	20.629	19.751	154.397	0.654	1.044	0.957	0.823
101	94	26.021	10.179	3	44	57.598	554	786	15	18	18.468	6.481	63.184	0.356	2.850	0.351	0.629
102	175	9.531	6.043	0	28	99.397	279	787	22	18	18.136	12.286	19.751	0.223	1.476	0.677	0.588
103	42	16.048	7.265	2	33	30.971	272	800	7	12	9.792	5.461	72.114	0.550	1.793	0.558	0.718
104	217	19.212	9.317	2	45	75.012	2935	800	21	23	27.570	10.021	48.332	0.485	2.751	0.363	0.759
105	936	41.201	17.515	0	93	141.196	3720	806	33	43	42.456	28.070	67.018	0.590	1.512	0.661	0.855
106	1372	21.579	12.167	0	59	204.066	327	812	57	42	52.039	33.569	174.879	0.414	1.550	0.645	0.773
107	410	31.105	14.814	1	72	91.255	2170	812	28	23	29.611	17.629	29.528	0.619	1.680	0.595	0.863
108	150	23.473	13.280	2	67	60.527	859	813	14	19	18.385	10.388	65.594	0.515	1.770	0.565	0.765
109	1677	15.184	8.419	0	62	190.752	2367	813	48	54	50.333	42.422	68.986	0.579	1.186	0.843	0.860
110	703	33.236	15.204	1	71	112.468	2897	818	32	32	33.147	27.003	45.101	0.698	1.228	0.815	0.896
111	16	22.312	8.300	8	36	22.142	2351	819	5	9	7.352	2.771	105.482	0.410	2.653	0.377	0.542
112	1116	44.147	22.330	1	117	148.024	1215	834	44	41	40.054	35.476	141.997	0.640	1.129	0.886	0.861
113	2868	43.491	23.571	0	117	244.007	1126	840	61	71	68.639	53.201	64.443	0.605	1.290	0.775	0.910
114	52	31.577	10.591	10	57	30.042	3781	852	9	10	10.386	6.375	67.341	0.724	1.629	0.614	0.776
115	973	19.417	12.323	0	68	232.007	1594	859	40	55	56.750	21.830	61.617	0.227	2.600	0.385	0.710
116	40	30.975	11.937	0	48	24.142	3875	862	7	8	7.604	6.698	52.445	0.862	1.135	0.881	0.860
117	142	34.296	11.651	7	72	47.456	468	867	11	18	16.954	10.664	77.868	0.792	1.590	0.629	0.893
118	245	35.796	14.019	5	84	63.941	1019	869	18	19	19.454	16.035	129.520	0.753	1.213	0.824	0.878
119	788	52.041	24.694	2	138	132.711	3604	877	26	44	45.458	22.071	81.014	0.562	2.060	0.486	0.852
120	630	13.429	7.130	0	38	176.066	3282	895	34	35	32.658	24.562	51.322	0.255	1.330	0.752	0.729
121	928	62.987	32.981	1	162	123.054	932	898	28	47	44.907	26.312	97.022	0.770	1.707	0.586	0.924
122	1205	16.503	8.632	1	48	192.551	2053	906	45	43	39.874	38.478	87.751	0.408	1.036	0.965	0.815
123	3797	43.742	26.475	0	128	260.250	203	908	76	75	75.610	63.940	139.330	0.704	1.183	0.846	0.918
124	153	13.471	7.412	0	35	69.598	2624	918	14	24	20.368	9.564	99.038	0.397	2.130	0.470	0.635
125	44	30.386	12.886	1	52	32.627	1369	927	12	7	11.938	4.693	164.705	0.519	2.544	0.393	0.688
126	219	25.950	9.485	2	48	69.698	2911	927	15	21	19.702	14.153	87.599	0.567	1.392	0.718	0.801
127	673	79.331	40.013	0	157	107.640	531	944	29	32	32.031	26.752	118.141	0.730	1.197	0.835	0.890
128	68	19.221	10.099	2	47	37.113	605	945	11	13	13.187	6.565	58.805	0.620	2.009	0.498	0.739
129	43	35.395	10.684	7	56	27.556	1451	945	7	9	7.914	6.918	83.334	0.712	1.144	0.874	0.804
130	654	17.159	8.972	0	51	133.882	1155	947	31	32	30.947	26.907	36.196	0.459	1.150	0.869	0.819
131	982	19.662	9.445	0	53	157.439	1347	948	40	40	39.381	31.749	57.889	0.498	1.240	0.806	0.852
132	26	17.115	7.501	3	28	22.971	188	952	8	7	7.498	4.415	143.186	0.619	1.698	0.589	0.675
133	1678	51.181	26.823	1	144	190.995	750	961	66	44	66.067	32.339	21.004	0.578	2.043	0.489	0.872
134	17	17.294	8.773	7	36	15.314	3111	966	5	5	6.393	3.386	41.634	0.911	1.888	0.530	0.829
135	75	42.960	15.524	5	79	37.213	1122	969	11	12	11.847	8.061	70.459	0.681	1.470	0.680	0.777
136	179	18.877	9.429	1	41	74.184	109	974	13	27	25.837	8.821	96.323	0.409	2.929	0.341	0.674
137	31	16.097	7.529	5	32	24.728	404	977	9	6	8.560	4.611	3.989	0.637	1.856	0.539	0.729
138	122	22.639	10.705	1	45	58.527	1288	979	12	19	18.345	8.467	74.190	0.448	2.167	0.462	0.711
139	1828	50.510	23.932	0	133	181.823	509	982	45	63	60.949	38.187	103.958	0.695	1.596	0.627	0.905
140	388	31.134	14.804	2	80	98.912	2236	982	27	30	30.966	15.954	52.079	0.498	1.941	0.515	0.772
141	251	14.745	7.579	1	34	102.326	3872	994	20	26	21.422	14.918	64.491	0.301	1.436	0.696	0.681
142	19	25.316	9.452	4	39	16.728	9	1000	5	6	6.523	3.709	51.838	0.853	1.759	0.569	0.809
143	233	63.575	20.042	8	126	61.941	906	1000	17	21	23.615	12.563	53.217	0.763	1.880	0.532	0.878
144	75	31.160	10.829	12	55	35.213	3425	1002	10	11	10.989	8.690	113.083	0.760	1.265	0.791	0.829
145	36	27.139	13.180	4	52	22.728	1303	1005	7	7	8.724	5.254	47.203	0.876	1.660	0.602	0.878
146	835	51.366	17.958	5	110	118.225	97	1009	34	35	33.248	31.977	134.202	0.751	1.040	0.962	0.907
147	18	16.500	8.176	2	31	17.314	2228	1011	6	5	5.715	4.010	54.217	0.755	1.425	0.702	0.766
148	137	39.343	17.092	2	82	50.042	2511	1011	17	12	15.567	11.205	2.342	0.687	1.389	0.720	0.825
149	30	20.000	6.248	7	31	24.971	2563	1011	7	7	6.660	5.735	75.794	0.605	1.161	0.861	0.723
150	99	32.000	12.150	5	60	39.799	470	1015	14	10	12.729	9.903	177.491	0.785	1.285	0.778	0.861
151	5023	21.121	10.379	0	63	374.960	3675	1017	71	107	101.300	63.134	72.044	0.449	1.605	0.623	0.892
152	347	39.150	16.160	4	80	79.841	1143	1032	27	19	26.143	16.900	17.969	0.684	1.547	0.646	0.854
153	437	20.135	10.991	1	57	111.640	2578	1035	27	27	27.627	20.140	36.867	0.441	1.372	0.729	0.763
154	143	20.497	10.816	1	48	55.113	501	1054	13	19	15.354	11.858	86.761	0.592	1.295	0.772	0.769
155	23	19.261	9.445	4	38	18.728	1872	1063	5	7	7.307	4.008	71.395	0.824	1.823	0.548	0.836
156	63	17.952	9.201	4	40	34.385	597	1068	8	12	12.539	6.397	76.855	0.670	1.960	0.510	0.824
157	31	25.581	10.692	4	46	24.728	394	1069	7	8	8.664	4.555	52.037	0.637	1.902	0.526	0.785
158	297	24.990	11.285	2	57	80.083	3137	1078	26	18	23.661	15.982	5.015	0.582	1.480	0.675	0.799
159	105	47.105	18.023	6	83	46.527	2391	1079	14	14	12.300	10.869	59.904	0.610	1.132	0.884	0.747
160	18	16.889	7.910	3	31	15.899	2349	1081	6	4	5.668	4.044	4.897	0.895	1.402	0.713	0.878
161	132	25.242	11.624	4	50	52.284	2497	1083	18	12	17.863	9.409	173.538	0.607	1.899	0.527	0.802
162	30	20.033	7.156	7	31	23.556	475	1094	7	8	7.285	5.243	67.827	0.679	1.389	0.720	0.723
163	3939	45.504	25.288	0	143	316.534	1746	1097	79	86	80.552	62.261	63.780	0.494	1.294	0.773	0.823
164	391	32.844	12.307	1	67	93.154	1623	1103	34	18	30.999	16.060	2.326	0.566	1.930	0.518	0.806
165	108	28.796	14.308	1	61	50.284	597	1104	13	17	16.973	8.102	57.334	0.537	2.095	0.477	0.737
166	42	24.000	12.595	1	56	24.728	3734	1107	8	7	7.544	7.089	44.711	0.863	1.064	0.940	0.875
167	74	30.757	12.912	7	63	38.627	1293	1124	10	14	12.718	7.409	119.943	0.623	1.717	0.583	0.751
168	100	42.500	12.240	7	68	42.042	3693	1127	12	12	12.474	10.207	123.788	0.711	1.222	0.818	0.823
169	488	35.414	12.976	4	79	94.912	1048	1143	28	30	31.255	19.879	46.225	0.681	1.572	0.636	0.869
170	26	13.192	8.371	4	34	29.799	3950	1155	7	10	7.877	4.203	69.034	0.368	1.874	0.534	0.565
171	39	11.718	6.324	3	30	40.627	2835	1159	9	13	10.161	4.887	111.433	0.297	2.079	0.481	0.517
172	232	58.500	18.405	3	105	62.527	767	1161	18	20	19.332	15.280	128.113	0.746	1.265	0.790	0.856
173	163	21.245	10.633	0	45	61.698	2693	1163	18	19	18.679	11.111	49.099	0.538	1.681	0.595	0.765
174	197	28.766	13.727	1	63	66.527	3379	1168	24	13	22.001	11.401	1.024	0.559	1.930	0.518	0.798
175	23	17.435	9.356	3	33	18.485	1809	1172	6	5	6.284	4.660	29.185	0.846	1.349	0.742	0.885
176	64	39.078	12.370	4	60	30.142	3858	1176	8	10	10.770	7.566	56.837	0.885	1.423	0.703	0.908
177	1156	15.598	8.551	0	48	212.794	2057	1180	46	42	41.224	35.704	20.683	0.321	1.155	0.866	0.777
178	90	16.956	8.722	1	37	59.698	459	1184	13	17	13.553	8.455	113.677	0.317	1.603	0.624	0.629
179	94	55.755	16.652	8	89	37.799	1316	1195	10	13	13.097	9.138	104.826	0.827	1.433	0.698	0.866
180	21	10.286	5.283	2	21	32.385	1257	1204	8	9	7.096	3.768	110.720	0.252	1.883	0.531	0.412
181	59	23.475	11.336	5	57	38.284	1241	1215	11	12	9.655	7.781	53.859	0.506	1.241	0.806	0.663
182	21	13.905	7.141	1	29	19.556	2157	1226	6	7	6.202	4.311	111.328	0.690	1.439	0.695	0.677
183	270	26.778	11.952	1	71	81.255	3769	1234	22	20	21.376	16.082	13.752	0.514	1.329	0.752	0.766
184	11036	35.987	23.477	0	127	570.198	1275	1247	148	149	160.292	87.662	47.284	0.427	1.829	0.547	0.836
185	142	11.923	6.439	0	35	85.255	1914	1252	15	19	17.227	10.495	116.028	0.246	1.641	0.609	0.640
186	296	51.307	18.545	6	91	71.841	3135	1265	23	22	26.502	14.221	41.954	0.721	1.864	0.537	0.882
187	48	21.812	10.291	2	44	28.971	1604	1269	9	9	8.273	7.388	76.886	0.719	1.120	0.893	0.780
188	35	13.000	8.011	3	36	25.556	2480	1271	8	8	8.767	5.083	34.039	0.673	1.725	0.580	0.761
189	244	12.930	7.568	0	40	171.238	1527	1277	26	29	21.578	14.398	64.390	0.105	1.499	0.667	0.456
190	271	23.114	11.443	0	55	85.154	3776	1282	19	27	21.557	16.007	75.031	0.470	1.347	0.743	0.757
191	52	19.269	11.450	0	54	30.385	2950	1293	9	10	9.822	6.741	117.634	0.708	1.457	0.686	0.788
192	83	26.940	8.956	5	44	38.870	1677	1297	13	11	13.408	7.882	145.852	0.690	1.701	0.588	0.794
193	883	20.171	9.878	0	58	156.267	3099	1297	34	40	37.906	29.660	77.901	0.454	1.278	0.782	0.835
194	361	34.776	13.506	4	74	84.912	3740	1302	30	19	29.418	15.624	167.080	0.629	1.883	0.531	0.838
195	104	52.202	15.183	7	79	39.213	3235	1303	14	10	13.992	9.464	172.941	0.850	1.478	0.676	0.885
196	1868	16.627	8.890	0	59	295.563	127	1304	49	68	63.575	37.411	59.697	0.269	1.699	0.588	0.791
197	97	51.742	13.453	13	84	37.213	1640	1308	12	11	11.817	10.451	10.584	0.880	1.131	0.884	0.878
198	346	48.474	22.545	3	106	80.083	1826	1325	20	26	25.487	17.285	104.471	0.678	1.474	0.678	0.856
199	788	26.481	11.335	2	72	129.539	929	1329	32	35	34.058	29.459	92.452	0.590	1.156	0.865	0.872
200	25	17.560	6.844	7	31	20.142	1045	1352	5	8	6.796	4.684	90.496	0.774	1.451	0.689	0.820
201	16	25.625	11.177	10	48	18.142	1912	1370	7	5	7.368	2.765	30.442	0.611	2.665	0.375	0.696
202	36	14.417	8.923	1	34	41.456	3027	1379	10	13	11.382	4.027	123.716	0.263	2.826	0.354	0.465
203	32	13.750	6.525	3	31	24.142	433	1391	6	8	7.746	5.260	108.529	0.690	1.473	0.679	0.771
204	40	23.650	12.823	2	49	30.971	1948	1409	8	11	10.580	4.814	57.393	0.524	2.198	0.455	0.714
205	29	17.759	7.090	1	29	20.728	3081	1424	6	7	7.391	4.995	53.110	0.848	1.480	0.676	0.817
206	62	33.081	11.202	13	58	31.799	1290	1428	10	10	9.657	8.174	107.841	0.771	1.181	0.846	0.810
207	4043	27.321	14.692	0	93	400.274	1956	1428	81	101	106.616	48.283	119.497	0.317	2.208	0.453	0.813
208	88	24.102	9.518	5	43	38.627	320	1433	11	12	13.046	8.589	46.638	0.741	1.519	0.658	0.842
209	242	27.310	13.368	1	66	84.083	3831	1433	20	29	27.732	11.111	119.328	0.430	2.496	0.401	0.710
210	8183	19.809	10.371	0	66	574.198	2138	1443	84	154	154.793	67.309	78.868	0.312	2.300	0.435	0.835
211	184	38.114	17.632	1	80	53.698	2740	1456	17	16	16.256	14.412	16.269	0.802	1.128	0.887	0.848
212	118	32.958	11.114	4	63	41.799	18	1466	12	13	12.847	11.695	63.918	0.849	1.098	0.910	0.887
213	87	23.460	9.526	1	58	41.213	1199	1466	13	11	11.470	9.657	1.451	0.644	1.188	0.842	0.791
214	3173	21.157	10.669	0	62	331.848	3018	1480	61	86	81.678	49.462	68.274	0.362	1.651	0.606	0.830
215	124	35.766	13.592	5	65	47.698	1515	1488	11	17	17.557	8.993	74.548	0.685	1.952	0.512	0.849
216	121	53.992	15.584	7	93	45.456	3368	1492	13	13	14.543	10.593	33.688	0.736	1.373	0.728	0.840
217	269	32.160	12.332	3	67	80.426	482	1504	25	19	28.513	12.012	155.081	0.523	2.374	0.421	0.830
218	586	15.131	8.123	1	44	124.468	211	1527	29	32	29.095	25.644	103.725	0.475	1.135	0.881	0.821
219	338	44.308	15.439	6	87	77.941	657	1528	20	23	24.192	17.789	51.113	0.699	1.360	0.735	0.891
220	92	17.565	8.964	0	44	49.456	3520	1539	16	11	13.556	8.641	12.652	0.473	1.569	0.637	0.687
221	111	62.396	22.975	2	98	42.042	677	1551	11	15	14.023	10.078	71.231	0.789	1.391	0.719	0.871
222	3317	37.249	21.799	0	110	329.605	2805	1558	83	78	66.116	63.877	154.219	0.384	1.035	0.966	0.784
223	135	40.067	18.540	3	80	52.527	2406	1564	16	15	15.572	11.038	33.003	0.615	1.411	0.709	0.769
224	37	29.486	11.194	5	59	25.556	343	1569	7	9	8.271	5.696	130.818	0.712	1.452	0.689	0.763
225	368	33.280	15.907	2	78	90.569	3068	1570	21	30	28.182	16.626	113.076	0.564	1.695	0.590	0.822
226	17	12.824	4.599	5	23	15.899	595	1579	6	4	6.707	3.227	25.379	0.845	2.078	0.481	0.850
227	1605	48.832	24.803	1	137	182.167	347	1595	59	48	59.241	34.496	25.947	0.608	1.717	0.582	0.877
228	179	31.754	15.088	0	61	79.012	2111	1601	14	22	21.925	10.395	95.630	0.360	2.109	0.474	0.678
229	92	22.902	11.602	1	56	40.627	182	1612	13	11	12.393	9.452	154.595	0.700	1.311	0.763	0.811
230	83	45.361	19.329	5	83	41.698	2935	1623	12	15	12.328	8.572	86.305	0.600	1.438	0.695	0.725
231	2110	16.338	9.162	0	58	330.676	762	1626	41	94	89.263	30.097	87.425	0.242	2.966	0.337	0.719
232	371	18.213	9.224	0	50	103.740	3320	1627	21	30	26.028	18.148	63.953	0.433	1.434	0.697	0.762
233	1888	42.361	19.150	1	112	207.095	3759	1628	58	51	56.751	42.358	165.936	0.553	1.340	0.746	0.809
234	1939	35.017	20.439	0	104	242.693	3503	1629	57	55	55.127	44.784	45.683	0.414	1.231	0.812	0.816
235	1155	15.272	8.191	0	58	205.581	1169	1633	38	45	41.753	35.221	75.050	0.343	1.185	0.844	0.811
236	961	48.393	18.486	3	97	167.095	3042	1641	32	57	58.096	21.061	73.906	0.433	2.758	0.363	0.758
237	480	63.854	27.412	0	137	88.083	1641	1657	27	26	26.242	23.289	61.268	0.777	1.127	0.887	0.901
238	255	25.925	13.224	4	65	84.569	118	1662	26	21	23.417	13.865	21.759	0.448	1.689	0.592	0.709
239	87	25.540	10.324	4	55	52.870	2063	1663	14	12	12.251	9.042	0.866	0.391	1.355	0.738	0.674
240	128	55.117	17.202	6	85	44.870	1985	1665	14	14	14.726	11.067	47.848	0.799	1.331	0.751	0.862
241	100	48.250	15.389	14	91	41.556	1233	1674	9	15	16.344	7.790	74.332	0.728	2.098	0.477	0.893
242	98	35.214	13.284	7	63	42.042	2721	1684	11	14	14.006	8.909	66.202	0.697	1.572	0.636	0.827
243	111	27.270	13.572	0	62	47.941	1037	1689	12	18	16.352	8.643	69.007	0.607	1.892	0.529	0.787
244	1110	46.477	20.593	0	113	147.681	1303	1692	38	45	41.945	33.694	61.656	0.640	1.245	0.803	0.864
245	77	16.455	7.239	3	31	45.456	2180	1708	12	11	10.702	9.161	48.021	0.468	1.168	0.856	0.751
246	62	32.226	12.097	2	58	30.627	133	1713	10	10	11.442	6.899	45.905	0.831	1.659	0.603	0.827
247	214	13.729	8.110	1	41	131.296	2592	1737	28	20	22.819	11.941	166.032	0.156	1.911	0.523	0.520
248	19	27.105	10.093	10	45	16.142	2639	1743	5	6	5.698	4.246	86.954	0.916	1.342	0.745	0.809
249	255	22.796	12.690	0	61	89.983	3820	1747	19	27	22.194	14.629	74.717	0.396	1.517	0.659	0.700
250	219	12.192	7.481	1	39	133.782	2589	1754	30	19	22.972	12.138	176.583	0.154	1.893	0.528	0.542
251	17	17.706	9.319	0	33	16.142	1666	1765	5	6	5.055	4.282	52.866	0.820	1.181	0.847	0.773
252	147	51.932	17.659	4	87	49.698	1607	1790	16	13	15.996	11.701	8.366	0.748	1.367	0.732	0.852
253	44	27.636	9.445	9	44	29.213	1136	1800	10	9	7.605	7.367	135.217	0.648	1.032	0.969	0.698
254	478	72.036	27.706	2	134	88.426	110	1803	24	28	29.178	20.858	63.532	0.768	1.399	0.715	0.884
255	116	24.560	8.946	1	45	61.113	767	1807	18	13	16.700	8.844	175.747	0.390	1.888	0.530	0.607
256	478	54.828	21.737	3	112	91.983	2324	1821	28	26	27.547	22.093	152.082	0.710	1.247	0.802	0.859
257	16	11.688	7.829	0	29	16.485	1900	1822	4	6	5.920	3.441	86.105	0.740	1.720	0.581	0.821
258	386	20.526	9.952	0	53	118.225	2797	1823	20	38	32.814	14.977	85.928	0.347	2.191	0.456	0.742
259	455	40.527	16.736	4	84	89.740	2886	1825	24	31	29.081	19.921	66.233	0.710	1.460	0.685	0.853
260	70	52.171	14.375	7	75	32.971	3303	1837	9	11	10.372	8.593	93.993	0.809	1.207	0.829	0.843
261	124	25.621	10.868	2	54	55.941	3612	1848	20	9	20.652	7.645	175.748	0.498	2.701	0.370	0.752
262	235	22.383	10.153	2	54	74.770	2535	1858	19	21	19.890	15.044	54.615	0.528	1.322	0.756	0.793
263	5312	34.253	19.383	0	106	329.747	2738	1863	78	98	96.072	70.399	92.295	0.614	1.365	0.733	0.914
264	199	15.849	9.714	1	45	96.225	1599	1870	24	21	18.453	13.731	137.003	0.270	1.344	0.744	0.624
265	27	23.741	8.060	5	38	19.556	1681	1872	6	7	6.743	5.098	60.569	0.887	1.323	0.756	0.783
266	27	12.481	5.258	2	22	26.971	1597	1878	5	10	8.739	3.934	98.754	0.466	2.222	0.450	0.667
267	244	53.676	17.696	12	95	70.527	3984	1878	15	27	21.692	14.322	93.015	0.616	1.515	0.660	0.871
268	37	18.351	8.933	2	36	30.971	1885	1886	6	12	9.855	4.780	102.722	0.485	2.061	0.485	0.698
269	1753	42.481	21.651	1	102	184.652	534	1899	46	55	52.658	42.386	75.278	0.646	1.242	0.805	0.897
270	87	25.368	10.149	4	50	36.042	3010	1912	11	12	12.153	9.115	120.638	0.842	1.333	0.750	0.841
271	469	29.228	11.027	1	56	103.154	2580	1915	28	26	27.935	21.376	25.884	0.554	1.307	0.765	0.840
272	7818	18.239	10.146	0	63	732.122	2073	1916	104	137	129.788	76.696	63.883	0.183	1.692	0.591	0.754
273	45	25.933	11.011	3	47	31.799	3086	1916	9	10	10.048	5.702	47.481	0.559	1.762	0.567	0.703
274	25	20.680	7.336	1	36	18.142	3222	1916	6	6	6.558	4.854	29.642	0.954	1.351	0.740	0.847
275	44	30.068	7.992	10	55	26.971	1185	1931	8	9	8.216	6.818	102.450	0.760	1.205	0.830	0.772
276	205	54.478	23.025	8	108	63.355	2454	1931	17	20	20.312	12.850	138.616	0.642	1.581	0.633	0.817
277	210	24.881	11.796	1	58	61.698	2631	1948	16	20	18.971	14.094	79.928	0.693	1.346	0.743	0.832
278	334	84.302	27.509	7	139	74.669	3015	1955	24	21	23.917	17.781	145.604	0.753	1.345	0.743	0.869
279	953	48.065	25.798	0	124	144.853	1556	1963	36	41	45.229	26.828	117.015	0.571	1.686	0.593	0.851
280	243	41.136	13.145	5	76	61.598	3110	1963	20	19	18.762	16.491	38.870	0.805	1.138	0.879	0.865
281	2641	42.933	20.008	0	98	257.664	3564	1963	55	84	74.589	45.082	95.563	0.500	1.655	0.604	0.818
282	37	25.108	11.222	4	48	26.385	1209	1971	9	8	8.417	5.597	51.384	0.668	1.504	0.665	0.725
283	1726	28.891	12.500	1	74	208.551	1298	1973	48	51	47.438	46.326	109.226	0.499	1.024	0.977	0.870
284	1348	18.705	9.377	0	50	198.309	3215	1978	44	52	50.491	33.993	58.306	0.431	1.485	0.673	0.837
285	905	17.463	9.188	0	53	162.510	2766	1990	43	38	39.793	28.957	38.435	0.431	1.374	0.728	0.799
286	4536	45.661	35.203	0	140	330.919	129	2014	85	86	88.223	65.464	49.018	0.521	1.348	0.742	0.892
287	26	29.385	13.609	5	53	23.556	963	2015	9	6	6.577	5.033	7.436	0.589	1.307	0.765	0.658
288	62	33.016	13.910	10	71	32.042	1504	2026	11	10	10.118	7.802	46.766	0.759	1.297	0.771	0.795
289	140	34.614	14.659	4	68	46.971	2732	2028	12	14	15.238	11.698	87.753	0.797	1.303	0.768	0.903
290	477	19.532	9.268	1	44	114.811	1714	2039	27	32	28.003	21.688	119.174	0.455	1.291	0.774	0.736
291	668	37.822	16.430	2	76	130.125	1932	2046	31	39	32.742	25.976	84.052	0.496	1.260	0.793	0.783
292	291	19.052	8.809	1	45	71.255	852	2051	19	24	21.991	16.849	70.365	0.720	1.305	0.766	0.848
293	3288	22.970	10.816	0	70	288.534	1314	2058	66	80	73.694	56.808	109.187	0.496	1.297	0.771	0.883
294	792	17.177	9.751	0	50	167.823	2695	2065	33	42	36.738	27.449	106.614	0.353	1.338	0.747	0.758
295	1050	24.564	11.511	0	65	163.439	2827	2065	32	54	50.845	26.293	75.773	0.494	1.934	0.517	0.828
296	76	12.855	6.608	2	32	56.870	3825	2067	9	18	16.058	6.026	90.069	0.295	2.665	0.375	0.603
297	694	15.885	8.369	0	54	146.853	2441	2069	34	37	34.096	25.916	46.197	0.404	1.316	0.760	0.766
298	1737	23.814	11.503	0	70	215.279	285	2084	42	66	63.873	34.625	71.115	0.471	1.845	0.542	0.850
299	1070	24.915	12.136	0	64	176.995	2409	2094	33	57	51.620	26.392	76.230	0.429	1.956	0.511	0.833
300	638	34.475	15.276	0	79	119.296	2288	2095	31	31	31.253	25.992	128.706	0.563	1.202	0.832	0.835
301	34	30.382	10.652	12	50	22.971	3783	2102	7	8	7.672	5.642	54.297	0.810	1.360	0.735	0.791
302	122	24.533	9.024	2	51	51.698	175	2103	12	16	15.437	10.062	99.776	0.574	1.534	0.652	0.772
303	226	47.628	15.600	5	91	61.012	435	2111	19	19	19.753	14.568	55.960	0.763	1.356	0.737	0.859
304	83	39.289	10.527	10	61	36.142	2920	2120	12	8	13.144	8.040	5.523	0.798	1.635	0.612	0.922
305	41	12.000	5.779	3	26	26.142	2393	2126	7	9	9.485	5.504	64.277	0.754	1.723	0.580	0.812
306	94	29.500	13.396	4	65	39.698	3590	2126	14	12	11.719	10.213	172.993	0.750	1.147	0.872	0.807
307	236	49.144	17.263	3	100	62.527	671	2127	18	20	19.223	15.631	66.586	0.759	1.230	0.813	0.858
308	22	22.227	10.637	5	42	19.899	1604	2133	6	5	5.469	5.122	67.350	0.698	1.068	0.937	0.800
309	1271	18.411	9.795	0	58	272.978	427	2138	43	71	72.761	22.241	69.971	0.214	3.271	0.306	0.668
310	346	35.292	14.687	1	79	101.397	3314	2141	37	17	36.424	12.095	5.829	0.423	3.012	0.332	0.705
311	965	23.092	15.413	0	85	219.037	3715	2147	52	46	51.893	23.677	148.129	0.253	2.192	0.456	0.616
312	1314	20.493	9.588	1	65	194.409	2202	2154	42	48	44.703	37.426	89.751	0.437	1.194	0.837	0.836
313	22	16.273	10.493	1	38	19.899	1370	2156	5	7	6.444	4.347	82.429	0.698	1.482	0.675	0.815
314	349	34.229	15.478	4	73	98.225	2406	2162	25	33	33.800	13.147	61.206	0.455	2.571	0.389	0.759
315	22	18.273	6.220	8	34	28.142	3921	2170	5	8	6.840	4.095	73.325	0.349	1.670	0.599	0.620
316	32	17.500	8.424	2	40	29.213	3252	2174	8	10	7.824	5.207	72.252	0.471	1.503	0.666	0.571
317	104	28.010	11.983	2	56	41.456	2694	2183	11	15	14.821	8.935	68.643	0.760	1.659	0.603	0.839
318	80	17.275	9.171	4	46	38.284	3020	2192	12	12	11.301	9.014	140.396	0.686	1.254	0.798	0.766
319	1146	17.539	8.589	0	53	222.108	734	2217	34	71	59.553	24.502	87.287	0.292	2.431	0.411	0.720
320	16	13.000	7.220	3	27	16.728	2333	2217	7	4	6.097	3.341	2.542	0.719	1.825	0.548	0.762
321	81	44.617	13.194	12	69	38.042	338	2233	12	11	11.422	9.029	37.919	0.703	1.265	0.791	0.822
322	203	38.709	17.671	6	74	59.698	1935	2235	18	18	19.841	13.027	53.096	0.716	1.523	0.657	0.855
323	71	38.141	14.818	3	67	35.456	3548	2236	11	11	10.535	8.581	65.956	0.710	1.228	0.815	0.785
324	979	29.576	13.354	1	81	169.581	2071	2239	31	52	45.108	27.634	98.018	0.428	1.632	0.613	0.807
325	34	24.735	10.847	9	58	26.142	2631	2252	5	10	9.825	4.406	104.269	0.625	2.230	0.449	0.800
326	83	56.771	14.206	22	92	35.213	153	2254	11	11	10.944	9.656	60.765	0.841	1.133	0.882	0.838
327	30	26.367	12.751	5	54	23.314	2527	2255	4	10	8.748	4.367	90.000	0.694	2.003	0.499	0.882
328	48	21.458	10.480	3	41	25.556	53	2262	7	9	9.109	6.709	59.067	0.924	1.358	0.737	0.897
329	674	35.107	14.379	1	78	128.225	779	2272	36	28	33.821	25.374	2.339	0.515	1.333	0.750	0.837
330	72	31.681	13.477	2	69	35.799	1563	2283	9	12	11.346	8.080	74.207	0.706	1.404	0.712	0.814
331	239	45.280	16.055	3	80	63.598	654	2292	23	16	21.742	13.996	174.223	0.743	1.553	0.644	0.868
332	109	34.165	14.153	5	70	45.113	1946	2292	14	13	13.608	10.198	154.134	0.673	1.334	0.749	0.779
333	591	14.403	8.838	0	54	169.338	2859	2300	32	34	31.461	23.918	73.882	0.259	1.315	0.760	0.698
334	106	24.500	8.706	5	49	46.870	2515	2304	14	13	12.224	11.041	119.406	0.606	1.107	0.903	0.749
335	100	37.100	11.753	3	61	41.456	2176	2328	11	15	14.027	9.077	113.138	0.731	1.545	0.647	0.820
336	539	42.254	16.176	1	85	95.497	3578	2332	23	32	30.652	22.390	92.164	0.743	1.369	0.730	0.898
337	20	23.650	9.837	4	38	18.728	2550	2333	5	7	6.895	3.693	64.182	0.717	1.867	0.536	0.755
338	2917	19.695	9.572	0	55	287.421	522	2338	60	69	69.180	53.687	62.789	0.444	1.289	0.776	0.870
339	150	20.873	11.063	3	65	65.698	2213	2339	16	18	19.858	9.618	64.843	0.437	2.065	0.484	0.693
340	741	53.596	32.388	1	147	147.196	1562	2348	27	52	47.964	19.670	75.908	0.430	2.438	0.410	0.747
341	56	46.196	13.977	13	74	28.971	713	2355	8	10	9.836	7.249	79.985	0.838	1.357	0.737	0.855
342	219	24.986	11.196	2	60	64.184	2958	2356	18	19	17.713	15.742	96.758	0.668	1.125	0.889	0.826
343	206	32.811	12.958	1	57	56.770	1628	2362	17	17	16.323	16.069	73.059	0.803	1.016	0.984	0.873
344	182	29.643	14.911	1	78	71.598	645	2378	21	17	16.607	13.954	158.770	0.446	1.190	0.840	0.705
345	40	21.125	10.957	3	42	26.971	969	2393	6	10	9.795	5.199	95.445	0.691	1.884	0.531	0.808
346	37	22.676	7.789	5	42	24.971	359	2416	8	8	7.759	6.071	22.307	0.746	1.278	0.782	0.763
347	6575	26.766	12.418	0	84	389.546	1989	2423	82	112	107.813	77.649	83.427	0.544	1.388	0.720	0.908
348	23	13.652	7.912	2	31	28.971	3680	2429	7	10	7.649	3.828	112.419	0.344	1.998	0.500	0.535
349	2248	30.032	14.129	0	81	283.321	1011	2438	71	66	81.453	35.140	143.110	0.352	2.318	0.431	0.766
350	606	47.535	23.441	2	100	102.569	3441	2451	27	32	32.760	23.553	61.621	0.724	1.391	0.719	0.881
351	31	19.258	9.198	2	35	20.728	889	2457	7	6	7.648	5.161	27.005	0.907	1.482	0.675	0.873
352	85	26.906	9.762	2	48	40.042	1545	2458	11	13	14.044	7.706	66.590	0.666	1.823	0.549	0.794
353	190	13.968	7.671	0	47	75.841	2935	2466	18	22	18.482	13.089	55.958	0.415	1.412	0.708	0.704
354	262	31.824	12.371	2	60	79.497	505	2470	22	23	24.080	13.853	134.744	0.521	1.738	0.575	0.749
355	2231	42.323	24.803	1	133	250.593	312	2474	61	85	83.345	34.083	58.265	0.446	2.445	0.409	0.825
356	114	16.421	7.111	3	36	48.042	3988	2478	11	18	15.630	9.287	89.185	0.621	1.683	0.594	0.784
357	22	17.273	12.740	2	42	18.728	3657	2479	6	6	6.120	4.577	74.904	0.788	1.337	0.748	0.759
358	120	33.350	14.653	4	69	47.698	3586	2481	16	14	14.631	10.443	31.735	0.663	1.401	0.714	0.769
359	568	44.504	16.925	4	87	102.569	131	2497	31	28	28.586	25.299	4.493	0.678	1.130	0.885	0.867
360	662	22.790	10.147	0	55	132.368	1699	2497	29	36	33.610	25.078	119.653	0.475	1.340	0.746	0.811
361	36	19.833	6.872	10	44	24.971	2887	2503	8	8	7.538	6.081	122.812	0.726	1.240	0.807	0.774
362	1100	45.089	22.059	1	120	171.924	572	2508	46	44	50.145	27.930	39.155	0.468	1.795	0.557	0.810
363	4751	25.806	11.711	1	75	360.818	1908	2511	86	82	87.991	68.748	32.959	0.459	1.280	0.781	0.877
364	85	32.200	11.933	3	62	41.799	1845	2515	11	14	11.527	9.389	83.896	0.611	1.228	0.815	0.739
365	125	24.576	8.999	1	50	57.941	1454	2519	13	16	15.178	10.486	75.708	0.468	1.447	0.691	0.696
366	94	46.809	14.505	9	78	37.456	525	2523	12	12	11.226	10.661	71.998	0.842	1.053	0.950	0.847
367	503	41.845	18.176	1	91	98.912	2203	2527	26	33	30.136	21.251	98.040	0.646	1.418	0.705	0.833
368	523	16.164	9.097	0	45	136.267	2408	2529	23	37	35.607	18.701	78.822	0.354	1.904	0.525	0.756
369	18	14.389	7.031	2	25	16.728	3648	2535	5	6	6.221	3.684	59.105	0.808	1.689	0.592	0.783
370	97	22.959	11.196	1	52	47.698	3624	2545	15	12	13.972	8.839	38.782	0.536	1.581	0.633	0.719
371	123	19.756	8.740	2	49	50.527	600	2546	13	15	13.445	11.648	58.224	0.605	1.154	0.866	0.771
372	26	18.885	8.007	5	34	27.556	2299	2549	9	8	9.056	3.655	37.353	0.430	2.478	0.404	0.559
373	9080	23.353	11.655	0	83	462.115	1648	2550	99	137	131.170	88.137	110.230	0.534	1.488	0.672	0.918
374	177	10.305	5.829	1	29	75.598	1583	2567	17	19	15.250	14.778	48.451	0.389	1.032	0.969	0.714
375	502	49.341	19.691	5	97	101.154	2075	2570	31	24	31.677	20.177	15.812	0.617	1.570	0.637	0.863
376	29	21.138	9.133	5	43	20.142	942	2573	6	7	7.051	5.237	118.660	0.898	1.346	0.743	0.841
377	69	19.391	9.455	1	40	49.698	2347	2579	12	14	10.540	8.335	95.512	0.351	1.265	0.791	0.597
378	492	39.728	16.654	2	98	106.225	1446	2588	34	27	29.258	21.410	29.327	0.548	1.367	0.732	0.805
379	389	13.316	7.172	0	35	102.912	875	2594	28	23	28.001	17.688	27.318	0.462	1.583	0.632	0.776
380	192	68.714	17.957	22	116	54.870	307	2597	15	18	18.527	13.195	75.617	0.801	1.404	0.712	0.891
381	140	41.043	13.682	8	76	48.527	1316	2598	14	16	15.097	11.807	69.744	0.747	1.279	0.782	0.826
382	3771	49.387	28.105	0	143	289.563	897	2601	60	94	95.145	50.464	107.720	0.565	1.885	0.530	0.904
383	2293	43.932	18.231	0	92	208.309	572	2604	54	62	62.274	46.882	115.394	0.664	1.328	0.753	0.909
384	47	18.702	9.864	4	41	33.213	2484	2633	10	10	8.603	6.956	130.230	0.535	1.237	0.809	0.653
385	37	19.514	8.815	2	39	23.899	3201	2633	7	7	7.668	6.144	83.391	0.814	1.248	0.801	0.860
386	268	57.776	20.478	6	99	71.012	455	2634	18	25	26.066	13.091	67.336	0.668	1.991	0.502	0.856
387	16	20.375	8.717	5	35	14.485	57	2638	5	4	5.186	3.928	37.982	0.958	1.320	0.757	0.889
388	67	17.433	8.767	1	43	57.941	406	2643	14	13	14.156	6.026	48.691	0.251	2.349	0.426	0.498
389	27	14.963	7.837	4	34	28.971	3244	2645	8	9	6.604	5.206	146.767	0.404	1.269	0.788	0.535
390	72	18.708	9.309	2	45	46.870	2891	2648	13	13	10.670	8.592	102.945	0.412	1.242	0.805	0.618
391	118	21.788	9.975	2	53	49.941	1476	2651	14	14	12.688	11.842	75.628	0.595	1.071	0.933	0.738
392	687	25.742	10.937	2	59	113.983	3185	2654	30	36	36.342	24.069	59.536	0.664	1.510	0.662	0.883
393	134	44.500	14.963	7	75	47.113	2673	2659	15	14	16.543	10.313	36.648	0.759	1.604	0.623	0.835
394	901	26.943	12.469	2	68	145.196	1948	2666	37	38	34.593	33.162	160.112	0.537	1.043	0.959	0.851
395	1810	33.134	15.796	1	92	229.037	1623	2678	59	48	56.365	40.886	25.213	0.434	1.379	0.725	0.815
396	70	32.886	12.503	6	61	32.385	427	2681	10	10	9.876	9.024	32.221	0.839	1.094	0.914	0.854
397	417	33.897	14.664	3	73	86.326	1155	2682	26	25	27.783	19.110	45.605	0.703	1.454	0.688	0.856
398	87	22.299	9.730	1	42	38.870	1213	2684	12	13	13.367	8.287	51.807	0.724	1.613	0.620	0.791
399	1401	29.325	13.496	1	79	174.853	2299	2685	54	37	54.257	32.877	8.678	0.576	1.650	0.606	0.869
400	506	39.800	17.794	1	91	119.054	1804	2695	31	29	33.539	19.209	142.621	0.449	1.746	0.573	0.758
401	20	12.950	5.698	4	24	19.899	3029	2703	5	7	6.361	4.003	52.298	0.635	1.589	0.629	0.727
402	107	45.196	13.900	6	77	41.456	455	2704	12	14	13.024	10.460	77.617	0.782	1.245	0.803	0.826
403	35	24.629	10.015	5	50	23.314	163	2713	7	7	6.865	6.491	37.456	0.809	1.058	0.946	0.843
404	18	15.111	5.728	3	24	20.971	3786	2732	6	7	6.224	3.682	65.473	0.514	1.690	0.592	0.600
405	856	46.068	19.926	3	108	134.368	1390	2734	46	29	46.848	23.264	16.412	0.596	2.014	0.497	0.870
406	711	47.293	19.712	1	95	125.196	2119	2739	30	45	46.105	19.635	67.707	0.570	2.348	0.426	0.843
407	217	50.498	19.249	2	90	65.355	402	2744	13	26	24.194	11.420	77.038	0.638	2.119	0.472	0.859
408	109	21.321	9.268	3	45	43.799	1175	2773	12	12	13.181	10.529	122.572	0.714	1.252	0.799	0.852
409	83	32.133	11.943	8	57	40.870	3000	2779	13	12	11.800	8.956	142.381	0.624	1.318	0.759	0.738
410	199	64.166	19.355	13	103	55.113	1070	2780	17	17	17.963	14.105	49.764	0.823	1.274	0.785	0.875
411	340	53.638	18.448	8	99	77.012	3390	2783	21	24	22.296	19.416	80.016	0.720	1.148	0.871	0.862
412	34	16.412	6.706	5	32	22.728	3734	2787	7	7	7.913	5.471	51.935	0.827	1.446	0.691	0.819
413	26	24.923	8.099	8	36	18.728	1418	2790	7	5	7.042	4.701	7.305	0.932	1.498	0.668	0.852
414	143	26.965	9.430	5	58	49.698	1041	2821	19	12	18.288	9.956	15.832	0.728	1.837	0.544	0.841
415	44	31.727	11.496	10	53	32.385	635	2826	7	12	10.556	5.307	74.902	0.527	1.989	0.503	0.710
416	30	17.933	8.804	0	37	26.385	2689	2833	8	9	6.818	5.602	89.692	0.542	1.217	0.822	0.619
417	196	27.168	11.946	1	61	60.669	407	2839	20	19	24.137	10.339	41.412	0.669	2.335	0.428	0.850
418	361	46.396	19.203	1	101	82.669	2217	2845	24	26	26.727	17.197	50.674	0.664	1.554	0.643	0.843
419	6013	39.276	21.157	0	126	466.801	1225	2847	101	128	119.313	64.168	55.182	0.347	1.859	0.538	0.746
420	896	62.863	31.183	0	135	150.024	644	2851	34	51	51.436	22.179	69.257	0.500	2.319	0.431	0.793
421	28	9.214	4.894	3	22	35.213	1440	2851	7	12	8.388	4.250	87.375	0.284	1.974	0.507	0.491
422	85	23.718	10.684	5	52	39.698	2318	2852	11	14	13.859	7.809	61.925	0.678	1.775	0.563	0.798
423	38	22.895	11.084	5	46	39.456	293	2859	10	9	7.238	6.685	57.063	0.307	1.083	0.924	0.576
424	88	24.227	9.847	3	47	35.799	6	2861	11	11	11.613	9.649	161.562	0.863	1.204	0.831	0.871
425	275	37.698	16.360	0	88	78.083	2860	2863	24	20	23.501	14.899	23.263	0.567	1.577	0.634	0.804
426	350	21.377	9.885	1	52	87.255	160	2866	24	24	21.520	20.708	81.835	0.578	1.039	0.962	0.800
427	64	12.062	7.017	2	26	64.284	1428	2866	18	15	11.420	7.136	156.589	0.195	1.600	0.625	0.376
428	41	21.707	11.376	4	52	24.971	951	2869	8	8	7.926	6.586	140.194	0.826	1.204	0.831	0.812
429	21	12.095	5.522	3	25	20.728	750	2871	6	7	5.904	4.529	50.233	0.614	1.304	0.767	0.700
430	58	33.224	8.240	16	52	44.971	1	2873	5	20	18.284	4.039	89.360	0.360	4.527	0.221	0.789
431	62	30.258	11.788	2	52	32.627	1999	2876	9	12	11.348	6.957	63.482	0.732	1.631	0.613	0.770
432	142	34.317	14.773	5	80	48.627	3324	2882	12	16	15.162	11.924	85.675	0.755	1.272	0.786	0.861
433	913	44.276	22.522	2	104	162.752	37	2890	46	37	37.771	30.777	169.907	0.433	1.227	0.815	0.789
434	196	40.337	18.389	3	83	63.355	3542	2908	14	24	21.488	11.614	71.289	0.614	1.850	0.540	0.824
435	2329	53.568	30.832	1	131	224.551	2115	2913	68	49	67.415	43.987	174.418	0.580	1.533	0.652	0.882
436	40	18.725	9.949	2	41	24.971	2282	2914	8	8	8.426	6.044	54.670	0.806	1.394	0.717	0.816
437	731	54.176	25.729	2	114	121.054	1434	2919	31	36	34.011	27.366	59.515	0.627	1.243	0.805	0.841
438	485	51.021	18.033	2	97	88.912	2745	2921	24	31	28.873	21.387	81.012	0.771	1.350	0.741	0.881
439	267	15.667	7.694	0	41	88.326	1556	2929	24	20	19.614	17.332	151.204	0.430	1.132	0.884	0.747
440	428	36.357	14.727	2	78	87.154	2643	2930	26	26	27.241	20.005	43.389	0.708	1.362	0.734	0.874
441	128	12.852	6.396	1	28	80.426	1625	2931	16	21	18.672	8.728	58.414	0.249	2.139	0.467	0.536
442	214	60.804	18.788	6	102	60.527	2006	2931	15	21	21.801	12.498	69.596	0.734	1.744	0.573	0.868
443	27	23.444	8.290	9	42	21.556	1140	2932	8	6	7.721	4.453	40.187	0.730	1.734	0.577	0.783
444	23	17.522	9.825	3	34	18.728	3658	2933	6	6	5.536	5.290	45.003	0.824	1.047	0.955	0.780
445	67	48.045	18.626	14	86	32.042	2433	2943	11	10	10.147	8.407	138.456	0.820	1.207	0.829	0.822
446	2182	52.354	27.437	1	143	231.480	2853	2950	73	49	75.082	37.003	31.559	0.512	2.029	0.493	0.852
447	83	20.036	9.550	2	42	39.698	3464	2957	11	15	11.799	8.956	73.911	0.662	1.317	0.759	0.748
448	135	14.563	7.614	1	40	57.698	1986	2958	19	15	16.038	10.718	20.567	0.510	1.496	0.668	0.714
449	128	15.078	7.561	0	41	64.770	489	2960	13	22	17.540	9.292	95.915	0.383	1.888	0.530	0.656
450	31	16.935	5.157	8	29	26.728	3571	2964	8	8	8.279	4.767	31.302	0.545	1.737	0.576	0.667
451	47	43.596	18.140	4	80	28.385	74	2978	8	10	9.524	6.283	71.129	0.733	1.516	0.660	0.790
452	686	52.805	25.545	2	128	135.255	1577	2978	54	21	51.908	16.827	172.302	0.471	3.085	0.324	0.842
453	108	13.046	7.498	0	35	54.527	1873	2983	16	14	11.902	11.554	85.151	0.456	1.030	0.971	0.677
454	61	21.967	11.106	1	51	44.385	3482	2989	12	10	10.103	7.687	13.139	0.389	1.314	0.761	0.682
455	98	56.378	16.300	14	86	65.799	1772	2993	29	6	28.272	4.413	178.545	0.284	6.406	0.156	0.766
