 	Area	Mean	StdDev	Min	Max	Perim.	BX	BY	Width	Height	Major	Minor	Angle	Circ.	AR	Round	Solidity
1	1686	33.384	17.839	0	91	279.279	1323	1	58	57	56.168	38.219	78.016	0.272	1.470	0.680	0.694
2	59	34.593	15.956	4	64	37.314	1715	1	17	4	17.056	4.404	1.392	0.533	3.873	0.258	0.937
3	379	56.024	23.083	6	107	75.841	1397	14	23	23	23.585	20.460	161.331	0.828	1.153	0.868	0.902
4	22	20.727	5.775	13	31	19.314	537	17	8	4	7.316	3.829	8.443	0.741	1.911	0.523	0.815
5	14086	35.032	34.574	0	161	833.335	3712	18	147	210	187.114	95.850	60.028	0.255	1.952	0.512	0.745
6	20	19.150	6.877	8	30	23.899	3153	21	7	7	5.859	4.346	91.645	0.440	1.348	0.742	0.597
7	2745	34.350	20.503	1	113	280.108	2402	22	58	80	78.444	44.555	107.940	0.440	1.761	0.568	0.831
8	9360	47.828	29.913	0	162	523.286	971	25	138	107	131.347	90.733	167.526	0.430	1.448	0.691	0.871
9	287	33.819	13.899	1	77	72.669	1820	25	22	23	20.770	17.593	85.996	0.683	1.181	0.847	0.831
10	27	20.667	11.239	8	56	18.728	1787	32	7	5	7.271	4.728	22.777	0.967	1.538	0.650	0.915
11	923	52.483	23.095	0	117	138.510	302	33	42	45	47.255	24.869	51.945	0.605	1.900	0.526	0.844
12	62	22.097	10.395	1	45	33.213	3493	40	9	12	11.779	6.702	75.810	0.706	1.758	0.569	0.810
13	372	46.245	16.105	3	87	80.426	1907	74	20	28	26.323	17.994	87.855	0.723	1.463	0.684	0.856
14	128	26.281	10.956	4	50	46.971	3868	81	16	11	14.907	10.933	25.420	0.729	1.363	0.733	0.874
15	225	22.409	9.554	1	44	89.497	1384	83	21	30	30.176	9.494	121.842	0.353	3.179	0.315	0.643
16	44	32.273	10.887	5	52	27.799	134	92	9	9	9.876	5.673	134.613	0.715	1.741	0.574	0.765
17	27	10.407	4.601	3	22	27.799	3683	97	9	7	6.574	5.230	152.978	0.439	1.257	0.796	0.587
18	26	15.654	8.074	3	32	20.142	601	104	6	7	7.636	4.335	128.744	0.805	1.761	0.568	0.825
19	28	20.464	8.792	4	41	24.728	3369	113	8	6	7.060	5.050	141.550	0.575	1.398	0.715	0.737
20	96	14.521	8.696	1	38	59.012	1925	123	14	18	13.108	9.325	86.119	0.346	1.406	0.711	0.613
21	37	8.081	5.746	1	25	26.385	1919	136	10	7	8.849	5.324	143.414	0.668	1.662	0.602	0.755
22	73	44.603	15.322	9	78	34.627	870	142	11	11	10.121	9.184	41.935	0.765	1.102	0.907	0.802
23	176	22.972	11.230	2	54	78.669	1381	144	18	25	19.486	11.500	64.642	0.357	1.694	0.590	0.629
24	357	43.784	18.258	5	89	83.841	3465	154	24	25	26.259	17.310	130.487	0.638	1.517	0.659	0.862
25	46	33.152	9.242	8	48	28.627	3256	169	9	10	8.587	6.820	110.610	0.705	1.259	0.794	0.730
26	573	14.497	7.598	1	41	135.539	2460	177	36	28	31.462	23.189	166.876	0.392	1.357	0.737	0.775
27	13032	21.991	11.071	0	71	676.524	1908	178	137	130	139.670	118.800	145.621	0.358	1.176	0.851	0.902
28	8928	37.634	44.484	0	172	407.061	76	217	91	132	127.657	89.047	100.103	0.677	1.434	0.698	0.940
29	40	24.525	9.687	4	40	24.728	565	219	7	8	8.507	5.987	137.717	0.822	1.421	0.704	0.851
30	352	38.349	16.033	2	79	83.255	2556	223	27	22	24.535	18.267	24.580	0.638	1.343	0.745	0.836
31	85	28.824	9.740	4	49	42.042	244	230	11	12	11.922	9.078	57.812	0.604	1.313	0.761	0.773
32	25	19.000	8.636	1	36	20.971	2244	239	8	6	7.471	4.261	152.238	0.714	1.754	0.570	0.735
33	848	20.065	9.051	1	53	150.024	2186	250	38	37	34.543	31.257	20.290	0.473	1.105	0.905	0.819
34	105	69.162	21.407	18	111	39.213	2107	260	11	13	12.680	10.543	100.061	0.858	1.203	0.831	0.868
35	4999	19.142	9.939	0	68	425.446	3786	263	124	61	122.853	51.809	4.914	0.347	2.371	0.422	0.837
36	17	23.118	12.683	4	46	22.142	731	272	7	7	4.894	4.423	146.938	0.436	1.107	0.904	0.540
37	139	43.029	15.068	4	73	49.456	3362	280	14	15	16.007	11.057	132.559	0.714	1.448	0.691	0.850
38	142	31.930	15.805	4	82	80.569	1129	285	26	23	31.960	5.657	140.486	0.275	5.649	0.177	0.613
39	50	18.700	8.304	3	38	36.385	2811	285	11	10	9.379	6.787	134.852	0.475	1.382	0.724	0.641
40	367	51.338	19.121	3	90	76.326	989	286	24	23	22.573	20.701	142.269	0.792	1.090	0.917	0.877
41	2090	38.273	19.316	1	103	217.279	2873	287	67	48	67.282	39.551	16.782	0.556	1.701	0.588	0.874
42	33	29.424	10.698	6	46	22.971	234	308	7	8	7.897	5.321	47.511	0.786	1.484	0.674	0.795
43	31	11.258	6.066	3	27	23.314	2551	327	8	6	8.061	4.897	3.349	0.717	1.646	0.607	0.785
44	56	39.750	10.695	16	58	29.556	413	329	8	10	9.827	7.256	89.695	0.806	1.354	0.738	0.848
45	35	28.543	9.901	3	51	21.556	451	330	7	7	7.341	6.071	147.135	0.947	1.209	0.827	0.854
46	934	58.743	30.140	2	132	123.640	2589	331	32	39	38.648	30.770	71.251	0.768	1.256	0.796	0.922
47	82	37.500	14.798	8	67	38.627	706	336	8	15	14.183	7.362	89.384	0.691	1.927	0.519	0.850
48	1333	20.359	10.185	0	63	208.208	271	347	44	49	46.164	36.765	57.731	0.386	1.256	0.796	0.821
49	2069	21.625	12.995	0	77	257.563	1688	349	72	57	80.115	32.882	148.022	0.392	2.436	0.410	0.829
50	77	18.026	10.086	2	40	49.941	408	364	11	18	18.810	5.212	64.377	0.388	3.609	0.277	0.667
51	227	27.379	12.246	4	57	66.770	1267	388	20	19	20.948	13.798	145.764	0.640	1.518	0.659	0.818
52	211	22.706	11.025	1	56	91.154	172	394	29	17	26.283	10.221	160.924	0.319	2.571	0.389	0.676
53	22	19.136	9.799	2	37	29.556	2377	395	6	9	6.003	4.666	70.959	0.316	1.287	0.777	0.543
54	85	38.388	15.718	8	91	38.971	3552	396	11	11	11.797	9.174	9.717	0.703	1.286	0.778	0.837
55	94	38.660	11.413	15	80	38.728	3991	403	8	14	14.214	8.420	85.750	0.788	1.688	0.592	0.931
56	184	26.804	13.475	0	72	68.426	3114	406	17	23	24.141	9.704	64.304	0.494	2.488	0.402	0.720
57	44	30.068	10.386	5	51	25.556	3893	407	8	8	8.361	6.701	132.770	0.847	1.248	0.801	0.838
58	1091	31.526	14.151	0	90	160.024	1	408	44	44	38.312	36.257	27.562	0.535	1.057	0.946	0.830
59	224	26.768	13.340	0	65	63.941	3653	414	22	15	21.426	13.311	171.366	0.688	1.610	0.621	0.839
60	25	13.000	5.701	4	23	27.556	701	418	10	7	7.608	4.184	150.169	0.414	1.818	0.550	0.610
61	74	25.743	11.444	7	57	33.799	1432	418	11	10	12.567	7.497	143.925	0.814	1.676	0.597	0.871
62	15019	35.129	28.415	0	160	684.666	2453	421	210	161	219.626	87.070	143.923	0.403	2.522	0.396	0.824
63	5573	25.344	11.172	0	78	390.233	697	425	94	83	90.812	78.137	24.548	0.460	1.162	0.860	0.894
64	27	29.444	11.437	7	58	20.728	967	439	6	7	7.003	4.909	101.674	0.790	1.426	0.701	0.806
65	5148	18.855	9.611	0	61	400.032	3151	462	88	105	107.737	60.839	119.573	0.404	1.771	0.565	0.868
66	25	32.680	10.988	14	50	18.142	243	478	7	5	6.356	5.008	170.783	0.954	1.269	0.788	0.847
67	749	51.223	26.533	4	128	134.953	2649	478	31	42	35.028	27.225	90.644	0.517	1.287	0.777	0.814
68	1961	19.353	9.934	1	63	232.007	3761	483	55	53	54.886	45.491	142.057	0.458	1.207	0.829	0.880
69	91	32.297	11.382	3	56	37.213	3631	485	11	12	10.891	10.639	10.779	0.826	1.024	0.977	0.858
70	432	14.012	7.333	0	51	122.711	1850	490	27	30	23.884	23.029	104.359	0.361	1.037	0.964	0.735
71	70	39.243	12.178	14	60	36.870	1065	493	12	10	10.090	8.833	14.173	0.647	1.142	0.875	0.761
72	837	14.583	8.094	0	48	192.409	177	506	39	40	35.507	30.014	116.064	0.284	1.183	0.845	0.748
73	56	27.804	10.858	5	46	28.142	3611	508	9	8	9.124	7.815	14.679	0.889	1.167	0.857	0.889
74	28	11.964	5.480	4	21	22.142	3430	512	7	7	6.736	5.292	22.396	0.718	1.273	0.786	0.757
75	1818	17.827	9.603	0	64	238.451	1412	515	58	50	55.215	41.922	166.874	0.402	1.317	0.759	0.839
76	38	29.579	9.191	5	50	22.728	3993	518	6	8	8.350	5.794	106.398	0.924	1.441	0.694	0.894
77	36	28.361	9.740	7	50	23.314	1734	521	8	6	7.330	6.253	176.408	0.832	1.172	0.853	0.878
78	36	28.972	12.940	3	57	22.971	1148	523	8	7	7.609	6.024	147.966	0.857	1.263	0.792	0.818
79	73	24.918	12.117	2	52	43.456	2142	523	7	15	15.828	5.872	93.095	0.486	2.695	0.371	0.730
80	19	18.053	7.969	5	33	16.728	571	525	6	5	5.814	4.161	153.697	0.853	1.397	0.716	0.776
81	256	49.180	18.723	4	92	63.113	771	529	18	19	19.270	16.915	62.049	0.808	1.139	0.878	0.895
82	37	27.297	14.298	5	56	22.728	3706	537	8	6	7.747	6.081	9.580	0.900	1.274	0.785	0.881
83	2375	16.965	9.322	0	55	296.877	2062	542	60	59	56.738	53.297	1.451	0.339	1.065	0.939	0.836
84	13825	27.473	18.098	0	103	806.749	3249	549	147	194	157.863	111.505	62.529	0.267	1.416	0.706	0.673
85	10018	19.710	10.499	0	74	548.014	2153	564	123	123	131.132	97.271	55.126	0.419	1.348	0.742	0.894
86	102	28.941	10.985	3	63	45.456	3714	573	14	14	14.226	9.129	28.012	0.620	1.558	0.642	0.761
87	47	31.447	9.868	10	57	25.314	929	578	8	7	8.099	7.389	140.372	0.922	1.096	0.912	0.913
88	124	62.524	18.132	21	105	40.870	1967	596	14	12	13.826	11.419	155.684	0.933	1.211	0.826	0.908
89	97	69.845	18.807	5	119	37.213	2591	606	12	11	11.467	10.770	6.911	0.880	1.065	0.939	0.882
90	53	44.981	13.111	19	70	28.385	797	616	10	8	9.886	6.826	159.580	0.827	1.448	0.690	0.848
91	714	56.884	23.519	4	120	115.539	1269	616	30	36	34.009	26.731	110.545	0.672	1.272	0.786	0.880
92	61	32.443	15.619	0	73	30.627	65	620	10	10	9.892	7.851	127.109	0.817	1.260	0.794	0.824
93	163	22.331	10.445	1	48	63.598	854	622	15	21	17.587	11.801	102.368	0.506	1.490	0.671	0.748
94	26	21.154	8.063	5	34	22.728	2137	635	6	8	7.134	4.641	62.730	0.633	1.537	0.651	0.732
95	18	23.556	9.488	8	39	19.314	2625	639	6	6	5.570	4.115	111.126	0.606	1.354	0.739	0.679
96	175	58.857	18.229	3	102	56.870	974	645	14	18	17.043	13.074	107.391	0.680	1.304	0.767	0.850
97	103	26.466	10.957	5	58	41.698	2402	698	14	13	15.186	8.636	132.557	0.744	1.758	0.569	0.837
98	92	31.457	11.443	2	50	41.698	415	703	12	14	12.859	9.110	110.325	0.665	1.412	0.708	0.773
99	57	16.561	7.931	0	37	43.941	1484	703	10	16	15.455	4.696	113.942	0.371	3.291	0.304	0.626
100	195	27.267	11.767	3	58	57.355	704	709	16	19	19.313	12.856	111.263	0.745	1.502	0.666	0.850
101	162	20.815	9.280	3	45	62.770	354	713	16	16	16.222	12.715	121.748	0.517	1.276	0.784	0.804
102	181	29.591	12.653	4	68	59.355	2089	719	15	20	18.662	12.349	113.772	0.646	1.511	0.662	0.810
103	332	53.780	18.509	2	96	75.012	1326	725	25	19	24.765	17.069	162.651	0.741	1.451	0.689	0.890
104	154	24.312	11.953	1	67	55.698	3252	725	18	16	18.247	10.746	143.830	0.624	1.698	0.589	0.759
105	7891	24.637	12.645	0	79	438.073	1022	734	103	120	128.099	78.432	127.243	0.517	1.633	0.612	0.922
106	233	30.240	10.681	1	57	69.598	3945	737	23	16	23.508	12.620	159.782	0.604	1.863	0.537	0.834
107	247	37.615	15.610	1	80	68.770	2681	749	16	25	23.942	13.135	108.203	0.656	1.823	0.549	0.830
108	290	18.741	8.871	0	50	97.740	742	752	23	25	20.336	18.157	84.125	0.381	1.120	0.893	0.730
109	52	24.635	11.458	1	53	26.142	3791	756	7	9	9.114	7.265	97.018	0.956	1.255	0.797	0.912
110	72	53.222	14.547	10	79	33.213	1188	758	10	11	11.638	7.877	122.321	0.820	1.478	0.677	0.852
111	169	21.994	9.465	2	53	60.770	299	764	14	21	18.716	11.497	99.931	0.575	1.628	0.614	0.775
112	29	22.517	7.562	4	33	22.142	2582	768	7	7	6.399	5.770	95.584	0.743	1.109	0.902	0.784
113	46	31.109	8.590	13	53	26.971	866	770	9	8	7.855	7.456	119.220	0.795	1.054	0.949	0.800
114	41	27.780	12.148	4	56	26.385	2838	777	8	9	7.695	6.784	95.081	0.740	1.134	0.882	0.752
115	1516	21.587	10.353	0	61	203.723	88	792	39	59	53.017	36.408	102.656	0.459	1.456	0.687	0.858
116	26	16.038	7.275	2	32	31.799	2084	803	8	8	6.408	5.166	101.882	0.323	1.240	0.806	0.510
117	260	15.565	8.838	1	45	83.841	2911	812	21	25	20.688	16.001	150.680	0.465	1.293	0.773	0.730
118	110	35.209	23.049	4	93	76.184	1655	819	22	18	22.129	6.329	44.025	0.238	3.496	0.286	0.519
119	65	46.138	13.562	13	82	37.456	3215	819	13	10	11.475	7.212	139.584	0.582	1.591	0.628	0.739
120	463	54.551	21.732	1	119	91.154	328	825	28	25	27.927	21.109	149.649	0.700	1.323	0.756	0.861
121	329	26.085	11.748	0	60	81.012	2217	833	25	21	25.533	16.406	151.716	0.630	1.556	0.643	0.841
122	418	33.646	15.711	2	74	90.912	1164	835	26	29	26.877	19.802	121.866	0.636	1.357	0.737	0.826
123	20	26.700	14.397	2	49	20.728	1404	845	5	7	5.958	4.274	79.984	0.585	1.394	0.717	0.690
124	1093	23.355	10.830	0	71	159.681	1204	856	36	48	46.732	29.779	108.417	0.539	1.569	0.637	0.852
125	34	18.382	7.916	5	39	23.213	1637	856	9	7	7.635	5.670	171.068	0.793	1.346	0.743	0.773
126	218	27.257	17.710	2	84	67.841	3328	858	20	23	25.752	10.778	126.343	0.595	2.389	0.419	0.801
127	686	41.873	17.040	1	89	111.983	2613	866	26	40	39.144	22.314	104.609	0.687	1.754	0.570	0.891
128	53	13.038	8.129	1	33	38.385	1487	867	8	14	11.012	6.128	70.636	0.452	1.797	0.556	0.697
129	499	18.972	10.451	0	58	135.640	989	870	28	33	28.273	22.472	84.750	0.341	1.258	0.795	0.748
130	29	11.172	6.176	2	26	23.899	3447	872	7	7	7.179	5.144	73.928	0.638	1.396	0.717	0.744
131	291	40.144	15.654	2	91	71.841	2525	891	21	22	21.806	16.991	140.025	0.709	1.283	0.779	0.836
132	179	25.190	10.768	1	54	54.527	277	897	15	17	16.183	14.083	114.419	0.757	1.149	0.870	0.861
133	477	28.765	13.596	2	66	87.598	1093	899	27	25	25.579	23.743	1.537	0.781	1.077	0.928	0.897
134	86	60.686	18.629	13	99	38.284	963	900	12	13	12.985	8.432	131.578	0.737	1.540	0.649	0.811
135	408	27.824	12.418	0	63	91.497	3843	904	21	31	28.354	18.321	111.495	0.612	1.548	0.646	0.846
136	26	19.077	7.563	3	32	19.899	305	930	7	5	6.596	5.019	177.358	0.825	1.314	0.761	0.867
137	217	29.313	12.810	3	73	63.113	1024	941	16	22	19.965	13.839	111.537	0.685	1.443	0.693	0.828
138	186	48.129	14.715	7	83	53.698	775	958	18	14	17.974	13.176	30.057	0.811	1.364	0.733	0.886
139	30	10.133	3.721	3	19	21.899	1996	959	6	7	7.546	5.062	79.764	0.786	1.491	0.671	0.833
140	70	41.357	13.232	10	69	34.627	2943	964	8	13	11.571	7.702	98.282	0.734	1.502	0.666	0.838
141	98	21.031	8.166	3	39	41.456	3764	970	11	15	16.255	7.676	123.539	0.717	2.118	0.472	0.838
142	34	34.529	13.824	15	65	23.556	3525	979	7	7	7.566	5.722	47.704	0.770	1.322	0.756	0.819
143	2278	44.517	23.962	0	113	226.794	3563	983	62	64	59.155	49.031	78.813	0.557	1.206	0.829	0.837
144	881	41.468	19.977	0	103	145.782	1657	986	44	41	47.991	23.374	136.855	0.521	2.053	0.487	0.797
145	74	57.932	15.146	19	94	33.213	164	995	11	10	11.472	8.213	141.600	0.843	1.397	0.716	0.876
146	502	37.550	17.067	0	89	104.811	2457	999	36	26	28.745	22.235	179.055	0.574	1.293	0.774	0.796
147	275	38.233	16.471	4	78	82.669	1440	1001	27	18	27.862	12.567	153.045	0.506	2.217	0.451	0.776
148	133	44.654	16.035	4	82	49.355	2751	1008	16	15	16.777	10.093	141.227	0.686	1.662	0.602	0.809
149	112	13.955	7.775	2	45	71.355	3206	1018	19	15	15.761	9.048	155.412	0.276	1.742	0.574	0.597
150	36	36.583	11.231	0	51	23.556	2125	1021	8	7	8.205	5.587	128.628	0.815	1.469	0.681	0.818
151	16	15.125	8.366	2	33	19.314	3225	1031	4	8	6.990	2.915	71.565	0.539	2.398	0.417	0.681
152	560	40.243	16.978	2	91	113.296	1231	1049	32	30	31.628	22.544	147.010	0.548	1.403	0.713	0.815
153	186	52.882	17.353	2	93	54.284	3306	1054	16	17	17.374	13.631	66.994	0.793	1.275	0.785	0.879
154	80	64.875	15.681	7	97	33.799	514	1066	10	11	10.349	9.842	143.614	0.880	1.051	0.951	0.874
155	1077	59.577	27.855	1	133	134.125	35	1067	40	39	38.940	35.215	50.195	0.752	1.106	0.904	0.905
156	27	21.074	10.528	3	49	23.314	579	1068	7	5	7.097	4.844	2.627	0.624	1.465	0.683	0.794
157	34	21.029	8.163	0	36	24.385	3963	1072	9	7	7.734	5.597	21.033	0.719	1.382	0.724	0.773
158	20	16.550	6.684	5	28	16.728	316	1074	6	5	5.549	4.589	157.500	0.898	1.209	0.827	0.816
159	1917	38.594	20.195	1	117	247.179	3659	1075	53	62	58.041	42.053	92.723	0.394	1.380	0.725	0.804
160	314	49.838	21.471	1	106	85.740	1869	1082	23	29	22.388	17.858	89.876	0.537	1.254	0.798	0.755
161	17	21.882	8.298	5	36	15.314	3647	1089	5	5	5.183	4.176	32.548	0.911	1.241	0.806	0.850
162	136	23.566	9.611	2	51	49.698	1819	1090	17	14	15.463	11.198	12.856	0.692	1.381	0.724	0.795
163	95	35.558	14.318	4	75	37.556	3484	1102	13	9	13.738	8.804	163.801	0.846	1.560	0.641	0.909
164	165	15.661	7.849	1	48	87.841	2876	1107	15	25	21.892	9.596	104.097	0.269	2.281	0.438	0.610
165	90	45.489	14.284	8	79	38.870	731	1113	14	11	12.392	9.247	12.878	0.749	1.340	0.746	0.814
166	138	27.181	11.503	4	55	46.627	2958	1113	13	15	15.893	11.056	48.793	0.798	1.437	0.696	0.902
167	1854	39.265	16.978	1	95	234.593	1375	1118	59	65	61.130	38.616	127.601	0.423	1.583	0.632	0.788
168	405	15.775	9.151	0	59	103.154	3428	1125	31	23	28.672	17.985	174.024	0.478	1.594	0.627	0.789
169	365	43.975	16.674	5	92	85.497	1824	1130	23	26	25.133	18.491	133.962	0.627	1.359	0.736	0.831
170	1804	44.935	30.441	0	148	278.978	1130	1132	52	86	91.399	25.131	111.351	0.291	3.637	0.275	0.717
171	13118	37.679	28.321	0	144	631.311	3012	1136	134	169	145.920	114.462	101.782	0.414	1.275	0.784	0.817
172	42	34.333	10.188	15	59	28.385	1295	1138	10	8	8.000	6.685	153.947	0.655	1.197	0.836	0.730
173	20	9.650	5.294	2	20	23.556	3946	1141	5	8	7.726	3.296	67.330	0.453	2.344	0.427	0.625
174	403	34.970	18.810	2	87	104.912	128	1146	40	21	40.514	12.665	165.012	0.460	3.199	0.313	0.744
175	102	23.176	10.440	1	47	48.527	1062	1153	16	13	13.702	9.478	16.526	0.544	1.446	0.692	0.726
176	51	46.725	18.677	12	85	31.556	1	1160	7	12	10.445	6.217	104.261	0.644	1.680	0.595	0.803
177	308	59.308	22.314	7	114	67.255	3855	1165	22	21	22.501	17.428	141.468	0.856	1.291	0.775	0.914
178	72	32.833	9.157	11	50	32.627	3253	1177	12	9	11.295	8.116	12.750	0.850	1.392	0.719	0.847
179	66	25.712	12.362	3	56	33.213	933	1198	10	11	10.250	8.198	127.748	0.752	1.250	0.800	0.800
180	17	14.824	9.057	1	36	15.314	1120	1201	6	4	5.313	4.074	10.996	0.911	1.304	0.767	0.850
181	84	23.345	10.743	2	51	37.556	3748	1216	10	12	13.057	8.191	128.958	0.748	1.594	0.627	0.866
182	214	77.280	19.301	27	113	58.184	2567	1217	18	17	16.601	16.413	158.709	0.794	1.011	0.989	0.877
183	23	20.174	10.098	2	39	18.728	1689	1220	6	6	6.193	4.729	52.397	0.824	1.310	0.764	0.793
184	2960	37.022	20.557	1	115	325.161	1991	1222	75	85	68.999	54.621	73.771	0.352	1.263	0.792	0.742
185	16	23.562	7.393	12	36	17.314	2003	1225	5	6	5.561	3.663	48.861	0.671	1.518	0.659	0.744
186	830	15.123	8.651	0	47	199.622	2252	1225	42	37	35.413	29.842	6.382	0.262	1.187	0.843	0.727
187	213	13.638	7.586	1	39	87.983	3925	1245	19	22	17.645	15.370	120.479	0.346	1.148	0.871	0.672
188	180	28.033	12.783	4	63	61.113	166	1248	16	18	17.508	13.090	90.369	0.606	1.337	0.748	0.781
189	140	76.836	19.650	12	110	44.284	2573	1251	13	14	14.341	12.430	95.426	0.897	1.154	0.867	0.903
190	1591	23.143	10.584	1	58	186.894	1095	1255	50	48	50.045	40.478	132.434	0.572	1.236	0.809	0.868
191	95	55.811	14.637	15	90	37.456	3539	1259	12	12	12.112	9.987	42.287	0.851	1.213	0.825	0.848
192	44	14.455	6.593	3	29	35.799	2341	1264	6	14	13.170	4.254	86.730	0.431	3.096	0.323	0.652
193	99	29.838	13.820	4	72	42.627	927	1270	10	16	13.445	9.375	90.411	0.685	1.434	0.697	0.811
194	69	37.406	9.831	13	60	35.799	3251	1274	9	12	10.605	8.284	93.435	0.677	1.280	0.781	0.798
195	164	49.909	13.713	12	80	51.698	814	1291	17	15	17.662	11.822	38.513	0.771	1.494	0.669	0.859
196	51	43.725	13.274	14	75	27.556	2328	1298	9	8	8.240	7.880	86.893	0.844	1.046	0.956	0.857
197	55	27.745	12.538	4	60	29.213	150	1305	9	10	9.203	7.610	53.818	0.810	1.209	0.827	0.833
198	80	40.688	13.529	17	71	34.042	946	1309	10	12	10.724	9.498	99.654	0.868	1.129	0.886	0.856
199	93	25.430	14.412	3	73	39.799	322	1310	11	12	11.867	9.978	144.418	0.738	1.189	0.841	0.857
200	826	59.983	27.379	1	121	132.953	259	1317	39	39	42.643	24.663	137.569	0.587	1.729	0.578	0.829
201	570	67.488	34.092	1	138	105.640	3125	1332	32	31	38.636	18.784	42.965	0.642	2.057	0.486	0.879
202	145	33.621	14.326	4	70	57.941	2871	1340	18	15	17.634	10.470	150.349	0.543	1.684	0.594	0.757
203	627	40.691	17.004	2	96	107.640	1051	1343	31	35	30.954	25.791	73.448	0.680	1.200	0.833	0.847
204	1374	31.632	13.943	1	100	172.995	534	1351	49	38	49.168	35.581	174.983	0.577	1.382	0.724	0.882
205	139	46.604	17.817	4	79	51.113	1386	1362	19	12	16.955	10.438	11.105	0.669	1.624	0.616	0.830
206	139	57.417	21.064	12	107	50.284	1683	1385	18	13	14.782	11.973	164.157	0.691	1.235	0.810	0.818
207	738	15.928	7.807	0	45	140.610	3543	1385	34	36	33.049	28.432	119.718	0.469	1.162	0.860	0.804
208	57	37.421	15.432	5	81	28.142	1733	1392	8	9	9.608	7.553	58.058	0.904	1.272	0.786	0.905
209	81	32.185	12.683	12	59	35.213	552	1399	11	11	10.758	9.587	164.953	0.821	1.122	0.891	0.839
210	88	42.307	14.430	10	84	39.799	3597	1399	10	13	12.303	9.107	91.165	0.698	1.351	0.740	0.822
211	55	12.236	7.229	1	31	35.799	299	1400	10	10	9.549	7.333	31.113	0.539	1.302	0.768	0.728
212	598	64.925	32.755	3	151	93.497	1200	1401	28	29	28.265	26.938	44.392	0.860	1.049	0.953	0.928
213	42	30.333	10.238	10	53	27.556	3366	1406	7	10	9.449	5.659	75.921	0.695	1.670	0.599	0.778
214	144	14.174	7.557	1	38	90.083	2195	1407	18	19	16.475	11.129	137.092	0.223	1.480	0.676	0.574
215	63	36.778	14.930	5	77	34.385	636	1417	10	11	11.943	6.717	129.796	0.670	1.778	0.562	0.808
216	903	37.628	16.855	0	95	170.752	1115	1420	64	30	61.197	18.788	166.154	0.389	3.257	0.307	0.729
217	876	42.773	19.384	2	119	131.539	1235	1435	32	43	42.535	26.222	116.119	0.636	1.622	0.616	0.864
218	33	32.909	11.525	8	48	23.556	119	1443	6	8	7.955	5.282	114.124	0.747	1.506	0.664	0.846
219	2222	17.544	9.204	0	58	297.120	689	1445	59	63	58.869	48.058	60.253	0.316	1.225	0.816	0.813
220	20	7.750	4.166	3	17	26.728	971	1447	7	8	5.626	4.526	113.588	0.352	1.243	0.805	0.519
221	545	40.694	17.428	2	96	93.983	2199	1447	32	27	33.557	20.679	146.092	0.775	1.623	0.616	0.908
222	246	57.004	21.091	3	96	63.012	2737	1454	18	19	19.899	15.740	126.966	0.779	1.264	0.791	0.879
223	123	55.837	20.080	8	97	46.870	3310	1455	19	10	17.434	8.983	2.955	0.704	1.941	0.515	0.854
224	52	18.731	9.358	0	36	34.042	760	1460	13	8	11.630	5.693	156.643	0.564	2.043	0.489	0.717
225	805	14.949	7.458	0	50	180.066	163	1461	38	34	33.736	30.382	149.724	0.312	1.110	0.901	0.788
226	95	24.200	13.039	2	59	49.941	2825	1461	13	18	18.738	6.455	119.283	0.479	2.903	0.344	0.720
227	542	39.367	16.812	0	94	99.740	225	1465	26	29	28.002	24.644	84.837	0.685	1.136	0.880	0.872
228	186	58.167	17.303	4	94	54.042	1407	1472	17	15	17.343	13.655	153.773	0.800	1.270	0.787	0.884
229	592	45.387	19.840	0	97	100.326	1774	1482	34	26	34.171	22.058	24.394	0.739	1.549	0.646	0.890
230	18	14.000	5.391	5	26	20.728	1473	1483	5	7	7.147	3.207	105.925	0.526	2.229	0.449	0.679
231	116	14.940	7.371	0	35	58.527	2304	1484	16	15	13.464	10.970	143.033	0.426	1.227	0.815	0.697
232	46	14.370	6.315	3	29	31.556	2872	1489	11	8	9.687	6.046	151.482	0.580	1.602	0.624	0.702
233	16	14.938	6.444	3	24	20.971	3089	1491	4	8	7.394	2.755	102.016	0.457	2.683	0.373	0.615
234	16	10.812	4.694	5	21	20.971	193	1496	6	6	4.968	4.100	148.399	0.457	1.212	0.825	0.582
235	3064	35.012	16.964	1	99	243.037	2562	1505	61	69	67.012	58.216	80.975	0.652	1.151	0.869	0.918
236	35	25.829	8.216	10	44	25.556	3860	1506	8	7	7.975	5.588	28.606	0.673	1.427	0.701	0.769
237	800	13.689	7.786	0	42	177.924	1426	1509	43	33	35.285	28.868	174.674	0.318	1.222	0.818	0.750
238	1520	46.706	19.085	2	109	208.108	121	1531	34	74	70.378	27.499	92.086	0.441	2.559	0.391	0.816
239	61	36.361	16.721	10	80	50.385	3993	1535	6	22	18.878	4.114	98.805	0.302	4.588	0.218	0.713
240	2267	48.402	24.523	2	119	251.078	1530	1541	70	63	59.449	48.553	164.038	0.452	1.224	0.817	0.776
241	67	24.104	10.122	2	47	35.456	1839	1544	11	11	11.711	7.284	129.111	0.670	1.608	0.622	0.784
242	1350	42.416	23.623	0	112	236.693	3179	1548	40	67	60.736	28.301	98.710	0.303	2.146	0.466	0.744
243	1085	35.023	17.591	1	102	165.095	2391	1554	34	58	53.244	25.946	71.101	0.500	2.052	0.487	0.824
244	276	54.591	21.433	8	106	79.255	1844	1566	22	22	19.017	18.479	151.040	0.552	1.029	0.972	0.808
245	1237	39.928	19.044	1	93	174.652	1077	1589	47	42	41.376	38.066	3.366	0.510	1.087	0.920	0.791
246	563	44.988	19.425	1	101	106.225	1761	1589	31	28	32.034	22.377	145.756	0.627	1.432	0.699	0.842
247	383	17.619	10.351	1	62	96.083	2573	1598	22	31	26.175	18.631	100.578	0.521	1.405	0.712	0.802
248	850	23.902	11.375	0	63	136.610	3510	1601	37	40	35.466	30.515	64.896	0.572	1.162	0.860	0.842
249	1554	17.866	9.407	1	62	208.451	482	1612	52	45	47.431	41.716	155.934	0.449	1.137	0.879	0.862
250	880	44.245	21.790	1	103	172.409	3719	1631	35	62	57.242	19.574	111.616	0.372	2.924	0.342	0.738
251	140	68.343	17.830	15	111	48.284	1490	1641	15	15	14.271	12.491	143.741	0.755	1.143	0.875	0.833
252	111	52.045	13.484	12	78	41.456	3254	1650	15	11	13.615	10.380	178.187	0.812	1.312	0.762	0.857
253	16	6.938	3.838	0	14	14.485	2946	1657	4	5	5.486	3.714	83.846	0.958	1.477	0.677	0.889
254	2560	18.735	8.790	0	58	248.836	1317	1659	56	66	64.951	50.184	64.889	0.520	1.294	0.773	0.886
255	55	24.927	10.442	6	45	28.385	2935	1671	9	9	8.665	8.082	141.846	0.858	1.072	0.933	0.833
256	69	28.232	11.175	5	50	32.385	3196	1675	9	11	10.402	8.446	86.577	0.827	1.232	0.812	0.873
257	2291	28.517	11.418	0	74	238.752	1	1678	37	86	80.073	36.429	89.805	0.505	2.198	0.455	0.921
258	41	22.073	9.614	5	46	31.799	2906	1679	10	9	8.524	6.124	34.535	0.510	1.392	0.718	0.646
259	104	25.125	11.721	1	51	43.799	1613	1690	13	12	13.478	9.825	113.268	0.681	1.372	0.729	0.809
260	1603	32.434	15.410	0	90	205.137	2156	1691	49	63	59.241	34.453	114.941	0.479	1.719	0.582	0.800
261	21	20.429	9.563	5	41	17.314	2025	1695	6	5	5.414	4.939	1.161	0.880	1.096	0.912	0.824
262	151	42.947	20.317	1	97	59.698	3186	1713	19	12	17.621	10.911	176.323	0.532	1.615	0.619	0.780
263	124	38.806	16.470	3	81	47.456	1298	1717	15	13	17.921	8.810	35.460	0.692	2.034	0.492	0.849
264	114	27.939	13.496	1	70	45.698	1931	1723	16	13	15.227	9.532	148.520	0.686	1.597	0.626	0.817
265	576	42.660	16.449	1	93	114.468	1851	1727	36	30	38.208	19.194	144.117	0.552	1.991	0.502	0.829
266	55	39.164	10.315	10	54	29.213	1272	1734	10	9	9.042	7.745	54.770	0.810	1.168	0.856	0.809
267	25	30.160	8.999	15	51	19.556	555	1747	8	5	7.450	4.272	1.980	0.821	1.744	0.573	0.806
268	137	49.131	13.817	8	89	48.284	2455	1747	14	14	14.566	11.975	30.558	0.738	1.216	0.822	0.846
269	1753	36.930	18.815	1	104	195.480	721	1753	46	53	52.091	42.848	113.222	0.576	1.216	0.823	0.890
270	198	31.687	13.999	4	72	62.770	537	1756	19	19	16.015	15.742	151.296	0.632	1.017	0.983	0.792
271	914	16.249	8.990	0	49	183.823	957	1769	40	45	40.744	28.562	63.058	0.340	1.426	0.701	0.772
272	94	26.543	9.735	2	52	37.799	369	1795	11	12	12.008	9.967	111.647	0.827	1.205	0.830	0.870
273	58	40.810	8.727	15	59	29.799	3286	1813	10	9	9.719	7.598	149.386	0.821	1.279	0.782	0.829
274	233	32.322	13.021	2	67	80.426	3359	1816	16	29	23.710	12.512	70.717	0.453	1.895	0.528	0.748
275	631	60.672	25.044	1	120	101.154	166	1830	31	28	30.224	26.582	174.753	0.775	1.137	0.879	0.905
276	89	50.989	17.542	9	80	40.284	527	1845	11	15	13.565	8.353	107.608	0.689	1.624	0.616	0.809
277	22	13.864	6.882	4	30	19.556	475	1846	6	7	6.604	4.242	114.133	0.723	1.557	0.642	0.721
278	158	46.139	16.627	8	84	53.941	3697	1847	15	17	16.840	11.946	109.586	0.682	1.410	0.709	0.814
279	127	42.575	14.894	4	71	46.284	1789	1849	15	13	13.395	12.071	11.360	0.745	1.110	0.901	0.833
280	257	62.171	23.384	9	110	64.770	767	1858	19	21	19.515	16.768	115.360	0.770	1.164	0.859	0.871
281	214	12.720	6.729	2	37	98.669	1839	1860	23	20	19.496	13.976	142.720	0.276	1.395	0.717	0.650
282	84	27.393	13.297	2	59	42.042	407	1865	13	13	11.984	8.925	42.521	0.597	1.343	0.745	0.724
283	3591	19.884	9.988	0	54	329.605	580	1866	63	85	82.783	55.231	109.704	0.415	1.499	0.667	0.878
284	78	48.051	15.293	11	93	33.556	806	1873	9	11	12.029	8.256	113.180	0.870	1.457	0.686	0.902
285	100	34.230	13.803	6	63	41.456	3068	1874	12	13	14.238	8.943	126.772	0.731	1.592	0.628	0.820
286	213	45.066	16.541	5	95	69.012	2047	1875	18	21	18.624	14.562	117.448	0.562	1.279	0.782	0.773
287	27	19.926	8.278	4	34	21.556	2645	1880	7	7	7.186	4.784	147.761	0.730	1.502	0.666	0.730
288	55	15.582	7.358	2	32	33.799	1724	1883	10	9	10.313	6.790	15.576	0.605	1.519	0.658	0.748
289	61	26.295	9.085	7	48	30.627	683	1905	10	10	8.863	8.763	33.660	0.817	1.011	0.989	0.813
290	85	43.906	12.603	8	65	36.042	2372	1908	12	11	11.435	9.465	143.509	0.822	1.208	0.828	0.829
291	195	34.092	11.147	2	65	58.770	3504	1917	18	17	17.748	13.990	36.188	0.709	1.269	0.788	0.841
292	18	26.778	12.647	4	47	16.728	3587	1919	7	4	6.290	3.644	0.000	0.808	1.726	0.579	0.783
293	78	62.885	16.888	15	97	34.627	1634	1921	11	10	11.784	8.428	147.825	0.817	1.398	0.715	0.857
294	243	29.947	10.883	5	56	65.598	418	1922	19	20	18.550	16.679	73.583	0.710	1.112	0.899	0.841
295	7187	45.012	28.209	0	143	595.411	347	1932	79	176	164.410	55.658	78.433	0.255	2.954	0.339	0.758
296	20	23.500	9.197	7	37	17.899	1481	1948	6	5	6.047	4.211	162.887	0.784	1.436	0.696	0.800
297	66	42.258	14.811	4	77	31.213	3229	1952	9	11	10.555	7.961	119.440	0.851	1.326	0.754	0.857
298	24	17.542	10.591	0	41	22.728	2570	1955	8	6	7.193	4.248	31.909	0.584	1.693	0.591	0.667
299	785	13.290	7.769	0	49	232.936	1305	1969	51	30	41.673	23.984	174.069	0.182	1.738	0.576	0.684
300	30	25.467	10.605	11	58	24.385	2290	1971	9	7	7.091	5.386	7.811	0.634	1.317	0.760	0.674
301	11764	29.453	14.729	0	86	681.696	448	1972	102	185	165.798	90.341	92.627	0.318	1.835	0.545	0.845
302	33	15.485	7.779	2	34	27.556	1352	1972	6	10	9.693	4.335	98.608	0.546	2.236	0.447	0.725
303	25	15.000	9.456	0	38	27.556	2055	1995	5	10	8.206	3.879	98.573	0.414	2.116	0.473	0.610
304	80	40.900	18.919	4	79	36.870	212	2003	12	12	10.697	9.523	167.007	0.740	1.123	0.890	0.796
305	66	23.470	11.933	4	53	39.213	947	2010	8	14	11.358	7.399	77.096	0.539	1.535	0.651	0.746
306	417	16.233	8.684	0	39	107.983	2319	2012	23	32	28.800	18.435	85.832	0.449	1.562	0.640	0.770
307	374	31.267	14.511	0	72	88.912	1176	2029	22	31	29.182	16.318	70.086	0.595	1.788	0.559	0.817
308	2999	18.964	9.622	0	57	497.529	2537	2030	78	82	80.151	47.641	132.600	0.152	1.682	0.594	0.726
309	217	57.613	19.291	2	97	61.355	1838	2044	17	20	18.174	15.203	90.490	0.724	1.195	0.837	0.841
310	93	19.043	8.664	1	50	40.042	1024	2047	14	11	12.276	9.646	166.971	0.729	1.273	0.786	0.809
311	1287	52.389	27.686	1	113	143.782	3761	2048	41	46	45.295	36.178	111.969	0.782	1.252	0.799	0.917
312	459	44.285	18.115	1	89	101.640	3023	2050	30	30	26.531	22.028	58.880	0.558	1.204	0.830	0.777
313	352	16.787	8.795	0	43	137.782	1003	2054	24	42	40.958	10.942	115.481	0.233	3.743	0.267	0.613
314	64	47.812	14.159	13	75	31.213	648	2061	10	10	9.819	8.299	21.032	0.825	1.183	0.845	0.848
315	38	33.079	12.111	3	54	25.799	429	2064	9	8	8.071	5.994	158.575	0.717	1.346	0.743	0.752
316	272	45.062	20.574	3	92	93.497	2311	2065	14	34	30.817	11.238	92.591	0.391	2.742	0.365	0.741
317	192	20.380	11.802	3	62	80.326	976	2087	25	21	25.420	9.617	146.920	0.374	2.643	0.378	0.678
318	3240	31.011	14.873	1	86	308.392	1399	2100	80	87	96.594	42.707	134.516	0.428	2.262	0.442	0.838
319	41	27.366	13.074	7	58	24.142	320	2102	7	8	8.054	6.481	107.743	0.884	1.243	0.805	0.854
320	909	29.426	12.454	1	72	144.267	1849	2104	31	46	43.220	26.779	106.193	0.549	1.614	0.620	0.867
321	587	12.612	6.885	1	46	145.681	2266	2104	32	37	29.372	25.446	113.163	0.348	1.154	0.866	0.737
322	302	39.132	16.534	5	81	101.054	1701	2109	20	30	25.096	15.322	100.789	0.372	1.638	0.611	0.710
323	94	11.149	6.886	1	28	60.770	820	2114	14	16	12.679	9.439	90.307	0.320	1.343	0.744	0.588
324	381	17.325	8.980	0	53	101.983	14	2121	27	25	23.497	20.646	126.322	0.460	1.138	0.879	0.786
325	2610	18.844	9.576	0	58	303.362	2992	2122	70	70	78.120	42.539	146.530	0.356	1.836	0.545	0.780
326	128	8.695	5.163	0	31	66.184	1567	2123	20	12	16.947	9.617	169.206	0.367	1.762	0.567	0.648
327	26	22.538	9.043	6	38	25.556	3054	2126	7	7	6.881	4.811	25.192	0.500	1.430	0.699	0.675
328	118	40.314	12.105	11	66	42.870	2489	2133	15	12	15.247	9.854	160.753	0.807	1.547	0.646	0.858
329	165	9.436	5.040	0	28	74.770	1565	2137	21	16	15.113	13.901	11.582	0.371	1.087	0.920	0.679
330	126	24.365	9.173	1	51	83.213	1	2150	6	38	31.967	5.019	90.112	0.229	6.370	0.157	0.754
331	23	29.565	9.830	8	48	19.314	1909	2152	6	6	7.108	4.120	138.719	0.775	1.725	0.580	0.793
332	149	20.369	12.472	0	60	59.698	1876	2161	17	17	17.296	10.969	130.153	0.525	1.577	0.634	0.732
333	85	48.929	18.212	12	87	37.456	12	2172	12	12	12.771	8.474	132.351	0.761	1.507	0.664	0.821
334	67	61.731	14.660	25	88	32.627	758	2177	10	11	10.268	8.308	68.794	0.791	1.236	0.809	0.807
335	1154	32.548	18.330	0	90	216.794	1987	2180	39	71	55.702	26.378	77.956	0.309	2.112	0.474	0.618
336	43	38.116	13.390	10	78	24.971	2828	2188	7	9	8.710	6.286	118.696	0.867	1.386	0.722	0.851
337	244	74.623	24.584	9	149	59.598	72	2194	20	18	19.463	15.962	151.100	0.863	1.219	0.820	0.900
338	171	35.673	13.473	4	70	50.042	2260	2196	16	14	16.038	13.575	155.587	0.858	1.181	0.846	0.905
339	150	13.133	6.717	0	36	97.983	302	2206	17	22	16.505	11.572	113.953	0.196	1.426	0.701	0.574
340	470	51.313	23.876	3	112	103.397	3056	2209	32	28	28.144	21.263	136.132	0.552	1.324	0.756	0.789
341	1218	17.188	9.002	0	58	182.794	2723	2214	39	49	45.685	33.945	88.498	0.458	1.346	0.743	0.833
342	1731	20.236	9.645	0	57	209.966	2159	2215	43	57	53.780	40.981	88.360	0.493	1.312	0.762	0.857
343	121	24.901	11.963	3	56	44.042	2251	2216	12	15	14.598	10.554	109.124	0.784	1.383	0.723	0.846
344	58	29.603	13.175	5	53	30.385	3786	2232	10	9	9.719	7.598	139.797	0.789	1.279	0.782	0.811
345	200	83.925	25.340	3	140	54.870	735	2233	14	19	18.960	13.431	94.636	0.835	1.412	0.708	0.915
346	793	27.444	12.167	2	74	148.024	1438	2242	33	43	38.956	25.919	118.905	0.455	1.503	0.665	0.796
347	190	63.384	21.101	4	100	52.627	1168	2245	15	16	17.634	13.719	124.250	0.862	1.285	0.778	0.920
348	115	25.513	11.751	1	50	47.698	289	2250	13	15	13.658	10.720	108.655	0.635	1.274	0.785	0.785
349	163	18.871	9.245	1	44	62.284	1083	2252	17	19	18.184	11.413	125.480	0.528	1.593	0.628	0.713
350	36	35.333	11.847	3	58	22.142	1653	2252	7	7	6.963	6.583	143.590	0.923	1.058	0.946	0.867
351	289	27.401	11.960	1	60	76.669	3055	2264	16	26	24.291	15.148	98.279	0.618	1.604	0.624	0.849
352	342	40.909	17.465	0	86	88.326	2135	2267	26	23	25.086	17.358	34.347	0.551	1.445	0.692	0.793
353	1267	31.039	15.747	0	86	156.610	3203	2273	57	34	55.707	28.959	168.247	0.649	1.924	0.520	0.887
354	834	68.723	35.065	1	152	116.468	203	2280	34	37	33.780	31.435	122.160	0.773	1.075	0.931	0.902
355	26	10.231	4.590	0	18	24.142	1214	2282	10	5	10.300	3.214	158.487	0.561	3.205	0.312	0.776
356	21	23.238	10.207	2	38	20.142	990	2290	6	7	7.412	3.607	141.264	0.650	2.055	0.487	0.724
357	34	20.735	8.469	2	41	23.556	3801	2292	6	8	7.803	5.548	87.968	0.770	1.406	0.711	0.810
358	211	63.100	19.012	19	118	55.113	1130	2304	17	17	17.534	15.322	141.537	0.873	1.144	0.874	0.898
359	266	41.053	16.426	5	80	81.983	160	2306	20	24	22.357	15.149	115.379	0.497	1.476	0.678	0.763
360	414	52.647	22.943	3	112	88.083	3452	2307	24	28	27.204	19.377	130.383	0.671	1.404	0.712	0.832
361	73	35.890	13.958	8	73	41.213	1	2309	11	13	12.564	7.398	51.926	0.540	1.698	0.589	0.730
362	476	28.206	13.312	1	70	103.154	3836	2314	29	29	25.404	23.857	104.289	0.562	1.065	0.939	0.789
363	27	22.556	11.393	2	41	20.142	102	2319	8	5	6.859	5.012	5.194	0.836	1.369	0.731	0.844
364	1468	60.770	32.683	0	140	203.723	1200	2324	36	75	64.839	28.827	83.548	0.444	2.249	0.445	0.822
365	196	20.796	9.909	1	50	72.184	2622	2331	22	17	22.094	11.295	24.251	0.473	1.956	0.511	0.725
366	158	64.981	19.517	17	104	49.113	345	2334	16	15	16.543	12.161	135.339	0.823	1.360	0.735	0.871
367	1785	17.894	9.103	0	56	213.380	2107	2335	58	53	52.549	43.250	36.658	0.493	1.215	0.823	0.849
368	153	35.464	14.663	4	74	54.770	3098	2341	15	19	19.822	9.828	54.141	0.641	2.017	0.496	0.801
369	2763	18.556	9.709	0	62	300.877	3451	2341	69	57	67.616	52.028	13.633	0.384	1.300	0.769	0.850
370	14837	30.854	18.783	0	115	679.352	1921	2350	180	137	187.523	100.740	23.425	0.404	1.861	0.537	0.857
371	21	21.286	8.764	7	34	19.314	3606	2352	8	4	7.291	3.667	179.591	0.707	1.988	0.503	0.792
372	220	49.377	25.176	1	104	96.811	1589	2353	38	21	41.878	6.689	155.045	0.295	6.261	0.160	0.676
373	40	17.225	8.746	1	40	26.385	3095	2362	8	9	8.864	5.746	117.181	0.722	1.543	0.648	0.755
374	209	32.043	13.888	0	65	60.527	3725	2362	15	22	22.920	11.610	109.293	0.717	1.974	0.507	0.862
375	21	27.143	10.697	2	45	17.314	3663	2365	7	4	6.521	4.100	169.704	0.880	1.590	0.629	0.857
376	39	14.667	6.559	5	36	41.799	3321	2370	11	9	7.812	6.357	124.703	0.281	1.229	0.814	0.531
377	5608	49.739	26.511	0	145	610.926	854	2384	115	177	143.224	49.854	62.149	0.189	2.873	0.348	0.554
378	198	11.662	6.560	0	27	74.426	569	2394	17	21	18.195	13.856	101.316	0.449	1.313	0.762	0.731
379	16	13.938	4.892	7	23	17.899	586	2401	4	7	6.089	3.346	105.914	0.628	1.820	0.550	0.727
380	440	52.041	21.695	2	98	94.912	1680	2408	25	29	29.044	19.289	129.628	0.614	1.506	0.664	0.865
381	294	54.129	17.699	8	99	69.012	3013	2409	22	20	19.559	19.139	176.570	0.776	1.022	0.979	0.863
382	3338	19.929	9.905	0	69	305.362	3055	2410	70	77	83.449	50.930	130.661	0.450	1.639	0.610	0.875
383	980	19.821	10.030	1	59	170.995	516	2411	42	46	43.904	28.420	124.720	0.421	1.545	0.647	0.803
384	40	28.950	10.801	7	49	25.799	838	2427	9	7	8.602	5.921	16.531	0.755	1.453	0.688	0.792
385	50	28.800	13.283	12	68	31.799	868	2427	8	10	10.289	6.187	125.463	0.621	1.663	0.601	0.800
386	169	38.308	12.960	8	73	50.870	177	2436	14	17	16.858	12.764	79.015	0.821	1.321	0.757	0.885
387	74	35.203	12.061	5	63	33.213	255	2441	9	12	12.082	7.798	107.002	0.843	1.549	0.645	0.860
388	1728	37.219	25.947	0	134	269.563	2120	2444	47	65	63.212	34.806	79.927	0.299	1.816	0.551	0.711
389	147	21.231	9.220	2	50	60.527	3209	2452	17	16	18.807	9.952	46.822	0.504	1.890	0.529	0.762
390	32	28.562	8.602	11	38	24.142	223	2457	9	6	7.522	5.417	9.687	0.690	1.389	0.720	0.771
391	3227	20.650	10.038	0	65	307.120	2201	2461	78	80	73.627	55.805	52.786	0.430	1.319	0.758	0.777
392	114	19.553	9.543	2	43	40.627	2102	2463	15	10	14.230	10.200	175.284	0.868	1.395	0.717	0.905
393	149	21.315	9.445	1	46	61.598	500	2476	16	19	16.215	11.700	111.483	0.493	1.386	0.722	0.722
394	34	31.765	14.643	9	62	22.971	619	2485	8	7	8.563	5.056	145.045	0.810	1.694	0.590	0.800
395	20	24.100	9.386	5	42	18.142	844	2487	6	6	5.384	4.730	137.407	0.764	1.138	0.879	0.741
396	91	29.989	11.681	2	51	37.213	1386	2495	13	10	12.555	9.229	13.579	0.826	1.360	0.735	0.867
397	268	67.619	20.022	2	110	64.527	597	2501	20	18	20.208	16.885	173.375	0.809	1.197	0.836	0.896
398	1381	26.870	14.328	0	88	186.995	1791	2502	45	54	46.660	37.684	84.587	0.496	1.238	0.808	0.815
399	991	49.632	23.525	0	114	143.581	3333	2502	45	45	53.463	23.601	135.995	0.604	2.265	0.441	0.844
400	18	10.444	5.721	3	24	18.728	1898	2507	7	4	6.984	3.282	2.162	0.645	2.128	0.470	0.735
401	811	48.888	21.164	3	119	130.125	3960	2524	39	34	40.175	25.702	26.491	0.602	1.563	0.640	0.828
402	626	51.952	23.218	1	105	106.811	2072	2525	27	35	34.834	22.881	113.204	0.690	1.522	0.657	0.863
403	42	9.905	5.155	1	21	39.698	2667	2527	13	9	9.452	5.658	167.902	0.335	1.671	0.599	0.542
404	85	47.812	12.869	7	71	37.799	2783	2529	10	12	11.401	9.493	106.319	0.748	1.201	0.833	0.829
405	1467	40.587	18.412	1	108	228.309	3858	2531	45	58	53.978	34.604	73.969	0.354	1.560	0.641	0.710
406	504	17.714	8.940	0	49	106.811	144	2537	29	28	28.619	22.422	116.808	0.555	1.276	0.783	0.822
407	25	19.800	11.109	1	40	19.314	210	2539	5	7	6.965	4.570	111.202	0.842	1.524	0.656	0.847
408	899	36.379	17.442	0	97	138.024	2350	2540	36	41	39.961	28.644	110.711	0.593	1.395	0.717	0.855
409	47	30.957	13.311	7	67	27.556	564	2541	9	8	9.042	6.618	140.947	0.778	1.366	0.732	0.832
410	269	45.201	16.084	10	88	69.841	1656	2546	20	21	21.642	15.826	44.779	0.693	1.368	0.731	0.845
411	51	26.549	10.269	5	53	28.385	1881	2549	8	10	9.612	6.756	67.978	0.795	1.423	0.703	0.816
412	56	44.125	14.761	4	67	27.799	2677	2551	10	8	9.646	7.392	165.379	0.911	1.305	0.766	0.868
413	232	34.845	12.372	4	70	62.770	2767	2566	16	21	19.062	15.496	100.970	0.740	1.230	0.813	0.850
414	91	40.231	12.424	11	73	40.627	572	2569	13	12	11.531	10.048	158.991	0.693	1.148	0.871	0.765
415	1334	51.891	30.353	0	127	151.782	3614	2569	37	52	53.850	31.541	108.988	0.728	1.707	0.586	0.920
416	71	18.831	8.710	2	43	35.213	2908	2570	12	10	11.047	8.183	176.879	0.720	1.350	0.741	0.816
417	30	23.833	12.967	4	48	24.971	1566	2572	9	7	6.381	5.986	36.124	0.605	1.066	0.938	0.659
418	1262	58.815	32.353	0	142	157.782	2123	2573	43	40	43.337	37.077	23.681	0.637	1.169	0.856	0.885
419	4059	20.293	10.019	0	67	368.718	1273	2574	90	76	75.928	68.065	176.001	0.375	1.116	0.896	0.840
420	96	25.802	11.592	4	60	45.113	462	2581	14	12	12.294	9.943	173.686	0.593	1.236	0.809	0.756
421	921	14.678	7.947	0	51	203.037	3288	2596	45	43	41.683	28.133	138.332	0.281	1.482	0.675	0.727
422	140	48.407	17.799	2	84	48.527	2583	2599	18	13	18.983	9.390	149.334	0.747	2.022	0.495	0.846
423	333	27.925	11.397	2	63	99.983	3676	2608	19	31	27.538	15.396	84.682	0.419	1.789	0.559	0.774
424	706	18.544	9.043	1	47	135.439	3724	2619	32	34	32.189	27.926	107.646	0.484	1.153	0.868	0.833
425	2274	52.092	25.190	1	145	315.605	285	2623	56	78	76.353	37.920	115.635	0.287	2.014	0.497	0.736
426	4143	23.626	12.637	0	80	290.534	440	2623	86	80	77.199	68.331	12.195	0.617	1.130	0.885	0.901
427	65	15.508	7.161	2	36	46.627	567	2626	11	13	11.630	7.116	97.652	0.376	1.634	0.612	0.634
428	598	51.791	19.902	1	114	106.569	342	2628	33	30	31.945	23.835	38.049	0.662	1.340	0.746	0.844
429	30	13.467	6.837	0	27	42.042	2471	2631	15	7	11.383	3.356	10.048	0.213	3.392	0.295	0.441
430	55	23.200	8.272	1	44	28.385	1688	2632	9	9	10.179	6.880	140.307	0.858	1.480	0.676	0.853
431	20	20.950	9.299	4	38	16.142	645	2633	6	5	5.490	4.639	0.000	0.965	1.183	0.845	0.800
432	1141	57.613	26.071	3	131	168.752	3291	2637	36	58	64.383	22.565	110.038	0.503	2.853	0.350	0.822
433	27	8.481	3.847	1	16	29.213	2476	2639	11	6	9.084	3.784	15.827	0.398	2.401	0.417	0.600
434	302	20.232	9.411	2	59	82.083	1000	2640	22	22	20.360	18.886	13.433	0.563	1.078	0.928	0.784
435	2925	28.591	12.461	0	84	261.664	76	2642	63	69	68.233	54.581	109.235	0.537	1.250	0.800	0.896
436	33	29.152	11.197	5	49	21.071	860	2651	5	7	7.792	5.392	80.928	0.934	1.445	0.692	0.971
437	60	35.500	11.525	8	61	32.971	271	2658	8	12	10.997	6.947	109.365	0.694	1.583	0.632	0.811
438	56	18.125	7.950	0	35	66.426	2049	2664	13	12	9.324	7.647	25.683	0.159	1.219	0.820	0.448
439	34	23.559	8.969	6	39	24.728	339	2669	6	9	8.532	5.074	117.819	0.699	1.682	0.595	0.810
440	86	50.198	13.742	21	80	36.627	1382	2679	11	11	11.669	9.384	123.739	0.806	1.243	0.804	0.851
441	17	13.353	6.698	2	27	16.728	3422	2685	6	5	4.858	4.455	4.265	0.763	1.090	0.917	0.756
442	470	17.889	9.126	1	50	103.882	2735	2689	28	27	26.602	22.496	161.405	0.547	1.183	0.846	0.812
443	2188	51.218	28.646	1	123	215.037	597	2695	51	62	61.717	45.139	106.965	0.595	1.367	0.731	0.882
444	27	27.407	8.759	2	40	22.971	693	2696	7	7	7.109	4.836	139.126	0.643	1.470	0.680	0.720
445	19	15.684	9.736	0	31	17.314	265	2697	5	6	5.633	4.295	63.435	0.796	1.312	0.762	0.792
446	609	52.910	20.132	3	117	110.711	3778	2705	36	28	30.650	25.298	169.584	0.624	1.212	0.825	0.871
447	16	16.688	8.236	2	29	15.071	3942	2707	5	4	5.666	3.596	169.722	0.885	1.576	0.635	0.889
448	683	15.205	8.024	0	43	190.167	1107	2708	32	43	38.231	22.747	82.054	0.237	1.681	0.595	0.637
449	263	51.361	22.517	4	104	79.255	3683	2714	18	28	27.577	12.143	114.338	0.526	2.271	0.440	0.810
450	130	76.385	15.895	31	108	45.213	308	2733	13	14	13.972	11.847	98.956	0.799	1.179	0.848	0.864
451	142	48.303	18.592	2	88	49.113	556	2754	17	14	15.687	11.526	17.402	0.740	1.361	0.735	0.828
452	616	39.417	19.613	1	98	106.426	3219	2754	33	27	30.609	25.624	32.005	0.683	1.195	0.837	0.865
453	218	53.927	17.996	5	92	60.527	302	2759	17	17	17.635	15.740	133.843	0.748	1.120	0.893	0.877
454	591	12.988	7.211	0	38	156.752	2289	2761	32	32	29.285	25.695	137.113	0.302	1.140	0.877	0.748
455	136	38.257	12.968	4	73	49.456	2959	2761	15	15	16.303	10.622	49.088	0.699	1.535	0.652	0.800
456	35	16.543	7.354	2	31	26.971	3455	2761	8	9	8.680	5.134	136.295	0.605	1.691	0.591	0.686
457	31	32.742	10.270	12	60	23.556	2745	2764	8	7	7.767	5.082	156.582	0.702	1.528	0.654	0.738
458	933	43.432	20.427	1	96	156.853	2895	2766	45	34	43.058	27.589	174.581	0.477	1.561	0.641	0.767
459	1518	50.146	30.371	2	155	300.635	1606	2778	66	55	61.215	31.574	154.607	0.211	1.939	0.516	0.546
460	186	11.317	6.257	1	32	117.882	2401	2789	23	22	18.967	12.486	32.118	0.168	1.519	0.658	0.558
461	812	39.446	15.800	3	85	120.711	663	2791	39	32	36.556	28.281	152.171	0.700	1.293	0.774	0.876
462	110	41.909	14.258	9	75	40.627	3426	2793	12	13	13.192	10.616	86.446	0.837	1.243	0.805	0.859
463	4400	42.237	22.102	0	113	364.090	3434	2793	108	83	99.753	56.161	32.247	0.417	1.776	0.563	0.778
464	92	29.109	10.093	1	49	38.627	2272	2795	13	11	13.134	8.919	142.097	0.775	1.473	0.679	0.836
465	42	25.667	12.985	2	44	25.556	2171	2799	9	6	9.041	5.915	173.371	0.808	1.529	0.654	0.866
466	39	22.615	10.328	4	46	27.799	303	2805	8	10	9.633	5.155	128.787	0.634	1.869	0.535	0.716
467	20	12.150	7.443	1	29	26.971	2412	2809	7	9	6.216	4.097	66.690	0.346	1.517	0.659	0.513
468	3354	56.367	36.531	0	148	292.350	103	2811	90	61	89.461	47.735	167.997	0.493	1.874	0.534	0.799
469	100	26.920	11.405	2	55	40.870	257	2814	15	11	13.771	9.246	160.743	0.752	1.489	0.671	0.826
470	105	38.562	15.562	4	66	45.113	2269	2815	14	12	12.520	10.678	21.026	0.648	1.173	0.853	0.792
471	65	41.846	12.095	13	66	31.799	3239	2818	11	8	11.205	7.386	168.911	0.808	1.517	0.659	0.878
472	2456	53.946	41.423	1	168	283.907	289	2821	45	93	84.808	36.873	97.981	0.383	2.300	0.435	0.819
473	165	50.764	17.900	9	81	52.284	369	2823	15	17	18.639	11.271	121.859	0.758	1.654	0.605	0.864
474	82	9.927	5.933	1	25	75.012	3138	2824	18	13	12.882	8.105	179.441	0.183	1.589	0.629	0.490
475	19	15.579	5.601	4	24	17.556	2818	2825	6	6	5.286	4.577	109.184	0.775	1.155	0.866	0.745
476	26	18.308	9.760	4	46	18.485	3572	2826	5	6	6.642	4.984	62.523	0.956	1.333	0.750	0.929
477	90	29.989	10.519	2	48	35.799	3841	2835	12	10	13.215	8.671	141.404	0.882	1.524	0.656	0.918
478	134	29.507	10.016	0	57	44.627	3095	2842	15	12	14.916	11.438	8.725	0.845	1.304	0.767	0.893
479	101	49.040	17.046	4	98	39.456	3649	2845	14	11	13.321	9.654	177.311	0.815	1.380	0.725	0.852
480	9979	41.929	39.171	0	184	450.375	2250	2860	102	139	138.298	91.872	107.690	0.618	1.505	0.664	0.937
481	781	13.232	7.578	0	39	201.480	2546	2867	29	43	37.779	26.321	87.741	0.242	1.435	0.697	0.730
482	1574	50.174	24.415	0	121	285.664	537	2873	49	85	83.216	24.083	115.036	0.242	3.455	0.289	0.613
483	174	37.695	15.581	1	74	53.113	1203	2876	15	18	17.883	12.389	118.144	0.775	1.443	0.693	0.864
484	166	42.428	16.909	1	76	58.770	2675	2887	17	16	16.110	13.120	135.107	0.604	1.228	0.814	0.783
485	313	44.946	17.332	1	91	77.012	340	2916	21	21	20.627	19.320	156.700	0.663	1.068	0.937	0.858
486	101	14.010	7.374	1	35	69.012	2505	2923	14	17	14.017	9.174	57.870	0.266	1.528	0.654	0.586
487	291	18.048	9.929	0	56	78.669	1447	2931	23	22	20.032	18.496	31.784	0.591	1.083	0.923	0.806
488	58	28.172	12.177	1	55	30.385	459	2939	10	9	9.421	7.839	35.099	0.789	1.202	0.832	0.847
489	240	28.708	15.205	2	69	109.882	965	2940	32	18	29.738	10.276	166.756	0.250	2.894	0.346	0.593
490	25	35.760	11.352	17	58	20.728	1979	2940	7	6	6.115	5.205	174.534	0.731	1.175	0.851	0.781
491	50	20.900	10.727	5	44	28.142	805	2948	9	8	10.266	6.201	46.406	0.793	1.655	0.604	0.885
492	51	27.216	13.068	5	56	26.728	3286	2954	8	8	9.576	6.781	134.335	0.897	1.412	0.708	0.895
493	160	31.131	12.006	0	58	54.527	2561	2956	18	16	15.122	13.471	132.224	0.676	1.123	0.891	0.788
494	49	40.510	10.457	25	66	29.799	2468	2971	8	10	8.583	7.269	108.968	0.693	1.181	0.847	0.766
495	965	56.798	35.687	4	135	150.912	150	2972	54	27	49.011	25.070	169.158	0.532	1.955	0.512	0.902
496	57	30.877	9.335	11	52	36.627	52	2979	9	13	11.850	6.125	117.064	0.534	1.935	0.517	0.735
497	160	44.913	16.303	7	80	54.527	3071	2981	20	13	19.158	10.634	21.156	0.676	1.802	0.555	0.842
498	120	15.575	7.743	0	39	62.042	2493	2990	23	9	19.671	7.767	178.575	0.392	2.532	0.395	0.752
499	16	15.125	7.402	4	25	17.314	849	2991	6	5	6.650	3.063	154.061	0.671	2.171	0.461	0.727
500	52	38.404	12.087	4	58	34.971	806	2993	15	6	12.159	5.445	176.895	0.534	2.233	0.448	0.819
501	50	28.840	8.445	10	45	34.728	543	2994	15	5	14.733	4.321	178.287	0.521	3.410	0.293	0.826
