 	Area	Mean	StdDev	Min	Max	Perim.	BX	BY	Width	Height	Major	Minor	Angle	Circ.	AR	Round	Solidity
1	428	66.477	33.014	1	137	89.113	1556	1	32	19	29.540	18.447	170.653	0.677	1.601	0.624	0.915
2	2465	22.756	11.078	0	67	261.823	2290	1	69	52	68.666	45.707	149.236	0.452	1.502	0.666	0.863
3	168	13.429	7.658	1	37	77.941	3465	1	22	12	19.665	10.878	7.060	0.348	1.808	0.553	0.735
4	22	56.500	12.603	33	76	18.485	3992	1	7	4	7.265	3.856	164.686	0.809	1.884	0.531	0.880
5	130	41.746	15.384	3	80	44.627	409	3	15	12	14.633	11.311	158.921	0.820	1.294	0.773	0.881
6	253	34.379	11.546	2	58	75.497	815	7	19	22	20.968	15.363	118.538	0.558	1.365	0.733	0.803
7	31	20.548	9.989	2	42	22.142	431	18	6	8	7.197	5.484	117.297	0.795	1.312	0.762	0.805
8	95	33.705	13.416	10	59	42.284	1448	19	12	14	12.565	9.626	63.619	0.668	1.305	0.766	0.769
9	145	38.476	12.879	7	71	48.870	746	22	16	14	15.973	11.558	151.541	0.763	1.382	0.724	0.843
10	309	24.832	11.552	1	56	81.497	1556	24	21	25	21.633	18.186	104.728	0.585	1.190	0.841	0.786
11	47	16.915	6.766	3	29	36.385	58	26	9	9	8.159	7.335	50.905	0.446	1.112	0.899	0.676
12	1229	33.614	19.285	1	109	239.865	293	28	34	67	65.466	23.903	97.476	0.268	2.739	0.365	0.663
13	687	40.409	20.132	1	103	115.497	2775	28	24	40	38.874	22.501	92.929	0.647	1.728	0.579	0.874
14	1488	39.796	18.490	1	95	193.966	1594	30	45	53	52.248	36.261	112.787	0.497	1.441	0.694	0.834
15	134	25.918	10.981	4	52	45.456	3735	37	14	14	15.792	10.804	128.200	0.815	1.462	0.684	0.873
16	731	46.335	21.097	1	106	121.882	1537	46	35	32	36.501	25.499	151.170	0.618	1.431	0.699	0.855
17	30	12.900	5.780	3	25	22.142	1882	49	5	9	8.845	4.318	96.415	0.769	2.048	0.488	0.811
18	185	32.476	13.355	2	74	61.598	3485	80	14	23	23.026	10.230	107.168	0.613	2.251	0.444	0.803
19	325	51.003	22.004	4	100	76.527	3507	82	27	16	26.931	15.365	4.694	0.697	1.753	0.571	0.898
20	66	25.803	10.390	1	47	38.042	1097	88	12	12	11.795	7.125	135.752	0.573	1.655	0.604	0.691
21	5093	19.752	10.521	0	70	407.688	673	93	76	114	104.421	62.101	108.372	0.385	1.681	0.595	0.853
22	3731	28.058	13.326	0	70	340.676	1234	94	60	89	85.485	55.571	97.768	0.404	1.538	0.650	0.852
23	315	15.371	7.578	1	41	98.326	2363	101	23	24	22.683	17.682	105.322	0.409	1.283	0.780	0.753
24	68	13.279	5.909	1	30	40.385	2076	104	14	10	12.309	7.034	12.231	0.524	1.750	0.571	0.727
25	50	30.940	13.108	5	59	30.971	3868	104	11	8	9.257	6.877	169.750	0.655	1.346	0.743	0.730
26	115	38.983	13.568	8	74	43.698	2324	110	16	12	14.701	9.960	162.484	0.757	1.476	0.678	0.827
27	26291	27.402	24.783	0	140	816.306	1434	111	200	211	213.701	156.643	138.523	0.496	1.364	0.733	0.917
28	51	25.294	12.266	2	52	30.385	3973	124	10	9	11.972	5.424	140.006	0.694	2.207	0.453	0.803
29	638	12.331	7.402	0	40	185.924	202	130	39	30	32.747	24.806	15.629	0.232	1.320	0.758	0.688
30	23	16.783	7.651	1	36	36.971	241	130	9	11	7.846	3.733	72.327	0.211	2.102	0.476	0.368
31	47	11.702	6.248	2	31	45.456	253	130	9	13	11.451	5.226	100.388	0.286	2.191	0.456	0.531
32	101	39.970	12.033	12	63	39.799	1021	139	9	15	15.361	8.372	107.591	0.801	1.835	0.545	0.894
33	19	16.947	6.519	3	27	17.899	498	140	5	6	6.263	3.863	117.319	0.745	1.622	0.617	0.809
34	21	13.048	7.546	3	33	29.556	243	141	10	7	7.288	3.669	19.935	0.302	1.987	0.503	0.467
35	300	29.927	13.500	2	63	113.012	3988	141	11	49	42.339	9.022	89.534	0.295	4.693	0.213	0.791
36	30	23.800	8.954	7	43	22.385	2	145	8	6	7.503	5.091	171.390	0.752	1.474	0.679	0.759
37	6489	24.731	12.093	0	85	479.286	2716	145	125	108	140.911	58.633	141.492	0.355	2.403	0.416	0.825
38	265	51.434	17.382	8	105	69.941	1981	153	18	21	19.990	16.879	93.327	0.681	1.184	0.844	0.867
39	136	31.044	12.066	4	56	46.870	40	154	12	16	16.644	10.404	107.025	0.778	1.600	0.625	0.853
40	98	32.602	12.046	5	66	42.527	351	158	14	14	11.482	10.867	92.086	0.681	1.057	0.946	0.766
41	175	39.349	17.934	4	86	51.698	1	166	16	15	15.606	14.278	3.894	0.823	1.093	0.915	0.893
42	45	22.156	9.135	8	44	26.728	97	173	9	7	8.779	6.527	21.898	0.792	1.345	0.743	0.833
43	415	26.629	11.472	2	63	99.154	536	177	21	35	30.525	17.310	92.631	0.530	1.763	0.567	0.790
44	1526	50.014	26.906	3	133	177.723	3677	181	54	50	49.454	39.288	145.710	0.607	1.259	0.794	0.848
45	122	47.869	13.112	3	77	44.627	2068	186	14	13	15.277	10.168	142.703	0.770	1.502	0.666	0.865
46	2697	15.900	8.606	0	51	342.090	1108	195	67	59	61.141	56.164	11.323	0.290	1.089	0.919	0.828
47	19	21.263	14.738	2	46	22.485	1652	207	7	6	6.676	3.623	151.426	0.472	1.843	0.543	0.644
48	46	22.957	11.723	2	45	27.799	2222	224	9	9	7.966	7.353	0.430	0.748	1.083	0.923	0.760
49	93	13.495	6.534	1	31	73.841	2148	239	18	12	15.140	7.821	2.543	0.214	1.936	0.517	0.539
50	406	32.631	14.705	2	73	96.569	2071	240	32	25	33.442	15.458	150.202	0.547	2.163	0.462	0.814
51	495	13.400	6.802	1	37	165.095	456	242	31	39	35.311	17.849	106.342	0.228	1.978	0.505	0.584
52	215	52.953	16.799	5	92	67.255	3561	249	24	15	20.428	13.400	170.721	0.597	1.524	0.656	0.792
53	186	51.844	14.769	13	92	54.284	1619	251	18	15	17.925	13.212	21.563	0.793	1.357	0.737	0.875
54	57	52.579	16.920	7	85	30.385	3056	257	7	12	11.756	6.174	93.921	0.776	1.904	0.525	0.832
55	819	20.033	9.815	0	53	167.238	496	264	27	54	49.261	21.169	92.915	0.368	2.327	0.430	0.750
56	262	17.321	8.603	2	43	96.912	872	265	21	24	21.608	15.439	86.545	0.351	1.400	0.714	0.674
57	70	19.271	8.174	2	43	40.627	942	266	9	15	14.660	6.080	98.765	0.533	2.411	0.415	0.714
58	2324	35.794	16.850	0	93	243.865	3287	272	75	55	62.996	46.971	179.049	0.491	1.341	0.746	0.853
59	48	30.896	13.952	4	62	26.971	3771	274	8	9	9.810	6.230	124.928	0.829	1.575	0.635	0.842
60	3331	18.101	9.548	0	65	346.919	2279	282	78	61	77.504	54.722	166.393	0.348	1.416	0.706	0.832
61	81	47.654	13.355	18	73	36.870	1188	283	11	11	12.330	8.364	131.916	0.749	1.474	0.678	0.827
62	1666	55.963	32.304	0	123	170.167	2420	287	47	51	51.234	41.402	125.335	0.723	1.237	0.808	0.910
63	193	59.611	21.069	9	112	55.941	1674	291	19	16	18.598	13.213	14.574	0.775	1.408	0.710	0.860
64	7642	27.576	13.565	0	80	503.286	2141	300	78	147	155.637	62.518	77.617	0.379	2.489	0.402	0.862
65	122	19.926	8.371	2	41	51.113	2864	309	12	18	16.382	9.482	85.750	0.587	1.728	0.579	0.758
66	16	17.500	7.202	4	33	14.485	642	334	5	4	5.563	3.662	156.313	0.958	1.519	0.658	0.914
67	56	38.732	13.116	14	64	31.213	1353	345	10	10	9.990	7.137	121.253	0.722	1.400	0.714	0.794
68	118	53.686	16.339	4	88	41.799	3325	353	11	14	14.788	10.160	82.447	0.849	1.455	0.687	0.894
69	52	21.827	9.851	5	47	29.799	2923	355	9	10	9.185	7.208	127.435	0.736	1.274	0.785	0.788
70	76	40.276	14.631	4	72	34.971	1630	359	9	12	12.174	7.949	105.887	0.781	1.532	0.653	0.840
71	66	21.379	9.755	5	42	36.627	1749	361	11	10	10.208	8.232	163.880	0.618	1.240	0.806	0.754
72	478	45.734	19.333	4	96	100.912	1105	362	21	34	32.509	18.721	98.506	0.590	1.736	0.576	0.857
73	1023	49.940	23.721	2	126	156.752	1531	363	48	40	43.614	29.865	26.118	0.523	1.460	0.685	0.787
74	1243	35.796	16.083	0	84	153.681	1225	387	42	43	42.695	37.068	137.456	0.661	1.152	0.868	0.892
75	168	11.780	6.658	1	32	87.983	3025	392	19	21	16.750	12.771	78.356	0.273	1.312	0.762	0.606
76	17	19.647	5.667	8	26	16.485	124	393	4	6	5.787	3.740	121.464	0.786	1.547	0.646	0.829
77	33	27.848	13.118	4	53	24.142	1757	393	7	8	7.907	5.314	129.407	0.711	1.488	0.672	0.767
78	44	27.318	10.032	8	47	30.627	3795	394	8	10	8.026	6.980	93.409	0.589	1.150	0.870	0.715
79	16	18.625	9.091	4	40	17.314	102	399	6	5	5.061	4.025	2.678	0.671	1.257	0.795	0.696
80	885	19.479	9.630	0	60	188.066	2459	402	38	49	50.954	22.115	124.717	0.314	2.304	0.434	0.755
81	115	24.217	9.207	3	46	45.698	2425	405	14	14	14.037	10.431	116.263	0.692	1.346	0.743	0.804
82	270	16.348	9.181	0	47	123.882	174	410	34	30	29.749	11.556	144.543	0.221	2.574	0.388	0.506
83	45	28.733	15.773	2	65	27.799	3937	412	9	9	7.997	7.165	130.468	0.732	1.116	0.896	0.750
84	16	8.812	5.115	3	21	15.899	229	419	4	6	5.731	3.555	89.686	0.795	1.612	0.620	0.800
85	419	45.695	19.100	1	95	79.598	3314	425	24	24	24.769	21.538	62.268	0.831	1.150	0.870	0.904
86	1099	14.845	7.914	0	52	200.894	451	436	46	40	42.512	32.915	19.846	0.342	1.292	0.774	0.800
87	20	16.250	7.745	3	27	24.971	3172	443	7	8	5.810	4.383	104.078	0.403	1.325	0.754	0.563
88	438	22.427	9.937	1	56	103.497	296	453	22	31	26.098	21.369	91.891	0.514	1.221	0.819	0.825
89	616	17.870	8.460	0	53	131.196	1597	454	26	38	34.885	22.483	93.498	0.450	1.552	0.644	0.796
90	78	17.167	6.057	7	32	41.456	3108	458	10	13	12.378	8.023	100.516	0.570	1.543	0.648	0.739
91	232	27.009	11.612	2	58	68.426	1993	487	18	23	22.088	13.373	115.929	0.623	1.652	0.605	0.810
92	73	34.411	16.714	3	67	41.698	108	496	14	10	13.431	6.920	153.110	0.528	1.941	0.515	0.730
93	163	27.963	12.307	4	78	53.355	316	498	16	18	15.942	13.019	115.226	0.720	1.225	0.817	0.838
94	68	25.985	11.334	7	52	33.213	453	498	9	11	10.359	8.358	68.593	0.775	1.239	0.807	0.840
95	21	17.905	7.628	8	38	18.728	1811	501	5	7	7.645	3.498	119.116	0.752	2.186	0.458	0.778
96	8102	40.539	26.294	0	140	448.902	1248	504	119	131	144.984	71.151	132.858	0.505	2.038	0.491	0.887
97	55	28.400	11.833	7	59	29.799	3635	504	10	9	10.213	6.857	160.744	0.778	1.489	0.671	0.827
98	232	42.565	19.127	4	103	61.941	585	508	18	19	21.210	13.927	50.705	0.760	1.523	0.657	0.894
99	1127	16.751	8.989	0	58	184.409	3323	516	50	37	48.382	29.659	159.420	0.416	1.631	0.613	0.839
100	348	18.922	8.859	1	47	110.468	3583	520	16	36	34.400	12.880	97.077	0.358	2.671	0.374	0.744
101	50	25.400	9.452	3	47	36.971	3613	524	10	11	9.744	6.533	150.407	0.460	1.491	0.671	0.645
102	81	31.889	11.783	3	56	35.456	2406	533	12	11	11.779	8.756	152.113	0.810	1.345	0.743	0.822
103	623	13.220	7.829	0	41	145.539	2049	534	35	35	31.786	24.955	44.577	0.370	1.274	0.785	0.704
104	61	19.131	8.561	2	39	34.627	301	540	10	12	9.978	7.784	89.780	0.639	1.282	0.780	0.709
105	127	15.512	8.359	1	46	72.912	3634	542	26	13	21.007	7.697	173.064	0.300	2.729	0.366	0.555
106	32	17.812	11.163	3	36	20.971	1137	544	6	8	6.925	5.884	97.661	0.914	1.177	0.850	0.831
107	417	53.233	21.891	2	122	92.912	828	547	19	34	31.709	16.744	96.476	0.607	1.894	0.528	0.853
108	102	23.941	10.249	1	52	42.627	1225	553	13	13	12.714	10.215	122.368	0.705	1.245	0.803	0.794
109	43	13.256	6.680	2	26	36.042	3722	554	8	14	11.880	4.608	115.185	0.416	2.578	0.388	0.619
110	277	12.913	6.948	0	36	157.095	3713	563	19	46	30.143	11.701	96.010	0.141	2.576	0.388	0.423
111	287	13.059	7.278	0	40	164.267	3121	566	26	30	20.863	17.516	83.269	0.134	1.191	0.840	0.531
112	1417	20.258	10.548	0	63	192.309	3916	567	45	50	48.198	37.433	130.929	0.481	1.288	0.777	0.835
113	538	13.435	7.737	1	40	142.024	67	570	32	34	26.636	25.717	77.224	0.335	1.036	0.965	0.713
114	113	35.912	13.920	6	68	46.284	144	571	11	16	14.903	9.654	103.845	0.663	1.544	0.648	0.816
115	87	38.816	16.555	2	71	36.971	2334	572	9	13	13.791	8.032	110.471	0.800	1.717	0.582	0.892
116	25	19.360	6.576	4	30	24.142	1889	578	6	8	6.358	5.007	88.017	0.539	1.270	0.787	0.667
117	16	13.875	7.219	1	27	19.314	3116	581	5	6	5.417	3.761	70.239	0.539	1.440	0.694	0.653
118	85	11.729	5.747	2	27	57.456	2447	598	11	17	17.141	6.314	71.955	0.324	2.715	0.368	0.582
119	34	21.294	8.902	2	36	24.728	3034	599	7	8	6.949	6.230	60.792	0.699	1.116	0.896	0.773
120	64	23.609	12.014	4	54	35.556	3319	599	8	13	13.511	6.031	101.182	0.636	2.240	0.446	0.800
121	25	13.360	5.794	5	27	22.142	3723	599	8	6	8.265	3.851	156.154	0.641	2.146	0.466	0.714
122	561	65.201	27.870	2	132	93.154	1572	602	27	29	28.310	25.231	85.155	0.812	1.122	0.891	0.914
123	681	41.601	18.379	0	88	111.397	853	605	31	30	31.771	27.291	33.213	0.690	1.164	0.859	0.885
124	81	32.741	11.007	2	55	35.799	3342	606	9	13	12.114	8.513	113.109	0.794	1.423	0.703	0.853
125	110	12.155	6.304	1	29	92.326	2456	609	17	17	13.112	10.682	120.481	0.162	1.227	0.815	0.499
126	146	32.171	15.381	2	65	58.527	649	615	14	21	19.338	9.613	112.394	0.536	2.012	0.497	0.753
127	32	20.000	7.911	7	38	26.971	3768	628	6	11	8.572	4.753	81.023	0.553	1.803	0.555	0.696
128	403	60.320	21.943	10	112	88.569	1755	636	26	27	29.547	17.366	130.165	0.646	1.701	0.588	0.849
129	29	9.483	5.124	1	22	32.627	2474	640	6	12	10.485	3.521	78.485	0.342	2.978	0.336	0.542
130	23	22.217	9.395	9	52	20.971	1698	641	7	6	6.012	4.871	7.929	0.657	1.234	0.810	0.708
131	1083	28.693	12.485	1	75	163.095	2924	643	44	41	47.146	29.248	142.021	0.512	1.612	0.620	0.860
132	8961	35.046	24.734	0	121	439.304	1	646	101	126	123.748	92.199	67.185	0.583	1.342	0.745	0.915
133	1055	15.764	8.830	0	52	189.823	2128	649	39	46	41.316	32.512	114.301	0.368	1.271	0.787	0.818
134	63	11.968	6.589	1	29	79.255	2487	654	17	17	9.794	8.191	47.321	0.126	1.196	0.836	0.347
135	1212	21.603	10.945	0	60	177.238	2822	660	43	42	42.697	36.142	30.674	0.485	1.181	0.846	0.855
136	68	35.971	12.752	7	67	34.971	859	661	9	12	12.283	7.049	111.964	0.699	1.743	0.574	0.829
137	20	28.550	6.270	18	38	22.142	822	663	6	8	6.179	4.121	79.775	0.513	1.499	0.667	0.625
138	21	12.000	6.450	3	26	20.142	3268	664	7	6	5.663	4.721	7.528	0.650	1.200	0.834	0.712
139	800	26.034	11.080	2	72	135.882	3521	672	34	39	32.962	30.902	65.896	0.544	1.067	0.937	0.807
140	69	41.275	14.662	14	75	31.213	1073	673	10	10	9.560	9.190	126.317	0.890	1.040	0.961	0.863
141	858	18.675	9.601	0	54	148.024	3219	687	36	38	35.058	31.161	112.520	0.492	1.125	0.889	0.837
142	327	15.312	7.242	1	41	96.225	1254	704	21	26	24.361	17.091	103.826	0.444	1.425	0.702	0.747
143	126	10.548	6.531	0	39	61.355	1817	715	18	18	14.393	11.146	177.999	0.421	1.291	0.774	0.604
144	162	51.889	18.543	12	93	54.527	850	716	20	13	19.424	10.619	170.402	0.685	1.829	0.547	0.820
145	256	12.719	7.299	0	33	103.397	1614	716	20	25	21.549	15.126	76.640	0.301	1.425	0.702	0.686
146	6025	20.080	10.025	0	62	433.973	2757	719	102	102	110.812	69.228	38.007	0.402	1.601	0.625	0.868
147	25	18.200	9.622	4	47	19.899	2013	723	5	6	6.026	5.282	51.567	0.793	1.141	0.876	0.862
148	2194	20.588	9.855	1	57	278.049	659	724	53	63	58.977	47.366	87.075	0.357	1.245	0.803	0.839
149	121	95.628	27.110	16	134	81.456	3993	728	6	36	33.615	4.583	89.372	0.229	7.335	0.136	0.733
150	464	16.455	8.502	1	48	118.711	1842	729	29	28	24.927	23.700	5.916	0.414	1.052	0.951	0.762
151	1063	58.865	28.855	0	157	145.681	405	730	40	47	48.670	27.809	53.360	0.629	1.750	0.571	0.860
152	911	14.324	7.472	0	43	167.581	3322	735	35	40	37.461	30.963	67.514	0.408	1.210	0.827	0.827
153	68	21.588	8.798	0	41	35.213	732	752	8	14	13.782	6.282	108.634	0.689	2.194	0.456	0.805
154	51	25.157	13.332	5	57	26.971	3757	752	8	9	9.006	7.210	129.745	0.881	1.249	0.801	0.857
155	136	25.868	9.588	3	52	59.113	2572	757	18	18	21.854	7.924	137.116	0.489	2.758	0.363	0.747
156	37	27.459	11.029	1	48	26.385	1649	759	7	10	8.604	5.476	118.062	0.668	1.571	0.636	0.747
157	389	38.383	18.434	4	99	100.569	3623	775	21	37	34.073	14.536	109.995	0.483	2.344	0.427	0.767
158	935	41.554	21.674	0	103	136.953	3169	783	38	38	36.917	32.247	38.663	0.626	1.145	0.873	0.857
159	429	39.040	16.211	4	79	81.598	392	800	23	25	24.200	22.571	81.685	0.810	1.072	0.933	0.909
160	29	22.448	8.883	6	39	20.728	1658	801	8	5	8.366	4.414	157.803	0.848	1.895	0.528	0.866
161	716	49.168	26.504	1	113	142.853	2002	803	34	42	37.774	24.134	59.029	0.441	1.565	0.639	0.777
162	159	43.239	16.797	4	79	55.941	3147	810	19	14	19.273	10.504	23.012	0.638	1.835	0.545	0.805
163	277	26.704	15.287	2	64	100.811	3611	814	22	31	32.904	10.719	59.419	0.343	3.070	0.326	0.687
164	31	15.161	7.137	3	28	26.971	3903	818	8	9	8.081	4.884	101.246	0.536	1.654	0.604	0.626
165	328	50.290	25.723	0	105	77.012	2745	822	22	25	27.435	15.223	55.811	0.695	1.802	0.555	0.842
166	4208	29.084	15.572	0	97	334.818	3737	827	76	79	77.396	69.226	132.230	0.472	1.118	0.894	0.892
167	491	18.116	9.486	0	50	120.953	467	835	27	31	29.249	21.374	66.024	0.422	1.368	0.731	0.766
168	2639	43.198	27.405	0	125	229.380	323	838	58	67	64.782	51.868	104.655	0.630	1.249	0.801	0.898
169	40	29.025	12.891	4	54	24.385	852	838	8	8	7.570	6.728	123.420	0.845	1.125	0.889	0.792
170	21	13.286	4.562	5	20	18.728	3041	849	6	6	5.627	4.752	4.516	0.752	1.184	0.845	0.750
171	5683	29.836	17.390	0	114	373.061	1316	853	95	88	95.899	75.453	143.273	0.513	1.271	0.787	0.893
172	877	24.173	11.091	0	55	141.782	1625	853	34	42	39.964	27.941	122.754	0.548	1.430	0.699	0.855
173	32	20.250	8.769	1	37	20.971	3235	855	7	7	6.784	6.006	24.407	0.914	1.130	0.885	0.821
174	677	30.767	13.623	2	72	116.326	863	858	23	43	40.573	21.245	86.005	0.629	1.910	0.524	0.891
175	893	15.336	8.632	0	53	169.823	2784	860	34	39	36.473	31.174	99.089	0.389	1.170	0.855	0.817
176	199	11.040	5.658	1	38	129.196	1271	861	22	24	17.359	14.596	62.537	0.150	1.189	0.841	0.540
177	20	15.600	7.667	0	29	18.971	3691	883	6	7	5.903	4.314	95.621	0.698	1.368	0.731	0.690
178	104	25.913	10.176	2	51	48.042	1794	885	9	18	19.403	6.824	100.791	0.566	2.843	0.352	0.819
179	155	32.561	12.972	4	63	50.527	2611	885	15	16	14.829	13.308	121.980	0.763	1.114	0.897	0.852
180	96	17.323	9.643	1	49	59.698	3491	886	16	14	11.838	10.325	170.714	0.338	1.147	0.872	0.596
181	105	23.448	9.437	5	45	44.627	1945	887	10	15	14.725	9.079	84.270	0.663	1.622	0.617	0.814
182	72	25.000	10.924	0	51	36.870	3217	898	10	12	11.368	8.064	99.258	0.666	1.410	0.709	0.778
183	191	66.314	18.811	7	107	57.941	39	902	15	19	18.185	13.373	69.731	0.715	1.360	0.735	0.849
184	55	19.327	10.731	0	51	30.142	1	909	6	12	11.378	6.155	94.527	0.761	1.849	0.541	0.887
185	51	28.373	14.227	2	52	29.556	202	916	7	11	10.252	6.334	93.375	0.734	1.619	0.618	0.810
186	302	51.444	22.642	3	106	73.012	3406	916	23	21	25.155	15.286	144.415	0.712	1.646	0.608	0.850
187	2355	44.913	21.483	0	116	284.392	2053	920	60	76	67.623	44.341	120.694	0.366	1.525	0.656	0.757
188	513	41.688	15.202	3	81	101.983	2691	937	28	32	35.520	18.389	56.739	0.620	1.932	0.518	0.845
189	4571	32.459	16.598	0	96	447.002	3222	945	85	104	82.612	70.449	30.322	0.287	1.173	0.853	0.754
190	88	28.875	10.290	9	52	39.213	3551	969	10	14	14.975	7.482	109.202	0.719	2.002	0.500	0.842
191	219	20.078	10.171	1	47	75.456	2761	974	11	31	32.903	8.475	79.727	0.483	3.882	0.258	0.844
192	1157	35.730	16.092	2	87	211.539	3972	974	27	82	66.465	22.164	81.254	0.325	2.999	0.333	0.827
193	144	42.236	17.072	5	75	46.870	3066	975	13	16	15.446	11.870	119.033	0.824	1.301	0.768	0.886
194	288	25.153	11.685	2	61	80.083	2157	986	26	21	28.219	12.995	38.553	0.564	2.172	0.460	0.792
195	167	38.635	13.321	2	74	53.355	3851	989	20	13	19.372	10.976	4.837	0.737	1.765	0.567	0.839
196	44	30.795	11.949	4	48	26.971	611	994	8	9	8.622	6.498	137.617	0.760	1.327	0.754	0.786
197	111	14.505	7.981	1	36	67.113	1	995	10	24	18.906	7.476	91.528	0.310	2.529	0.395	0.653
198	872	45.122	22.397	1	108	177.480	1334	996	35	50	51.604	21.515	110.921	0.348	2.398	0.417	0.729
199	25	23.640	12.675	2	56	18.971	2713	999	6	7	6.680	4.765	130.514	0.873	1.402	0.713	0.769
200	42	20.524	11.223	3	51	28.142	2870	1018	8	9	8.328	6.421	151.605	0.666	1.297	0.771	0.737
201	717	58.106	22.913	4	120	121.296	613	1020	27	43	42.279	21.592	100.175	0.612	1.958	0.511	0.857
202	72	39.903	16.690	10	74	32.385	2495	1020	10	10	10.353	8.855	138.448	0.863	1.169	0.855	0.862
203	1014	31.563	14.454	1	80	155.681	2645	1020	50	35	45.757	28.216	19.294	0.526	1.622	0.617	0.831
204	76	34.500	14.156	3	55	37.799	1953	1025	9	14	13.138	7.365	80.441	0.668	1.784	0.561	0.796
205	1813	28.525	12.864	1	77	203.966	2065	1028	46	57	53.467	43.174	103.991	0.548	1.238	0.807	0.882
206	39	29.308	10.853	4	48	25.556	3015	1042	6	10	8.775	5.659	95.607	0.750	1.551	0.645	0.804
207	39	19.564	9.939	2	41	30.385	1427	1051	10	9	10.367	4.790	129.164	0.531	2.164	0.462	0.684
208	72	54.972	30.947	2	114	32.627	3453	1053	9	12	11.552	7.936	83.075	0.850	1.456	0.687	0.867
209	435	45.961	17.823	3	91	88.912	1471	1061	26	28	27.129	20.415	78.278	0.691	1.329	0.753	0.850
210	188	33.436	11.184	3	64	57.355	3245	1077	20	16	18.361	13.037	21.455	0.718	1.408	0.710	0.819
211	46	10.348	4.653	3	23	29.799	1914	1082	11	7	9.299	6.299	10.189	0.651	1.476	0.677	0.754
212	262	36.996	16.949	5	93	71.012	130	1083	21	20	19.134	17.435	142.880	0.653	1.097	0.911	0.820
213	44	24.091	11.177	4	48	29.799	3964	1085	11	8	8.751	6.402	15.255	0.623	1.367	0.732	0.715
214	25	19.520	6.665	1	30	22.728	3628	1086	5	9	8.078	3.940	61.991	0.608	2.050	0.488	0.758
215	21	24.143	8.083	10	39	18.728	1511	1096	5	7	6.449	4.146	116.565	0.752	1.555	0.643	0.778
216	209	21.010	10.257	0	63	63.113	2356	1107	20	17	19.807	13.435	30.545	0.659	1.474	0.678	0.816
217	1307	16.461	8.895	0	48	196.167	3962	1107	37	53	47.308	35.176	85.942	0.427	1.345	0.744	0.849
218	697	18.558	9.780	0	50	145.095	2550	1116	35	38	39.683	22.363	131.825	0.416	1.774	0.564	0.809
219	651	14.009	8.316	0	46	156.752	1299	1120	29	34	32.767	25.296	69.511	0.333	1.295	0.772	0.792
220	745	19.130	9.567	0	51	146.024	2199	1120	34	36	34.224	27.716	131.880	0.439	1.235	0.810	0.820
221	165	55.715	17.514	8	97	50.527	909	1121	16	15	14.985	14.020	137.330	0.812	1.069	0.936	0.859
222	325	60.677	20.860	6	121	79.255	316	1122	19	26	26.955	15.352	115.330	0.650	1.756	0.570	0.867
223	99	23.899	9.782	1	43	43.698	2424	1124	11	16	14.238	8.853	104.262	0.651	1.608	0.622	0.783
224	156	47.827	11.535	12	74	49.698	2513	1147	14	16	15.360	12.931	75.174	0.794	1.188	0.842	0.855
225	56	26.964	15.371	2	65	30.627	3328	1187	8	12	10.471	6.810	99.692	0.750	1.538	0.650	0.812
226	463	52.583	18.150	5	102	94.569	3572	1193	25	30	29.920	19.703	125.136	0.651	1.519	0.658	0.863
227	86	33.570	8.023	14	51	38.627	1468	1203	10	13	11.732	9.333	111.410	0.724	1.257	0.796	0.819
228	17	19.882	8.077	7	40	16.728	758	1234	5	6	5.556	3.896	127.099	0.763	1.426	0.701	0.739
229	24	15.750	6.449	7	30	25.556	3337	1234	6	8	5.753	5.312	81.650	0.462	1.083	0.923	0.623
230	1020	53.842	25.415	4	139	154.853	1764	1236	32	57	55.842	23.257	109.074	0.535	2.401	0.416	0.866
231	27	11.296	5.777	0	21	20.971	360	1238	7	7	8.183	4.201	139.380	0.772	1.948	0.513	0.783
232	140	11.479	6.072	0	29	73.255	2833	1242	16	18	14.344	12.427	109.002	0.328	1.154	0.866	0.667
233	79	35.494	10.938	4	61	34.385	2641	1244	10	11	10.762	9.347	111.930	0.840	1.151	0.869	0.888
234	875	25.197	11.786	1	69	135.196	3444	1247	30	43	42.318	26.327	101.174	0.602	1.607	0.622	0.853
235	2563	23.847	17.983	0	114	363.161	2897	1248	64	87	72.624	44.935	74.722	0.244	1.616	0.619	0.680
236	320	14.088	7.079	0	39	97.497	2790	1251	25	25	23.146	17.603	61.704	0.423	1.315	0.760	0.753
237	448	40.254	15.370	0	80	109.054	1964	1256	27	33	34.124	16.716	64.841	0.473	2.041	0.490	0.749
238	15223	20.573	12.015	0	104	734.909	3489	1261	160	148	153.425	126.332	167.083	0.354	1.214	0.823	0.874
239	16	17.438	5.910	4	26	14.485	3746	1262	5	4	5.012	4.065	156.255	0.958	1.233	0.811	0.914
240	121	14.000	8.102	0	39	61.012	732	1265	16	16	12.783	12.052	114.958	0.408	1.061	0.943	0.682
241	431	31.434	14.792	4	74	109.054	2501	1266	24	33	29.577	18.554	107.232	0.455	1.594	0.627	0.780
242	415	51.834	23.578	0	110	90.811	2609	1273	28	27	25.915	20.390	52.936	0.632	1.271	0.787	0.819
243	241	26.386	11.532	1	62	78.669	1496	1295	22	20	22.287	13.768	129.799	0.489	1.619	0.618	0.752
244	11795	40.368	24.946	0	128	915.418	1928	1298	143	237	182.280	82.389	113.370	0.177	2.212	0.452	0.627
245	20	17.450	9.528	1	37	23.314	1075	1301	4	9	8.102	3.143	101.744	0.462	2.577	0.388	0.702
246	260	65.627	23.211	3	114	67.012	2691	1302	18	22	20.736	15.965	107.779	0.728	1.299	0.770	0.841
247	61	42.803	12.755	10	66	29.556	591	1310	10	8	9.563	8.122	165.871	0.877	1.178	0.849	0.878
248	44	12.068	7.289	2	36	34.385	2773	1317	8	11	9.745	5.749	112.082	0.468	1.695	0.590	0.652
249	256	51.852	18.217	7	108	64.770	447	1328	18	21	20.346	16.020	74.080	0.767	1.270	0.787	0.871
250	191	42.571	15.800	7	80	58.770	2305	1330	15	20	18.123	13.419	102.210	0.695	1.351	0.740	0.845
251	1716	27.273	12.381	1	89	204.208	863	1331	49	57	51.936	42.069	97.201	0.517	1.235	0.810	0.857
252	533	59.837	29.910	4	143	88.326	85	1332	26	29	29.268	23.187	120.817	0.859	1.262	0.792	0.921
253	1541	32.190	24.765	0	109	192.652	3377	1341	42	56	54.629	35.916	75.470	0.522	1.521	0.657	0.867
254	86	16.256	9.309	2	37	48.870	1505	1342	11	15	13.157	8.323	72.960	0.453	1.581	0.633	0.691
255	297	14.199	7.460	0	40	109.740	24	1347	21	26	21.092	17.929	69.352	0.310	1.176	0.850	0.683
256	198	46.222	13.491	7	79	57.355	1901	1348	19	17	16.464	15.313	173.160	0.756	1.075	0.930	0.844
257	94	27.862	11.057	4	53	43.456	2244	1350	11	14	12.188	9.820	124.022	0.626	1.241	0.806	0.764
258	456	15.930	8.496	2	40	125.882	3460	1354	30	37	40.015	14.509	121.310	0.362	2.758	0.363	0.756
259	20628	17.629	9.616	0	66	826.649	1485	1362	178	177	197.971	132.668	137.320	0.379	1.492	0.670	0.897
260	128	32.156	11.703	5	59	46.527	2762	1369	13	17	16.616	9.808	122.495	0.743	1.694	0.590	0.845
261	51	31.255	11.631	5	57	31.799	2704	1388	9	9	9.364	6.935	105.241	0.634	1.350	0.741	0.750
262	223	12.516	6.071	1	28	123.539	1063	1396	28	22	25.073	11.324	30.260	0.184	2.214	0.452	0.540
263	91	39.418	18.291	4	88	41.456	835	1406	12	13	11.088	10.450	76.267	0.665	1.061	0.942	0.795
264	2399	46.365	21.640	1	126	226.451	2702	1409	66	56	64.259	47.534	149.796	0.588	1.352	0.740	0.866
265	737	41.617	17.332	4	91	126.225	3344	1416	28	44	41.680	22.514	106.287	0.581	1.851	0.540	0.844
266	8025	43.928	26.669	0	145	530.600	326	1433	92	147	129.942	78.633	89.257	0.358	1.653	0.605	0.804
267	373	25.319	13.021	1	56	85.598	889	1445	22	25	25.467	18.648	58.263	0.640	1.366	0.732	0.867
268	109	39.284	11.293	13	64	41.113	1112	1461	13	13	12.673	10.951	140.074	0.810	1.157	0.864	0.832
269	583	37.544	17.113	1	91	117.740	34	1467	25	42	37.864	19.605	95.626	0.528	1.931	0.518	0.788
270	729	34.420	15.068	0	84	128.368	1870	1467	27	42	40.897	22.696	100.216	0.556	1.802	0.555	0.830
271	24	13.167	5.354	3	23	19.314	1161	1473	6	6	5.936	5.148	138.797	0.809	1.153	0.867	0.857
272	54	10.852	6.284	0	32	51.456	3730	1477	7	18	15.077	4.560	89.327	0.256	3.306	0.302	0.574
273	50	32.980	13.045	6	63	26.971	82	1481	9	8	8.335	7.638	54.203	0.864	1.091	0.916	0.840
274	316	47.269	22.639	4	107	86.669	291	1481	21	26	25.687	15.664	53.641	0.529	1.640	0.610	0.753
275	975	32.971	16.729	0	75	222.794	2518	1492	29	75	60.044	20.675	78.707	0.247	2.904	0.344	0.626
276	1349	15.058	8.292	1	46	214.309	877	1493	52	41	47.717	35.996	172.784	0.369	1.326	0.754	0.804
277	28478	22.001	15.391	0	128	961.075	1	1498	164	267	244.701	148.178	100.875	0.387	1.651	0.606	0.881
278	1402	46.595	23.341	2	133	175.581	952	1501	40	56	53.398	33.430	84.560	0.571	1.597	0.626	0.848
279	20	19.700	6.250	10	29	18.728	806	1503	6	6	5.982	4.257	150.306	0.717	1.405	0.712	0.714
280	19	19.421	7.183	9	31	18.142	36	1507	6	6	5.829	4.150	27.231	0.725	1.405	0.712	0.704
281	37	21.108	8.884	5	49	24.385	2796	1513	9	7	8.303	5.674	11.942	0.782	1.463	0.683	0.779
282	21	14.381	8.194	0	28	18.485	3394	1514	7	4	7.674	3.484	172.532	0.772	2.202	0.454	0.875
283	94	19.489	8.850	2	40	53.698	2954	1521	14	14	11.334	10.560	35.267	0.410	1.073	0.932	0.653
284	117	21.889	10.216	2	48	52.870	1523	1523	11	19	18.332	8.126	71.140	0.526	2.256	0.443	0.804
285	134	55.127	16.424	8	89	45.698	863	1554	16	13	15.357	11.110	158.536	0.806	1.382	0.723	0.870
286	33	22.515	9.641	7	47	22.971	3082	1559	9	6	8.507	4.939	2.631	0.786	1.723	0.581	0.805
287	25108	37.065	30.173	0	159	1000.129	198	1563	226	214	236.804	135.000	133.513	0.315	1.754	0.570	0.776
288	9520	24.704	13.140	0	79	539.428	1641	1569	113	132	124.171	97.617	111.300	0.411	1.272	0.786	0.846
289	29	30.448	13.255	6	58	24.142	3700	1576	6	9	7.838	4.711	54.139	0.625	1.664	0.601	0.707
290	32	23.719	9.306	2	39	24.971	590	1579	7	8	8.164	4.991	40.290	0.645	1.636	0.611	0.736
291	59	31.576	10.969	7	53	30.385	181	1589	9	10	10.669	7.041	43.775	0.803	1.515	0.660	0.861
292	26	16.692	7.380	1	30	23.899	3072	1603	10	4	9.905	3.342	6.207	0.572	2.964	0.337	0.812
293	17	8.765	3.192	4	15	22.142	3227	1603	9	4	8.064	2.684	12.473	0.436	3.004	0.333	0.607
294	126	27.135	15.787	1	83	44.870	3761	1603	11	15	15.082	10.637	91.407	0.786	1.418	0.705	0.881
295	698	40.136	20.808	1	107	112.225	3055	1606	30	38	32.205	27.595	80.581	0.696	1.167	0.857	0.868
296	332	35.617	14.446	1	76	81.255	543	1617	19	30	28.126	15.029	112.686	0.632	1.871	0.534	0.858
297	191	22.597	10.376	2	53	59.213	1109	1618	17	16	19.254	12.631	134.120	0.685	1.524	0.656	0.857
298	2331	45.478	25.815	1	138	251.865	1141	1637	63	71	76.473	38.810	125.900	0.462	1.970	0.508	0.819
299	5879	25.003	13.696	0	87	417.345	3174	1639	82	99	97.769	76.562	77.602	0.424	1.277	0.783	0.877
300	37902	20.685	12.086	0	93	1356.989	3493	1642	243	330	313.236	154.064	69.320	0.259	2.033	0.492	0.776
301	1502	22.675	10.785	0	69	194.894	2735	1643	49	56	60.203	31.766	128.475	0.497	1.895	0.528	0.857
302	1413	47.844	24.430	2	143	182.167	630	1651	53	44	47.555	37.832	169.826	0.535	1.257	0.796	0.828
303	267	49.715	19.337	2	96	66.184	2958	1654	19	21	21.939	15.496	134.323	0.766	1.416	0.706	0.881
304	87	22.885	10.172	3	46	41.213	1922	1656	10	14	12.244	9.047	104.424	0.644	1.353	0.739	0.802
305	4190	38.519	24.494	0	110	324.676	765	1657	77	87	93.184	57.251	127.763	0.499	1.628	0.614	0.900
306	18	15.111	8.989	3	35	15.899	3130	1660	5	5	5.391	4.251	153.435	0.895	1.268	0.789	0.837
307	235	29.545	12.926	3	65	74.669	1537	1662	18	27	26.477	11.301	62.940	0.530	2.343	0.427	0.770
308	132	40.258	12.457	8	67	56.284	1118	1668	14	15	15.335	10.960	98.599	0.524	1.399	0.715	0.786
309	20	18.350	7.916	5	32	17.899	205	1669	6	5	5.425	4.694	15.138	0.784	1.156	0.865	0.816
310	33	20.909	9.077	0	37	22.728	1788	1681	7	6	7.488	5.611	16.319	0.803	1.334	0.749	0.857
311	75	35.027	10.784	11	55	36.870	188	1683	11	12	11.202	8.525	79.059	0.693	1.314	0.761	0.769
312	141	23.738	10.268	1	52	50.870	3982	1699	17	13	17.133	10.478	16.045	0.685	1.635	0.612	0.829
313	81	34.914	15.983	2	69	43.456	682	1721	16	9	14.612	7.058	175.988	0.539	2.070	0.483	0.730
314	541	15.943	8.016	1	42	126.953	2994	1723	29	28	27.004	25.508	135.115	0.422	1.059	0.945	0.788
315	1094	46.365	22.766	1	119	163.681	518	1729	32	59	52.881	26.341	82.692	0.513	2.008	0.498	0.831
316	2416	15.861	8.537	0	55	269.078	2486	1729	56	67	60.223	51.079	72.089	0.419	1.179	0.848	0.858
317	131	27.771	11.609	1	59	55.355	1081	1736	14	17	15.542	10.732	119.011	0.537	1.448	0.691	0.768
318	530	14.906	7.473	1	41	145.095	1638	1741	29	32	28.696	23.516	108.824	0.316	1.220	0.819	0.746
319	1064	24.496	11.435	0	60	143.196	1898	1769	39	38	38.125	35.534	13.241	0.652	1.073	0.932	0.872
320	37	16.973	7.470	4	35	27.314	1694	1788	5	11	10.120	4.655	94.134	0.623	2.174	0.460	0.822
321	100	29.010	11.692	9	63	44.870	586	1789	13	13	14.968	8.506	137.554	0.624	1.760	0.568	0.775
322	166	15.765	9.519	1	45	64.426	3745	1796	15	21	17.698	11.942	78.638	0.503	1.482	0.675	0.733
323	382	31.856	15.960	1	75	79.012	1293	1804	18	30	28.018	17.360	91.939	0.769	1.614	0.620	0.902
324	240	14.213	8.236	0	39	169.338	974	1809	17	37	25.893	11.801	99.186	0.105	2.194	0.456	0.526
325	113	29.602	11.900	1	56	45.113	920	1818	15	14	14.932	9.635	40.703	0.698	1.550	0.645	0.799
326	18	12.556	4.047	5	21	32.142	970	1826	4	12	9.151	2.505	91.166	0.219	3.653	0.274	0.414
327	320	52.700	31.520	3	116	86.912	55	1829	18	31	32.174	12.664	105.955	0.532	2.541	0.394	0.775
328	76	49.316	16.546	5	83	33.799	179	1839	11	10	10.977	8.815	138.051	0.836	1.245	0.803	0.849
329	803	47.948	23.122	2	124	119.539	450	1844	37	34	34.216	29.881	3.618	0.706	1.145	0.873	0.878
330	19	24.947	7.367	11	41	15.899	534	1850	5	5	5.707	4.239	62.523	0.944	1.346	0.743	0.864
331	74	38.514	10.428	15	65	32.971	548	1859	10	10	11.284	8.350	136.252	0.855	1.351	0.740	0.876
332	56	40.482	11.814	13	69	28.971	1062	1861	8	10	9.997	7.132	101.188	0.838	1.402	0.713	0.862
333	284	67.746	21.876	6	119	67.497	3390	1862	23	21	23.558	15.349	44.475	0.783	1.535	0.652	0.878
334	56	39.554	13.844	2	67	29.556	2233	1873	10	8	10.164	7.015	9.106	0.806	1.449	0.690	0.848
335	334	31.955	15.646	1	85	79.255	3168	1882	22	24	22.536	18.871	35.663	0.668	1.194	0.837	0.845
336	2893	18.706	9.114	0	56	262.492	2411	1884	64	69	62.881	58.579	85.501	0.528	1.073	0.932	0.895
337	469	59.156	24.292	4	120	89.255	2826	1907	23	29	29.463	20.268	79.904	0.740	1.454	0.688	0.887
338	2554	20.516	11.056	0	75	376.777	3962	1907	37	130	113.204	28.726	97.647	0.226	3.941	0.254	0.788
339	19	21.105	8.425	9	42	18.728	154	1908	6	6	7.416	3.262	124.332	0.681	2.273	0.440	0.717
340	221	60.217	21.478	1	108	58.770	2673	1909	16	21	21.361	13.173	63.855	0.804	1.622	0.617	0.897
341	24	8.292	3.973	1	18	28.142	796	1926	8	9	7.736	3.950	49.707	0.381	1.958	0.511	0.516
342	17	10.706	5.509	1	21	18.728	818	1927	5	7	7.102	3.048	60.928	0.609	2.330	0.429	0.680
343	67	40.493	15.121	10	74	33.213	177	1932	10	11	12.328	6.920	130.950	0.763	1.782	0.561	0.822
344	95	13.042	6.373	1	26	68.426	929	1933	18	13	13.992	8.645	14.838	0.255	1.618	0.618	0.581
345	77	29.091	13.548	6	63	34.971	271	1942	10	11	10.991	8.920	61.736	0.791	1.232	0.812	0.837
346	4374	21.638	10.186	0	60	455.245	2493	1964	80	111	103.246	53.940	115.841	0.265	1.914	0.522	0.746
347	23	23.739	10.480	6	42	18.728	92	1972	6	6	6.453	4.538	126.266	0.824	1.422	0.703	0.807
348	674	20.855	8.946	1	50	113.640	2281	1972	32	32	33.861	25.344	140.865	0.656	1.336	0.748	0.852
349	694	29.481	13.513	1	71	128.125	2184	1975	30	35	31.254	28.272	91.548	0.531	1.105	0.905	0.829
350	62	29.081	11.454	6	55	32.627	3416	1975	11	9	10.851	7.275	161.963	0.732	1.492	0.670	0.810
351	569	46.005	19.234	1	107	117.882	2658	1976	21	41	38.823	18.661	89.926	0.515	2.080	0.481	0.842
352	337	27.279	11.776	2	59	79.255	3761	1994	20	26	26.097	16.442	104.218	0.674	1.587	0.630	0.845
353	86	39.291	12.264	4	61	39.698	2227	1999	12	13	13.752	7.962	131.206	0.686	1.727	0.579	0.771
354	661	39.850	16.390	2	83	113.397	3605	2007	34	29	32.246	26.100	11.540	0.646	1.236	0.809	0.864
355	46	28.478	10.629	6	50	28.385	961	2010	9	9	10.611	5.519	47.080	0.717	1.923	0.520	0.800
356	35	31.771	10.071	6	52	22.971	3579	2023	8	7	7.148	6.234	16.103	0.834	1.147	0.872	0.805
357	930	46.496	24.006	0	113	159.681	3273	2026	49	35	41.593	28.469	8.361	0.458	1.461	0.684	0.777
358	218	19.849	9.450	1	48	65.355	582	2030	15	22	22.031	12.599	103.033	0.641	1.749	0.572	0.826
359	632	25.665	12.816	0	67	164.752	1713	2032	38	47	55.581	14.478	128.076	0.293	3.839	0.260	0.728
360	49	28.327	10.201	4	55	31.213	400	2034	8	12	10.051	6.207	87.913	0.632	1.619	0.618	0.748
361	95	32.863	11.646	2	57	38.627	1931	2034	11	13	13.019	9.291	75.840	0.800	1.401	0.714	0.848
362	32	18.219	9.414	2	41	25.799	777	2036	8	9	8.478	4.806	123.019	0.604	1.764	0.567	0.681
363	96	14.688	6.676	1	30	45.456	2217	2036	12	12	11.769	10.386	179.733	0.584	1.133	0.882	0.768
364	101	42.941	15.035	5	86	42.042	795	2049	12	13	12.873	9.990	135.937	0.718	1.289	0.776	0.824
365	525	64.072	32.542	2	127	116.225	115	2058	29	38	36.148	18.492	58.557	0.488	1.955	0.512	0.796
366	832	13.133	6.842	0	36	222.108	1669	2077	45	43	42.273	25.059	137.562	0.212	1.687	0.593	0.701
367	302	39.944	17.236	5	82	75.598	2130	2079	22	22	23.329	16.482	127.420	0.664	1.415	0.707	0.827
368	528	34.034	16.372	2	86	111.397	761	2082	24	36	36.464	18.436	111.462	0.535	1.978	0.506	0.854
369	774	15.358	8.536	1	50	144.610	2726	2083	39	32	37.348	26.386	8.103	0.465	1.415	0.706	0.822
370	1183	14.143	7.550	0	47	211.480	68	2087	35	50	46.096	32.676	102.006	0.332	1.411	0.709	0.804
371	1279	59.958	36.702	0	137	158.953	1926	2090	47	42	46.469	35.044	26.674	0.636	1.326	0.754	0.866
372	214	38.967	17.754	3	80	65.598	1292	2092	19	19	21.126	12.898	127.518	0.625	1.638	0.611	0.831
373	62	33.371	12.855	10	60	33.556	474	2093	7	13	12.837	6.150	78.477	0.692	2.087	0.479	0.861
374	13163	25.627	14.909	0	86	744.566	398	2114	123	193	168.731	99.328	68.416	0.298	1.699	0.589	0.768
375	21	26.667	9.992	10	45	19.314	1084	2120	5	7	5.557	4.811	55.984	0.707	1.155	0.866	0.778
376	317	30.719	11.480	3	59	77.841	3253	2127	21	24	23.753	16.992	126.197	0.657	1.398	0.715	0.859
377	2024	26.312	12.757	0	71	231.522	3573	2140	68	47	62.578	41.181	179.974	0.475	1.520	0.658	0.863
378	26	21.538	11.104	4	45	20.142	798	2145	7	6	7.462	4.437	147.136	0.805	1.682	0.595	0.825
379	208	41.351	16.431	8	76	56.284	940	2152	16	17	17.210	15.389	56.499	0.825	1.118	0.894	0.895
380	677	18.177	9.451	1	47	161.782	2084	2153	33	40	36.150	23.845	124.012	0.325	1.516	0.660	0.727
381	327	51.936	17.012	7	97	92.870	3985	2156	14	35	34.645	12.018	97.669	0.476	2.883	0.347	0.865
382	274	11.507	6.953	0	40	163.095	1985	2161	22	33	27.949	12.482	64.847	0.129	2.239	0.447	0.542
383	114	46.368	15.354	4	85	45.698	3426	2163	12	16	14.243	10.191	88.869	0.686	1.398	0.715	0.803
384	91	29.516	12.818	6	73	43.213	196	2166	9	17	17.239	6.721	111.038	0.612	2.565	0.390	0.850
385	417	32.571	13.581	4	61	92.326	3236	2176	27	25	26.845	19.778	37.532	0.615	1.357	0.737	0.838
386	3951	32.703	16.403	0	90	342.090	3649	2183	79	81	82.081	61.288	41.423	0.424	1.339	0.747	0.815
387	34	35.324	14.848	5	63	23.314	224	2185	6	7	7.074	6.120	93.091	0.786	1.156	0.865	0.861
388	462	14.063	7.885	0	41	122.711	3099	2185	28	29	25.644	22.939	126.077	0.386	1.118	0.895	0.719
389	30	22.567	10.679	2	44	35.213	916	2188	7	11	9.630	3.967	84.718	0.304	2.428	0.412	0.517
390	107	28.280	13.345	7	60	44.870	63	2199	11	14	13.661	9.972	68.702	0.668	1.370	0.730	0.823
391	2782	26.010	11.644	0	63	273.220	2589	2205	62	70	69.843	50.716	121.250	0.468	1.377	0.726	0.872
392	16	2.188	3.124	0	8	18.728	2448	2207	4	7	6.985	2.917	99.064	0.573	2.395	0.418	0.681
393	27	33.296	11.512	7	48	20.385	890	2209	8	6	6.772	5.076	164.081	0.817	1.334	0.750	0.761
394	330	13.612	6.839	0	36	179.924	2433	2211	36	29	21.849	19.231	4.596	0.128	1.136	0.880	0.494
395	16	7.750	4.450	3	20	21.314	2460	2215	6	7	7.577	2.689	44.078	0.443	2.818	0.355	0.582
396	162	44.395	13.902	8	71	56.284	881	2225	14	18	17.860	11.549	102.099	0.643	1.546	0.647	0.829
397	2647	23.421	10.750	0	66	255.179	267	2258	53	74	68.221	49.402	77.312	0.511	1.381	0.724	0.892
398	49	15.694	8.287	2	37	38.971	2318	2263	9	13	9.541	6.539	62.327	0.405	1.459	0.685	0.609
399	49	18.122	7.892	3	34	41.213	2807	2269	10	12	9.738	6.407	91.071	0.363	1.520	0.658	0.580
400	21	12.095	6.678	2	25	19.556	3051	2296	7	6	7.623	3.508	150.088	0.690	2.173	0.460	0.750
401	57	30.211	9.524	12	47	28.385	1780	2302	10	8	10.080	7.200	171.931	0.889	1.400	0.714	0.884
402	105	34.362	13.518	3	63	40.870	1318	2312	11	15	14.737	9.072	63.627	0.790	1.624	0.616	0.871
403	29	17.828	7.324	4	34	24.142	3132	2316	6	9	8.234	4.484	121.103	0.625	1.836	0.545	0.773
404	370	71.100	25.606	5	145	77.012	391	2331	25	21	23.459	20.081	174.225	0.784	1.168	0.856	0.898
405	28	20.107	5.273	7	32	20.971	1956	2335	7	7	7.369	4.838	142.010	0.800	1.523	0.657	0.789
406	187	17.631	9.637	2	45	61.012	3758	2339	19	18	17.504	13.602	145.491	0.631	1.287	0.777	0.776
407	2037	25.332	11.672	0	66	207.966	197	2344	53	61	58.877	44.051	62.555	0.592	1.337	0.748	0.874
408	119	32.630	11.282	6	63	48.870	1228	2346	15	15	12.598	12.027	92.997	0.626	1.047	0.955	0.760
409	624	51.957	22.289	1	117	112.811	2035	2347	30	38	40.276	19.726	124.874	0.616	2.042	0.490	0.881
410	959	45.282	21.337	4	116	141.196	352	2351	46	37	46.261	26.394	33.960	0.604	1.753	0.571	0.856
411	26	19.346	9.200	2	35	27.556	2119	2357	7	10	6.798	4.869	83.957	0.430	1.396	0.716	0.578
412	120	21.767	10.769	3	50	49.698	1106	2362	13	17	16.956	9.011	112.022	0.611	1.882	0.531	0.789
413	104	24.135	12.010	1	58	42.042	3345	2362	11	15	15.533	8.525	57.569	0.739	1.822	0.549	0.835
414	156	68.532	18.883	13	107	47.698	1635	2365	15	15	16.607	11.960	136.697	0.862	1.388	0.720	0.881
415	30	18.167	8.086	4	34	24.971	584	2372	7	8	7.008	5.450	98.546	0.605	1.286	0.778	0.714
416	61	22.180	9.231	3	39	32.385	1298	2374	8	12	11.785	6.590	67.816	0.731	1.788	0.559	0.830
417	403	21.958	12.468	1	62	95.740	1033	2375	26	30	33.761	15.199	126.436	0.552	2.221	0.450	0.805
418	2599	20.357	9.963	0	62	296.635	3161	2381	62	70	62.575	52.883	90.985	0.371	1.183	0.845	0.848
419	356	29.315	12.588	0	82	93.012	1804	2384	21	30	31.161	14.546	109.898	0.517	2.142	0.467	0.798
420	153	36.647	11.842	9	63	48.284	2397	2390	13	17	16.360	11.907	109.116	0.825	1.374	0.728	0.879
421	58	46.448	11.122	14	72	29.314	417	2398	7	10	10.717	6.891	96.717	0.848	1.555	0.643	0.906
422	29	22.690	8.337	7	47	20.728	498	2403	6	7	7.403	4.988	112.287	0.848	1.484	0.674	0.853
423	1061	46.214	27.219	0	119	146.610	2450	2405	45	39	38.104	35.453	177.249	0.620	1.075	0.930	0.862
424	260	52.838	20.178	2	99	74.184	2734	2412	21	19	21.027	15.744	131.087	0.594	1.336	0.749	0.820
425	254	24.650	11.993	2	59	74.770	2098	2417	21	19	20.032	16.145	27.044	0.571	1.241	0.806	0.780
426	168	32.161	12.805	2	64	60.527	3584	2421	21	14	19.248	11.113	178.712	0.576	1.732	0.577	0.778
427	621	48.372	21.208	3	99	108.811	538	2422	29	33	30.722	25.737	112.088	0.659	1.194	0.838	0.870
428	552	18.757	12.820	1	65	147.439	2310	2422	34	39	37.519	18.732	131.763	0.319	2.003	0.499	0.697
429	130	52.585	17.433	7	91	52.770	2905	2426	12	16	15.398	10.749	108.076	0.587	1.432	0.698	0.815
430	130	24.092	12.387	2	61	57.355	1410	2438	15	16	14.371	11.518	127.250	0.497	1.248	0.802	0.712
431	16	13.312	7.718	4	29	15.899	2091	2446	5	5	5.077	4.013	125.152	0.795	1.265	0.790	0.800
432	264	47.064	18.459	2	93	81.841	511	2451	16	28	25.052	13.418	93.728	0.495	1.867	0.536	0.783
433	51	26.216	10.220	2	50	29.799	724	2453	9	9	8.741	7.428	105.276	0.722	1.177	0.850	0.797
434	65	31.831	13.286	2	61	32.385	1178	2456	9	10	9.409	8.796	144.047	0.779	1.070	0.935	0.828
435	72	32.833	8.958	7	49	38.627	2194	2461	9	13	11.319	8.099	110.459	0.606	1.398	0.715	0.778
436	93	9.516	7.145	0	36	54.527	2519	2465	21	9	18.181	6.513	171.760	0.393	2.792	0.358	0.635
437	54	35.426	9.468	4	55	29.556	2918	2473	11	7	10.558	6.512	174.506	0.777	1.621	0.617	0.850
438	269	13.063	6.814	0	31	115.054	3357	2474	19	31	22.110	15.491	76.660	0.255	1.427	0.701	0.647
439	43	26.047	6.959	14	46	25.314	3660	2486	6	9	9.112	6.009	114.214	0.843	1.516	0.659	0.905
440	139	30.360	13.393	1	74	46.042	116	2497	11	17	17.159	10.314	100.385	0.824	1.664	0.601	0.903
441	699	40.170	17.119	1	86	113.983	327	2505	29	34	32.242	27.603	103.553	0.676	1.168	0.856	0.873
442	715	37.385	17.097	2	84	121.640	2188	2509	35	33	32.530	27.986	158.118	0.607	1.162	0.860	0.856
443	466	15.861	8.215	1	42	126.125	2611	2520	27	34	31.275	18.971	115.145	0.368	1.649	0.607	0.726
444	28	25.179	12.187	8	44	22.971	83	2521	7	7	6.792	5.249	45.214	0.667	1.294	0.773	0.737
445	23	14.826	6.672	5	29	23.556	3401	2522	5	9	7.381	3.968	106.933	0.521	1.860	0.538	0.676
446	45	34.422	12.196	10	57	28.385	1422	2535	7	10	8.752	6.546	110.691	0.702	1.337	0.748	0.789
447	150	36.020	11.733	5	63	51.941	3086	2541	17	15	15.836	12.061	136.846	0.699	1.313	0.762	0.804
448	165	55.703	17.062	10	92	51.941	1725	2542	14	17	16.489	12.741	93.146	0.769	1.294	0.773	0.844
449	639	42.413	17.992	5	90	127.296	1368	2543	25	46	44.488	18.288	101.337	0.496	2.433	0.411	0.795
450	177	38.339	15.330	1	80	55.113	3213	2573	18	15	18.356	12.277	157.570	0.732	1.495	0.669	0.859
451	1187	19.818	10.597	0	79	169.581	1272	2581	38	48	44.773	33.755	104.048	0.519	1.326	0.754	0.843
452	24	27.375	12.744	2	56	19.314	364	2583	6	6	7.062	4.327	32.632	0.809	1.632	0.613	0.828
453	21	22.238	10.401	7	46	17.899	630	2584	5	6	5.515	4.848	28.826	0.824	1.137	0.879	0.824
454	270	46.822	16.178	4	89	72.669	1146	2585	21	22	23.564	14.589	124.631	0.643	1.615	0.619	0.824
455	237	18.152	9.078	0	42	68.669	3592	2585	17	22	20.914	14.429	91.997	0.632	1.449	0.690	0.803
456	60	16.383	6.793	1	31	48.870	3460	2597	11	12	10.735	7.117	154.461	0.316	1.508	0.663	0.603
457	34	19.824	9.340	4	40	28.627	2332	2598	9	10	9.114	4.750	136.997	0.521	1.919	0.521	0.618
458	1000	20.803	10.661	1	64	254.492	537	2601	52	51	52.260	24.364	46.837	0.194	2.145	0.466	0.604
459	343	48.067	16.961	3	95	74.426	1395	2604	24	21	21.202	20.598	25.101	0.778	1.029	0.972	0.877
460	65	17.015	8.576	1	42	44.870	2102	2608	9	15	14.166	5.842	107.633	0.406	2.425	0.412	0.663
461	21	13.667	5.877	2	26	19.556	592	2611	7	6	5.924	4.513	172.839	0.690	1.313	0.762	0.712
462	48	36.208	11.747	5	59	26.142	1084	2612	7	9	10.090	6.057	120.688	0.883	1.666	0.600	0.889
463	171	21.053	10.374	3	46	64.770	26	2615	14	24	23.460	9.281	113.777	0.512	2.528	0.396	0.779
464	16	19.938	7.996	5	36	18.142	2689	2615	6	6	5.352	3.807	135.000	0.611	1.406	0.711	0.640
465	91	31.648	11.836	4	58	40.627	1215	2618	12	13	12.366	9.370	53.148	0.693	1.320	0.758	0.788
466	65	31.092	8.980	3	47	38.042	1375	2620	10	14	11.011	7.516	99.718	0.564	1.465	0.683	0.730
467	144	50.500	14.800	8	84	50.284	303	2623	13	16	15.749	11.642	122.060	0.716	1.353	0.739	0.840
468	18206	23.331	13.358	0	79	851.318	2447	2624	200	153	190.464	121.706	9.663	0.316	1.565	0.639	0.844
469	56	19.643	10.673	3	48	38.284	279	2631	12	10	9.975	7.148	159.105	0.480	1.395	0.717	0.647
470	75	15.600	7.336	1	34	51.456	581	2633	11	13	10.471	9.120	43.133	0.356	1.148	0.871	0.647
471	219	12.680	7.856	0	44	95.154	3121	2634	19	24	18.617	14.978	60.809	0.304	1.243	0.805	0.636
472	305	12.866	8.868	0	52	161.681	1593	2636	25	27	20.354	19.079	152.535	0.147	1.067	0.937	0.582
473	290	28.162	12.120	2	65	79.497	204	2637	24	23	24.738	14.926	39.787	0.577	1.657	0.603	0.798
474	52	26.288	10.789	3	55	26.971	3473	2637	8	9	8.893	7.445	112.074	0.898	1.195	0.837	0.881
475	29	17.862	8.967	4	38	26.142	738	2639	8	8	7.053	5.235	46.973	0.533	1.347	0.742	0.652
476	284	72.173	27.635	10	136	69.598	801	2651	23	20	21.573	16.762	148.213	0.737	1.287	0.777	0.869
477	166	54.494	17.414	3	101	51.456	743	2669	14	17	16.691	12.663	66.389	0.788	1.318	0.759	0.876
478	65	23.938	11.308	1	51	34.627	3764	2672	11	10	10.136	8.165	17.464	0.681	1.241	0.806	0.756
479	24	14.250	6.166	5	26	27.213	2846	2676	6	10	8.430	3.625	106.434	0.407	2.326	0.430	0.558
480	146	39.164	16.430	6	74	57.941	2247	2681	12	21	18.625	9.981	96.023	0.546	1.866	0.536	0.781
481	74	29.176	11.902	4	59	36.042	366	2682	10	12	12.857	7.328	59.377	0.716	1.755	0.570	0.822
482	197	49.462	17.702	7	93	54.627	634	2687	14	18	18.763	13.368	86.282	0.830	1.404	0.712	0.902
483	582	16.196	8.539	0	53	134.368	169	2697	35	30	33.452	22.152	148.146	0.405	1.510	0.662	0.797
484	936	38.428	16.799	2	89	186.409	3608	2702	54	32	50.422	23.636	6.834	0.338	2.133	0.469	0.705
485	115	29.200	11.506	3	54	43.799	2251	2704	11	15	14.073	10.404	84.851	0.753	1.353	0.739	0.852
486	58	27.741	12.278	5	48	31.799	1935	2706	8	12	11.346	6.509	72.688	0.721	1.743	0.574	0.817
487	1453	48.281	21.417	0	120	165.338	579	2708	45	48	44.678	41.408	26.601	0.668	1.079	0.927	0.889
488	460	40.133	15.338	1	87	91.740	524	2728	22	30	31.017	18.883	108.554	0.687	1.643	0.609	0.880
489	94	23.426	10.370	5	50	40.042	686	2731	13	12	12.171	9.833	35.220	0.737	1.238	0.808	0.793
490	64	36.141	12.822	6	60	31.213	449	2736	9	11	10.596	7.690	89.220	0.825	1.378	0.726	0.821
491	4204	36.367	18.258	0	94	405.404	327	2747	122	74	98.196	54.510	159.744	0.321	1.801	0.555	0.725
492	99	32.505	19.649	1	79	49.698	3261	2751	12	18	20.100	6.271	119.309	0.504	3.205	0.312	0.762
493	1665	44.744	22.190	1	106	223.865	623	2757	41	76	65.547	32.342	106.857	0.417	2.027	0.493	0.784
494	363	13.669	7.914	0	49	91.255	2623	2760	24	22	22.678	20.380	161.231	0.548	1.113	0.899	0.824
495	1161	31.468	13.782	1	75	154.267	145	2772	42	43	44.939	32.894	135.682	0.613	1.366	0.732	0.870
496	168	69.881	23.185	8	117	53.113	2313	2781	14	18	18.758	11.403	118.422	0.748	1.645	0.608	0.862
497	287	41.739	20.938	3	102	84.811	824	2788	25	26	31.394	11.640	42.229	0.501	2.697	0.371	0.770
498	83	43.590	13.153	4	67	33.799	234	2790	10	11	11.781	8.970	119.361	0.913	1.313	0.761	0.892
499	16	11.625	5.999	0	21	16.485	2104	2817	4	6	5.452	3.736	88.513	0.740	1.459	0.685	0.800
500	681	59.774	21.893	9	117	118.125	2307	2817	36	35	42.812	20.253	134.503	0.613	2.114	0.473	0.854
501	74	8.203	5.734	0	29	71.598	2106	2821	17	12	13.296	7.087	164.424	0.181	1.876	0.533	0.455
502	290	55.731	19.227	10	104	66.426	1078	2823	19	22	20.386	18.113	102.762	0.826	1.126	0.888	0.896
503	33	26.576	9.877	7	42	23.314	127	2831	7	7	7.946	5.288	122.529	0.763	1.503	0.665	0.805
504	115	37.061	13.683	11	67	44.627	832	2831	9	18	16.752	8.740	86.850	0.726	1.917	0.522	0.871
505	67	42.343	18.302	1	75	33.213	2215	2831	9	12	10.163	8.394	87.726	0.763	1.211	0.826	0.812
506	347	14.346	7.793	0	41	155.439	3911	2832	26	33	28.471	15.518	120.823	0.180	1.835	0.545	0.601
507	287	42.296	14.969	0	85	75.598	1297	2838	19	22	21.304	17.153	133.021	0.631	1.242	0.805	0.852
508	83	33.361	13.672	3	66	38.870	3327	2844	9	15	14.020	7.538	75.449	0.690	1.860	0.538	0.806
509	95	28.453	10.637	5	55	38.042	474	2857	10	14	13.147	9.201	99.246	0.825	1.429	0.700	0.868
510	18	11.667	7.444	2	26	27.556	1292	2865	6	10	7.147	3.207	94.421	0.298	2.229	0.449	0.462
511	147	49.211	17.509	8	87	48.870	1242	2872	15	13	15.129	12.371	28.328	0.773	1.223	0.818	0.872
512	46	16.978	7.638	2	38	33.213	1138	2876	9	12	12.350	4.742	58.314	0.524	2.604	0.384	0.708
513	123	37.236	12.275	11	67	48.042	2340	2877	17	11	17.473	8.963	173.703	0.670	1.950	0.513	0.837
514	3212	24.812	14.483	0	94	308.291	1050	2880	72	79	78.547	52.066	142.947	0.425	1.509	0.663	0.830
515	350	24.763	10.181	0	55	97.397	2046	2887	27	24	27.678	16.101	138.257	0.464	1.719	0.582	0.778
516	117	14.017	7.587	0	34	105.154	706	2888	20	23	16.639	8.953	117.016	0.133	1.858	0.538	0.394
517	2775	24.878	11.791	0	71	289.220	1802	2888	69	71	69.380	50.926	139.581	0.417	1.362	0.734	0.847
518	20	14.800	8.918	2	30	33.213	2875	2896	4	13	9.566	2.662	95.183	0.228	3.593	0.278	0.455
519	3933	43.300	25.148	0	129	298.877	100	2897	78	92	103.442	48.410	123.656	0.553	2.137	0.468	0.892
520	18	20.833	10.983	6	37	16.728	675	2901	6	5	5.398	4.246	26.161	0.808	1.271	0.787	0.783
521	373	61.775	22.355	2	113	80.569	10	2906	26	25	28.960	16.399	136.300	0.722	1.766	0.566	0.876
522	21	12.857	5.579	4	24	17.314	3273	2907	7	4	7.169	3.730	163.907	0.880	1.922	0.520	0.875
523	1068	49.416	21.993	2	105	136.468	2515	2909	33	45	43.745	31.085	94.876	0.721	1.407	0.711	0.909
524	28	33.786	9.616	20	60	20.142	84	2912	6	7	6.632	5.375	112.005	0.867	1.234	0.811	0.848
525	163	12.693	7.892	0	39	94.225	3264	2914	21	16	18.588	11.165	0.303	0.231	1.665	0.601	0.579
526	206	23.650	12.277	1	56	69.841	3717	2933	21	18	19.224	13.644	5.416	0.531	1.409	0.710	0.746
527	214	36.411	13.728	3	66	65.355	372	2941	16	22	19.463	14.000	93.431	0.630	1.390	0.719	0.803
528	40	29.475	9.977	8	50	26.971	941	2943	8	9	8.676	5.870	58.916	0.691	1.478	0.677	0.792
529	16	13.750	5.520	5	28	24.142	619	2946	5	7	5.516	3.694	83.087	0.345	1.493	0.670	0.533
530	530	20.519	10.315	0	63	116.225	2555	2948	22	38	33.074	20.403	90.887	0.493	1.621	0.617	0.814
531	47	27.787	9.829	5	46	28.971	2968	2960	8	10	8.704	6.875	135.080	0.704	1.266	0.790	0.790
532	104	38.019	14.438	7	71	44.284	1248	2966	13	14	13.919	9.513	135.753	0.666	1.463	0.683	0.788
533	676	30.895	15.000	1	70	117.841	3937	2975	42	24	42.673	20.170	166.146	0.612	2.116	0.473	0.889
534	24	12.917	6.756	4	24	18.142	3032	2976	7	5	6.584	4.641	171.133	0.916	1.419	0.705	0.828
535	104	51.663	17.256	5	85	44.284	321	2979	12	16	15.398	8.599	113.548	0.666	1.791	0.558	0.806
536	34	26.294	8.864	8	42	21.556	2369	2979	6	8	7.595	5.700	107.884	0.919	1.333	0.750	0.850
537	25	22.280	11.785	1	40	18.728	876	2985	5	7	6.879	4.627	95.761	0.896	1.487	0.673	0.847
538	37	17.973	8.493	2	39	22.485	2324	2990	7	6	7.193	6.549	177.839	0.920	1.098	0.910	0.937
539	70	24.857	9.409	4	43	37.556	3106	2993	15	6	15.262	5.840	4.197	0.624	2.613	0.383	0.875
