 	Area	Mean	StdDev	Min	Max	Perim.	BX	BY	Width	Height	Major	Minor	Angle	Circ.	AR	Round	Solidity
1	12169	32.332	25.295	0	136	572.583	216	1	152	167	204.092	75.917	50.081	0.466	2.688	0.372	0.922
2	368	23.802	9.295	1	48	107.598	3373	1	35	16	33.583	13.952	5.387	0.399	2.407	0.415	0.824
3	44	13.273	6.557	2	28	25.314	3288	16	8	7	8.586	6.525	4.642	0.863	1.316	0.760	0.889
4	55	18.236	9.256	2	38	30.385	1245	19	11	8	11.326	6.183	28.362	0.749	1.832	0.546	0.840
5	282	28.567	13.598	4	75	70.770	1199	20	21	20	23.580	15.227	42.891	0.708	1.549	0.646	0.879
6	1191	32.044	15.296	1	83	177.095	39	47	62	32	58.160	26.074	11.621	0.477	2.231	0.448	0.837
7	1996	23.756	11.625	0	69	246.593	1205	58	62	55	63.261	40.173	39.626	0.412	1.575	0.635	0.859
8	371	21.879	11.936	1	57	102.811	1125	78	32	25	31.502	14.995	31.082	0.441	2.101	0.476	0.750
9	114	26.561	11.813	2	58	43.456	3838	82	15	11	13.910	10.435	11.907	0.759	1.333	0.750	0.844
10	37	32.811	12.563	8	56	26.142	3327	83	8	8	9.328	5.050	51.112	0.680	1.847	0.541	0.763
11	1750	45.077	23.425	1	120	235.765	3409	92	64	66	79.300	28.098	48.010	0.396	2.822	0.354	0.758
12	64	30.812	14.989	1	61	29.799	1805	103	9	10	9.815	8.302	69.478	0.906	1.182	0.846	0.871
13	44	27.023	10.877	4	43	26.385	2690	114	8	9	8.954	6.257	52.718	0.794	1.431	0.699	0.807
14	38	38.947	12.029	13	60	24.971	1028	116	8	8	9.638	5.020	51.794	0.766	1.920	0.521	0.817
15	1208	26.605	13.847	0	73	159.338	3185	117	46	43	48.780	31.531	45.554	0.598	1.547	0.646	0.877
16	216	40.486	18.695	4	97	57.355	2882	135	18	17	17.181	16.007	11.853	0.825	1.073	0.932	0.874
17	35	33.086	12.885	8	57	22.728	1068	144	8	6	7.391	6.030	178.400	0.851	1.226	0.816	0.875
18	36	22.917	12.514	1	44	23.556	819	151	6	9	9.057	5.061	79.082	0.815	1.790	0.559	0.818
19	300	74.793	24.080	4	127	64.770	1833	161	18	22	21.382	17.864	75.686	0.899	1.197	0.835	0.922
20	37	15.676	7.842	5	33	24.971	504	170	8	8	9.942	4.739	50.883	0.746	2.098	0.477	0.813
21	68	33.544	10.440	9	60	31.556	2170	173	9	10	11.215	7.720	56.794	0.858	1.453	0.688	0.883
22	21	20.286	7.862	7	35	22.142	2311	177	6	7	7.097	3.768	63.843	0.538	1.884	0.531	0.646
23	1225	53.161	28.286	0	135	138.225	3319	181	41	40	41.980	37.154	12.983	0.806	1.130	0.885	0.930
24	5537	30.585	16.238	0	90	435.061	3921	184	78	158	146.488	48.126	62.317	0.368	3.044	0.329	0.873
25	146	12.527	7.456	0	36	120.711	9	195	20	20	18.257	10.182	25.594	0.126	1.793	0.558	0.502
26	96	30.510	13.986	0	59	37.799	3944	196	11	12	12.842	9.518	51.246	0.844	1.349	0.741	0.881
27	2035	46.893	26.026	0	141	195.966	2994	197	52	59	60.504	42.825	61.381	0.666	1.413	0.708	0.901
28	50	24.520	10.985	7	50	26.971	1736	200	9	8	9.873	6.448	33.063	0.864	1.531	0.653	0.877
29	1141	14.137	7.804	0	47	220.309	2225	201	43	43	39.400	36.872	4.331	0.295	1.069	0.936	0.770
30	109	56.312	16.744	13	95	40.627	326	220	14	11	14.336	9.681	163.829	0.830	1.481	0.675	0.872
31	19	15.158	9.465	3	38	19.314	3254	235	6	6	6.014	4.023	38.802	0.640	1.495	0.669	0.717
32	92	33.239	14.990	3	72	42.284	1686	238	12	15	16.914	6.925	55.221	0.647	2.442	0.409	0.825
33	158	52.342	22.560	7	105	52.042	3677	257	11	20	19.519	10.306	84.242	0.733	1.894	0.528	0.893
34	318	16.623	9.166	1	47	75.598	1061	269	24	21	22.825	17.739	17.114	0.699	1.287	0.777	0.836
35	77	44.649	14.304	6	70	34.627	1900	273	10	12	12.858	7.625	48.471	0.807	1.686	0.593	0.856
36	392	54.579	20.655	6	109	94.669	106	277	21	30	25.810	19.338	94.541	0.550	1.335	0.749	0.828
37	584	38.235	18.894	0	94	99.740	160	282	29	30	33.204	22.394	46.370	0.738	1.483	0.674	0.892
38	19	17.053	8.916	2	37	20.971	2314	283	7	7	8.244	2.935	44.401	0.543	2.809	0.356	0.655
39	19	19.632	9.263	1	34	22.142	1821	289	6	7	6.677	3.623	49.630	0.487	1.843	0.543	0.603
40	115	13.070	7.028	1	36	71.012	2423	293	22	17	14.271	10.260	20.818	0.287	1.391	0.719	0.505
41	71	37.930	18.752	2	76	37.213	325	302	14	9	15.252	5.927	25.209	0.644	2.573	0.389	0.830
42	26	13.385	5.254	3	25	22.728	1804	302	8	6	8.503	3.893	19.729	0.633	2.184	0.458	0.732
43	48	24.375	11.083	0	44	32.385	1106	303	10	10	9.903	6.171	32.528	0.575	1.605	0.623	0.691
44	33	19.303	7.792	7	39	28.385	1345	304	8	10	9.615	4.370	49.677	0.515	2.200	0.454	0.688
45	27	15.074	5.615	4	24	25.556	2421	305	7	6	7.084	4.853	15.690	0.519	1.460	0.685	0.684
46	3898	55.861	35.002	0	175	284.877	319	307	84	82	100.706	49.283	47.786	0.604	2.043	0.489	0.889
47	701	19.151	9.269	0	52	160.225	1	311	21	57	51.289	17.402	87.136	0.343	2.947	0.339	0.827
48	188	32.287	13.465	0	74	58.184	205	312	18	17	17.119	13.983	35.655	0.698	1.224	0.817	0.810
49	62	17.726	9.081	2	46	36.971	3396	315	9	12	12.182	6.480	64.413	0.570	1.880	0.532	0.747
50	127	25.031	10.817	2	62	63.941	2513	319	22	16	22.379	7.226	39.434	0.390	3.097	0.323	0.686
51	40	23.425	14.049	0	48	29.556	158	341	9	7	7.337	6.942	35.957	0.575	1.057	0.946	0.741
52	1051	24.371	12.303	0	64	197.723	2720	365	48	54	59.072	22.653	47.068	0.338	2.608	0.383	0.776
53	96	26.833	14.956	1	59	59.598	1945	366	21	15	23.256	5.256	30.058	0.340	4.425	0.226	0.662
54	36	18.500	9.095	0	33	36.627	3326	371	8	11	8.011	5.722	101.636	0.337	1.400	0.714	0.550
55	3417	44.903	23.295	0	122	319.463	2422	379	75	83	85.100	51.124	117.827	0.421	1.665	0.601	0.775
56	2448	19.052	9.866	0	58	313.990	3789	379	67	67	63.205	49.314	39.750	0.312	1.282	0.780	0.808
57	1048	52.673	29.635	1	124	135.154	3962	379	37	38	43.142	30.930	40.989	0.721	1.395	0.717	0.914
58	765	55.288	30.053	0	151	133.196	400	380	38	43	49.571	19.649	51.033	0.542	2.523	0.396	0.840
59	105	56.467	16.001	12	90	40.042	741	389	12	13	14.356	9.313	50.873	0.823	1.542	0.649	0.871
60	329	20.410	10.841	2	65	91.154	3569	390	28	27	31.740	13.198	48.743	0.498	2.405	0.416	0.775
61	208	19.846	9.313	1	41	92.326	146	396	27	18	25.800	10.265	161.391	0.307	2.513	0.398	0.653
62	286	34.706	16.630	3	93	78.426	3476	398	25	17	23.685	15.375	9.251	0.584	1.541	0.649	0.809
63	166	49.211	24.451	6	107	62.184	1275	401	22	12	21.404	9.875	177.653	0.539	2.168	0.461	0.755
64	585	28.012	13.532	0	75	124.953	1895	418	33	40	44.515	16.732	55.376	0.471	2.660	0.376	0.806
65	28	19.286	10.687	2	39	20.142	3501	424	7	6	7.635	4.669	36.971	0.867	1.635	0.612	0.848
66	106	39.755	17.947	2	73	44.284	1445	428	12	16	17.685	7.632	59.747	0.679	2.317	0.432	0.825
67	240	14.867	8.283	1	38	81.012	1689	428	20	20	23.050	13.257	41.582	0.460	1.739	0.575	0.801
68	323	55.960	19.181	4	101	77.255	1528	430	23	20	22.992	17.887	34.985	0.680	1.285	0.778	0.869
69	63	28.651	11.789	7	59	34.042	531	434	10	12	9.969	8.047	121.568	0.683	1.239	0.807	0.754
70	18	21.389	9.294	4	34	17.314	445	449	5	6	6.348	3.610	61.991	0.755	1.758	0.569	0.766
71	125	14.648	8.811	0	42	76.184	3593	454	20	21	20.862	7.629	45.683	0.271	2.734	0.366	0.515
72	73	41.110	18.755	4	86	32.385	3905	472	9	11	11.994	7.749	62.333	0.875	1.548	0.646	0.885
73	37	34.730	11.594	12	53	24.385	607	479	8	8	8.230	5.724	51.322	0.782	1.438	0.696	0.779
74	74	36.838	10.127	8	58	33.799	3607	490	11	9	10.657	8.841	166.860	0.814	1.205	0.830	0.855
75	51	30.510	10.445	4	55	27.213	1730	491	8	10	10.008	6.488	62.180	0.865	1.542	0.648	0.843
76	68	24.074	8.918	7	52	34.971	2496	507	11	10	11.234	7.707	47.191	0.699	1.458	0.686	0.805
77	32	27.438	9.932	11	50	20.971	3588	512	8	6	7.044	5.784	163.112	0.914	1.218	0.821	0.831
78	622	55.622	26.819	2	134	121.539	2105	514	39	36	46.847	16.905	45.583	0.529	2.771	0.361	0.833
79	54	44.963	18.103	5	73	29.556	824	522	8	10	9.703	7.086	81.160	0.777	1.369	0.730	0.818
80	73	29.534	13.762	6	66	39.213	2634	529	7	16	14.292	6.503	82.478	0.597	2.198	0.455	0.825
81	1408	47.360	22.010	1	119	189.823	1723	531	58	47	59.822	29.968	31.406	0.491	1.996	0.501	0.845
82	363	33.006	16.702	3	78	98.569	3876	533	27	22	24.757	18.669	169.144	0.470	1.326	0.754	0.748
83	178	26.910	16.473	1	72	69.841	994	535	19	22	21.018	10.783	62.021	0.459	1.949	0.513	0.721
84	2512	29.561	13.684	1	79	256.836	131	541	46	83	81.710	39.143	79.019	0.479	2.087	0.479	0.828
85	18	16.500	7.031	3	27	22.728	2808	541	7	6	5.577	4.110	55.036	0.438	1.357	0.737	0.571
86	662	15.292	8.546	0	50	176.510	3610	546	33	41	42.153	19.996	57.659	0.267	2.108	0.474	0.725
87	218	14.986	7.841	2	42	86.326	1301	559	20	21	20.469	13.560	60.415	0.368	1.510	0.662	0.702
88	2415	56.751	39.788	0	169	212.451	3100	561	58	73	75.571	40.688	56.493	0.672	1.857	0.538	0.922
89	1058	31.003	16.035	1	82	158.752	662	570	36	44	41.773	32.248	101.107	0.528	1.295	0.772	0.854
90	60	25.983	11.392	4	48	31.556	1528	595	9	10	11.260	6.784	56.000	0.757	1.660	0.602	0.828
91	320	54.859	21.577	5	105	86.912	2204	602	29	17	29.287	13.912	174.254	0.532	2.105	0.475	0.770
92	5612	32.523	17.297	0	98	384.919	3451	627	111	75	107.917	66.212	176.868	0.476	1.630	0.614	0.861
93	54	34.833	10.888	5	56	28.385	1342	634	9	9	10.584	6.496	44.167	0.842	1.629	0.614	0.864
94	132	19.371	9.678	0	50	65.598	3071	648	21	15	19.232	8.739	18.740	0.385	2.201	0.454	0.679
95	3814	17.965	9.147	0	65	380.132	297	649	84	68	78.072	62.201	20.276	0.332	1.255	0.797	0.861
96	176	36.761	15.469	2	69	52.870	1202	662	14	18	19.177	11.685	62.500	0.791	1.641	0.609	0.880
97	5001	40.297	26.999	0	133	337.161	2423	682	94	95	105.653	60.268	45.381	0.553	1.753	0.570	0.889
98	41	23.317	6.559	3	34	26.142	1793	699	7	9	9.163	5.697	61.650	0.754	1.609	0.622	0.837
99	24	24.333	10.453	3	45	20.728	1593	704	6	7	7.597	4.022	46.805	0.702	1.889	0.529	0.762
100	17	11.824	7.002	3	24	15.314	961	711	5	5	6.139	3.526	142.989	0.911	1.741	0.574	0.850
101	96	28.292	12.594	4	55	40.870	1319	711	12	14	14.847	8.232	59.329	0.722	1.804	0.554	0.814
102	777	15.674	7.851	0	43	180.510	3343	714	34	42	38.617	25.619	60.362	0.300	1.507	0.663	0.755
103	112	34.446	13.139	7	63	47.456	602	729	11	18	16.314	8.741	65.074	0.625	1.866	0.536	0.812
104	100	27.690	11.092	0	48	43.456	3569	729	15	11	12.935	9.843	3.145	0.665	1.314	0.761	0.794
105	34	10.824	5.854	2	26	38.142	1529	739	4	16	12.587	3.439	86.884	0.294	3.660	0.273	0.636
106	62	43.048	14.419	4	77	32.042	684	740	9	12	9.864	8.003	88.261	0.759	1.232	0.811	0.816
107	22	26.273	10.048	9	43	19.556	1065	740	5	7	6.872	4.076	70.727	0.723	1.686	0.593	0.772
108	480	36.465	17.325	0	83	109.740	1605	741	30	31	30.194	20.241	58.669	0.501	1.492	0.670	0.774
109	4174	30.098	16.096	0	103	409.688	334	753	105	99	111.116	47.828	45.920	0.313	2.323	0.430	0.730
110	173	79.595	20.908	25	129	50.527	1198	755	16	15	15.119	14.569	3.990	0.852	1.038	0.964	0.883
111	1004	16.036	8.738	0	51	215.380	2065	763	37	48	48.501	26.357	59.178	0.272	1.840	0.543	0.768
112	5020	40.381	26.350	0	133	326.534	3651	765	95	86	110.132	58.036	34.075	0.592	1.898	0.527	0.917
113	27	19.481	9.423	2	37	20.142	1945	771	6	7	7.288	4.717	112.286	0.836	1.545	0.647	0.818
114	423	48.598	16.596	2	92	98.225	3379	773	23	33	30.191	17.839	106.057	0.551	1.692	0.591	0.782
115	4090	47.196	32.038	0	143	290.735	1767	776	81	73	82.610	63.038	30.804	0.608	1.310	0.763	0.896
116	40	30.100	12.446	13	63	27.556	714	785	8	9	7.164	7.109	143.909	0.662	1.008	0.992	0.741
117	820	49.160	23.787	1	119	123.054	2566	797	33	38	34.498	30.264	93.509	0.681	1.140	0.877	0.875
118	435	11.533	6.238	0	31	195.723	2837	806	32	33	23.944	23.131	110.305	0.143	1.035	0.966	0.585
119	704	25.473	13.648	0	70	139.196	3716	835	45	36	45.967	19.500	34.052	0.457	2.357	0.424	0.787
120	777	56.915	21.535	4	102	110.569	3307	837	32	32	32.012	30.905	131.919	0.799	1.036	0.965	0.924
121	71	20.507	9.767	1	39	36.627	141	840	10	13	11.806	7.657	87.091	0.665	1.542	0.649	0.751
122	195	22.103	10.323	2	52	84.083	1154	841	21	21	25.627	9.688	45.582	0.347	2.645	0.378	0.710
123	340	22.959	11.792	1	58	79.255	3835	853	22	24	21.931	19.740	54.861	0.680	1.111	0.900	0.847
124	67	26.090	10.135	2	48	34.971	3543	865	11	9	10.965	7.780	172.319	0.688	1.409	0.709	0.802
125	87	28.770	11.581	6	57	37.456	134	875	11	13	11.860	9.340	87.742	0.779	1.270	0.788	0.825
126	115	29.052	14.270	3	66	52.870	2703	879	13	18	18.891	7.751	59.745	0.517	2.437	0.410	0.747
127	391	10.928	6.457	0	39	186.652	3130	879	34	35	28.200	17.654	123.559	0.141	1.597	0.626	0.520
128	258	17.159	8.274	1	43	69.355	2786	884	19	21	23.661	13.883	49.037	0.674	1.704	0.587	0.850
129	47	26.574	8.902	5	41	27.799	668	885	8	10	10.097	5.927	57.851	0.764	1.704	0.587	0.783
130	16	12.375	6.313	2	24	17.899	3169	889	5	6	5.394	3.777	124.948	0.628	1.428	0.700	0.696
131	26	12.500	8.194	2	34	23.556	3164	897	10	5	10.044	3.296	162.626	0.589	3.047	0.328	0.732
132	70	23.771	12.472	2	59	38.627	703	899	11	12	10.840	8.222	148.519	0.590	1.318	0.758	0.722
133	223	33.991	13.864	3	68	61.941	2516	906	22	16	20.892	13.591	20.412	0.730	1.537	0.651	0.863
134	23	8.565	3.355	3	15	23.899	3160	906	10	4	9.258	3.163	6.490	0.506	2.927	0.342	0.754
135	52	24.981	11.311	6	55	30.042	2289	912	11	8	9.650	6.861	10.597	0.724	1.406	0.711	0.759
136	302	20.851	10.553	0	58	93.154	3116	916	27	27	29.743	12.928	43.378	0.437	2.301	0.435	0.746
137	17	12.824	6.347	4	28	23.556	3154	917	6	8	7.579	2.856	57.705	0.385	2.654	0.377	0.557
138	4799	34.189	19.081	0	108	383.546	2943	928	108	91	104.621	58.404	26.462	0.410	1.791	0.558	0.804
139	1109	17.197	12.051	0	84	208.551	977	936	38	47	42.516	33.211	73.945	0.320	1.280	0.781	0.814
140	537	50.317	19.539	4	99	122.953	3401	936	37	39	48.851	13.996	45.373	0.446	3.490	0.287	0.801
141	2120	15.751	8.822	0	58	318.777	1614	944	57	62	60.018	44.974	60.575	0.262	1.334	0.749	0.808
142	107	31.000	12.963	4	67	43.698	927	979	14	14	12.326	11.053	151.039	0.704	1.115	0.897	0.781
143	679	23.124	11.998	0	65	130.468	3314	979	30	37	32.138	26.900	84.901	0.501	1.195	0.837	0.829
144	686	32.274	14.588	0	76	120.711	1585	1008	37	33	39.210	22.276	39.584	0.592	1.760	0.568	0.862
145	73	44.822	18.727	2	79	39.213	3149	1011	11	12	12.200	7.619	45.929	0.597	1.601	0.625	0.777
146	249	44.586	18.492	2	89	71.255	406	1028	23	22	24.803	12.782	39.301	0.616	1.940	0.515	0.826
147	881	14.849	7.799	0	47	208.309	571	1033	40	41	40.398	27.767	36.333	0.255	1.455	0.687	0.724
148	727	36.600	16.757	1	86	129.054	529	1036	34	31	32.995	28.054	10.165	0.549	1.176	0.850	0.840
149	53	25.943	12.868	2	55	31.799	3394	1058	10	10	12.327	5.474	37.547	0.659	2.252	0.444	0.757
150	21	10.095	4.636	4	18	24.142	2839	1065	9	6	6.756	3.957	7.283	0.453	1.707	0.586	0.575
151	62	22.839	9.233	2	50	32.971	3076	1066	12	8	12.181	6.481	15.587	0.717	1.880	0.532	0.832
152	114	31.316	13.573	3	66	48.284	2630	1068	14	14	13.809	10.511	47.845	0.614	1.314	0.761	0.784
153	92	12.728	6.925	1	30	63.113	2833	1073	18	13	12.331	9.499	129.586	0.290	1.298	0.770	0.554
154	36	18.639	6.681	7	37	35.213	2849	1073	8	12	10.741	4.267	114.260	0.365	2.517	0.397	0.526
155	32	9.062	5.406	0	18	32.385	2842	1088	13	7	13.807	2.951	22.620	0.383	4.679	0.214	0.634
156	20	22.800	11.755	0	43	20.728	591	1102	5	8	6.041	4.215	72.446	0.585	1.433	0.698	0.678
157	75	34.120	13.148	5	69	36.627	1195	1116	12	11	13.385	7.134	42.487	0.703	1.876	0.533	0.806
158	108	53.648	16.130	5	87	38.385	3606	1123	13	10	13.596	10.114	15.622	0.921	1.344	0.744	0.935
159	693	50.965	28.106	1	130	119.296	3304	1125	41	29	44.890	19.656	24.379	0.612	2.284	0.438	0.887
160	288	36.708	16.264	0	97	70.184	293	1133	22	18	21.465	17.084	13.851	0.735	1.256	0.796	0.886
161	3168	24.748	11.766	0	82	361.546	443	1133	82	75	80.260	50.257	43.208	0.305	1.597	0.626	0.786
162	35	14.257	6.109	3	27	26.385	517	1134	9	7	9.544	4.669	160.561	0.632	2.044	0.489	0.722
163	727	13.560	7.836	0	43	194.652	2717	1139	34	41	37.280	24.830	56.319	0.241	1.501	0.666	0.705
164	123	56.333	15.682	18	110	42.284	3517	1139	12	15	15.117	10.360	62.002	0.864	1.459	0.685	0.895
165	807	41.159	17.025	1	89	137.439	651	1142	41	38	46.938	21.891	143.862	0.537	2.144	0.466	0.814
166	43	23.302	11.552	1	41	26.385	22	1152	9	8	9.396	5.827	36.039	0.776	1.612	0.620	0.819
167	248	52.347	18.163	6	100	62.284	345	1158	16	21	21.460	14.714	77.275	0.803	1.458	0.686	0.894
168	23	24.826	7.715	12	38	19.314	1898	1167	5	7	6.642	4.409	85.953	0.775	1.506	0.664	0.807
169	1151	15.959	8.583	0	49	215.865	557	1168	43	45	41.547	35.273	55.157	0.310	1.178	0.849	0.768
170	352	40.256	16.407	5	84	81.983	812	1169	22	25	28.317	15.827	53.369	0.658	1.789	0.559	0.879
171	44	23.545	11.080	7	51	29.213	1887	1172	10	9	8.406	6.664	45.924	0.648	1.261	0.793	0.721
172	51	25.137	10.555	4	55	30.385	787	1187	10	8	9.721	6.680	177.859	0.694	1.455	0.687	0.785
173	299	14.127	8.034	1	40	106.569	2864	1190	24	25	25.839	14.733	46.897	0.331	1.754	0.570	0.715
174	25	15.440	8.145	5	32	20.971	310	1192	7	7	7.400	4.302	38.076	0.714	1.720	0.581	0.704
175	326	28.641	12.525	1	66	80.669	2026	1198	24	24	26.938	15.409	40.214	0.630	1.748	0.572	0.828
176	97	34.247	12.579	5	62	39.213	85	1202	13	11	13.811	8.942	25.709	0.793	1.544	0.647	0.858
177	592	57.139	22.036	4	135	116.225	652	1206	24	36	37.604	20.045	76.523	0.551	1.876	0.533	0.848
178	27	17.148	7.877	3	29	22.142	1066	1213	5	9	8.962	3.836	68.023	0.692	2.336	0.428	0.831
179	407	55.678	22.431	3	124	84.083	3207	1214	26	24	24.849	20.854	16.538	0.723	1.192	0.839	0.863
180	137	34.161	14.523	3	74	52.284	2708	1217	14	16	14.027	12.436	111.456	0.630	1.128	0.887	0.781
181	8267	26.100	13.209	0	81	481.328	1230	1230	117	125	140.804	74.755	48.661	0.448	1.884	0.531	0.907
182	37	20.865	9.821	7	53	23.556	3577	1234	7	8	7.951	5.925	115.858	0.838	1.342	0.745	0.822
183	29	28.103	9.313	10	50	20.971	884	1246	7	7	6.370	5.797	76.207	0.829	1.099	0.910	0.806
184	157	31.599	12.959	2	58	61.355	3007	1250	16	21	19.024	10.508	125.376	0.524	1.810	0.552	0.729
185	531	54.132	24.721	6	122	107.983	2831	1261	27	33	33.079	20.438	55.059	0.572	1.618	0.618	0.838
186	591	34.970	16.668	0	94	118.811	1798	1264	35	34	38.836	19.376	143.360	0.526	2.004	0.499	0.784
187	242	52.802	19.325	8	110	67.012	1870	1287	18	22	24.238	12.712	53.946	0.677	1.907	0.524	0.854
188	72	17.097	8.504	1	37	47.113	842	1304	10	14	11.579	7.917	87.499	0.408	1.463	0.684	0.652
189	661	42.809	22.256	0	111	109.640	3310	1344	36	29	33.882	24.840	15.903	0.691	1.364	0.733	0.878
190	3170	19.245	9.482	0	55	277.220	1823	1346	69	68	71.229	56.665	46.373	0.518	1.257	0.796	0.896
191	18272	37.649	23.544	0	135	917.259	3078	1349	232	253	280.586	82.914	46.175	0.273	3.384	0.296	0.730
192	608	32.806	16.636	2	89	125.539	2276	1351	29	40	37.111	20.860	59.349	0.485	1.779	0.562	0.782
193	574	15.596	9.226	0	50	148.953	1546	1362	34	40	42.358	17.254	49.010	0.325	2.455	0.407	0.743
194	595	46.716	20.179	3	106	115.882	2882	1362	28	42	43.989	17.222	57.716	0.557	2.554	0.392	0.866
195	1565	34.433	27.733	0	119	281.907	312	1364	40	76	73.891	26.967	75.353	0.247	2.740	0.365	0.751
196	465	35.748	17.672	1	76	116.468	279	1367	28	34	33.892	17.469	58.627	0.431	1.940	0.515	0.747
197	16	11.312	7.525	4	29	23.556	2164	1378	7	8	8.072	2.524	120.700	0.362	3.199	0.313	0.508
198	82	22.427	10.434	3	49	34.971	1281	1380	9	12	12.491	8.359	98.739	0.843	1.494	0.669	0.886
199	2911	36.384	18.047	0	97	514.458	2422	1381	71	146	117.925	31.430	73.722	0.138	3.752	0.267	0.492
200	347	46.654	18.191	1	92	78.426	636	1383	21	25	26.441	16.710	66.315	0.709	1.582	0.632	0.870
201	534	17.109	8.603	1	50	140.853	2326	1391	32	35	36.437	18.660	52.529	0.338	1.953	0.512	0.714
202	1064	17.738	10.729	0	62	200.066	1769	1393	42	49	50.223	26.974	61.662	0.334	1.862	0.537	0.752
203	1708	32.212	15.580	1	93	218.108	2354	1397	61	59	62.462	34.816	48.949	0.451	1.794	0.557	0.812
204	849	46.525	20.105	2	118	124.711	1579	1403	36	36	41.501	26.047	49.144	0.686	1.593	0.628	0.897
205	967	33.749	15.581	1	81	141.439	1009	1409	37	44	44.368	27.750	54.649	0.607	1.599	0.625	0.863
206	713	18.042	9.011	0	53	126.953	2741	1421	33	38	35.392	25.650	66.011	0.556	1.380	0.725	0.832
207	866	14.544	7.978	0	53	176.409	838	1423	41	37	38.994	28.277	29.722	0.350	1.379	0.725	0.781
208	270	48.563	20.472	2	90	77.012	1836	1427	20	24	23.283	14.765	131.661	0.572	1.577	0.634	0.799
209	328	55.482	17.090	4	107	71.012	643	1429	19	25	23.661	17.650	94.058	0.817	1.341	0.746	0.897
210	812	43.142	17.955	2	104	166.267	1193	1439	52	37	57.113	18.102	27.872	0.369	3.155	0.317	0.730
211	267	29.614	13.479	1	69	73.255	1049	1462	20	23	23.355	14.556	56.128	0.625	1.605	0.623	0.810
212	124	38.992	11.816	3	67	46.627	3147	1477	12	15	15.031	10.504	75.404	0.717	1.431	0.699	0.816
213	222	55.905	19.940	7	101	63.598	3126	1495	19	21	24.099	11.729	52.570	0.690	2.055	0.487	0.862
214	730	39.803	16.118	2	86	137.782	1026	1498	31	48	51.030	18.214	64.885	0.483	2.802	0.357	0.803
215	30	19.533	8.312	4	40	20.728	1110	1501	6	7	6.876	5.555	118.179	0.877	1.238	0.808	0.833
216	28	14.179	9.294	3	39	22.142	186	1503	5	8	8.189	4.354	86.447	0.718	1.881	0.532	0.789
217	99	31.525	13.775	5	67	40.042	740	1509	13	12	12.352	10.205	48.916	0.776	1.210	0.826	0.839
218	1173	42.000	23.426	0	118	211.279	2421	1522	50	68	75.149	19.874	61.902	0.330	3.781	0.264	0.701
219	387	57.444	23.495	4	121	82.912	96	1527	21	28	27.384	17.994	80.872	0.707	1.522	0.657	0.858
220	685	37.764	17.228	2	99	115.054	1307	1537	38	28	36.151	24.126	162.622	0.650	1.498	0.667	0.878
221	55	35.291	12.236	12	55	28.385	1070	1538	9	9	9.758	7.176	40.443	0.858	1.360	0.735	0.833
222	50	46.680	18.704	7	93	29.213	1753	1544	9	10	11.115	5.727	53.121	0.736	1.941	0.515	0.813
223	456	36.678	17.914	2	90	113.296	2839	1549	24	40	42.109	13.788	63.855	0.446	3.054	0.327	0.740
224	39	24.513	9.119	9	37	24.142	850	1551	8	7	7.224	6.874	73.592	0.841	1.051	0.952	0.839
225	1172	32.657	17.217	0	94	198.451	1340	1560	47	51	53.569	27.856	50.890	0.374	1.923	0.520	0.782
226	1221	44.212	24.284	2	121	196.309	1597	1568	42	65	59.492	26.132	60.117	0.398	2.277	0.439	0.759
227	165	29.188	11.444	1	64	54.184	847	1569	16	17	15.883	13.227	82.081	0.706	1.201	0.833	0.821
228	24	25.750	10.351	6	45	19.899	1	1581	4	8	7.472	4.090	83.552	0.762	1.827	0.547	0.873
229	900	40.820	18.945	1	108	183.723	3507	1607	46	40	45.237	25.332	144.019	0.335	1.786	0.560	0.731
230	7648	38.335	36.227	0	146	374.274	470	1637	117	103	109.282	89.106	15.465	0.686	1.226	0.815	0.932
231	447	35.566	17.283	2	84	93.983	3620	1641	33	22	33.817	16.830	20.703	0.636	2.009	0.498	0.869
232	17	19.353	7.176	9	34	15.314	207	1645	5	5	6.047	3.580	39.394	0.911	1.689	0.592	0.872
233	24	18.458	8.713	1	36	25.556	2098	1646	5	10	9.004	3.394	72.380	0.462	2.653	0.377	0.658
234	24	17.083	5.702	7	30	21.799	3826	1648	8	7	7.415	4.121	37.441	0.635	1.799	0.556	0.686
235	73	23.534	10.741	1	56	38.042	2665	1649	12	10	11.579	8.027	20.379	0.634	1.443	0.693	0.777
236	541	27.163	13.515	2	66	112.953	2365	1655	32	33	35.874	19.201	53.540	0.533	1.868	0.535	0.826
237	83	10.795	5.302	0	26	55.113	247	1666	8	19	17.444	6.058	82.338	0.343	2.879	0.347	0.675
238	31	35.290	10.749	14	53	21.556	1960	1669	6	8	7.991	4.939	60.082	0.838	1.618	0.618	0.838
239	30	8.600	6.061	0	22	28.385	256	1671	9	8	6.733	5.673	148.094	0.468	1.187	0.843	0.606
240	29	10.310	5.947	2	23	28.385	254	1679	9	8	8.714	4.237	38.937	0.452	2.056	0.486	0.617
241	21	14.333	6.175	2	26	20.971	241	1681	6	8	7.406	3.610	118.221	0.600	2.051	0.487	0.656
242	2024	19.167	9.569	0	58	219.037	3867	1689	53	61	66.090	38.993	56.164	0.530	1.695	0.590	0.882
243	108	52.843	14.997	8	80	40.627	1164	1690	12	13	13.773	9.984	54.885	0.822	1.380	0.725	0.882
244	429	47.147	25.075	1	115	101.983	2313	1713	22	33	29.078	18.784	90.204	0.518	1.548	0.646	0.800
245	46	32.130	10.225	7	59	29.213	890	1722	9	9	8.899	6.582	27.669	0.677	1.352	0.740	0.736
246	41	18.829	8.640	1	39	28.385	3279	1728	9	9	10.611	4.920	49.084	0.639	2.157	0.464	0.745
247	255	35.161	15.206	1	80	69.355	1729	1731	19	23	20.870	15.557	60.153	0.666	1.341	0.745	0.847
248	2124	43.908	23.667	2	121	199.380	2441	1732	53	61	55.384	48.829	54.314	0.671	1.134	0.882	0.908
249	149	24.215	10.938	6	52	62.184	2586	1742	12	23	21.524	8.814	89.825	0.484	2.442	0.410	0.751
250	26	16.692	7.265	4	31	25.556	1292	1747	6	9	8.276	4.000	115.912	0.500	2.069	0.483	0.684
251	891	25.625	12.521	1	73	145.196	16	1751	36	43	42.657	26.595	62.075	0.531	1.604	0.623	0.851
252	263	12.357	6.733	0	32	167.095	1604	1754	35	30	22.291	15.022	24.574	0.118	1.484	0.674	0.417
253	26	11.808	7.283	2	25	28.971	1630	1761	9	6	7.342	4.509	21.850	0.389	1.628	0.614	0.605
254	327	67.872	25.212	8	116	68.770	711	1772	20	21	21.232	19.609	115.139	0.869	1.083	0.924	0.922
255	82	21.317	8.780	1	35	35.799	396	1777	11	11	10.982	9.507	73.555	0.804	1.155	0.866	0.859
256	1887	26.734	12.690	0	63	221.622	3558	1789	51	61	60.035	40.020	56.144	0.483	1.500	0.667	0.859
257	198	56.162	23.111	0	110	61.941	1853	1795	17	20	22.216	11.347	54.185	0.649	1.958	0.511	0.843
258	50	24.760	10.705	2	52	34.627	3814	1799	12	9	10.493	6.067	16.500	0.524	1.730	0.578	0.671
259	59	17.356	7.974	2	32	31.799	3631	1802	9	10	10.456	7.184	59.847	0.733	1.455	0.687	0.797
260	25	17.800	8.367	5	35	20.485	1338	1803	4	8	7.614	4.181	77.551	0.749	1.821	0.549	0.909
261	41	14.902	7.200	1	29	24.971	2513	1803	8	7	7.832	6.665	36.825	0.826	1.175	0.851	0.828
262	663	26.688	12.553	1	67	149.095	1041	1807	45	38	49.913	16.913	33.140	0.375	2.951	0.339	0.713
263	140	61.043	17.747	6	93	50.284	2441	1809	14	16	15.423	11.557	52.842	0.696	1.335	0.749	0.821
264	6289	39.412	31.566	0	151	474.943	3331	1812	87	142	137.202	58.362	65.618	0.350	2.351	0.425	0.797
265	63	31.762	9.280	5	51	32.627	2109	1815	9	12	11.327	7.082	63.668	0.744	1.599	0.625	0.829
266	1347	31.589	17.138	0	93	238.108	630	1818	55	75	79.818	21.487	51.994	0.299	3.715	0.269	0.717
267	3254	41.967	23.791	1	139	348.475	898	1849	84	110	127.596	32.471	59.145	0.337	3.930	0.254	0.766
268	53	34.283	11.110	8	64	26.971	3900	1852	8	9	9.672	6.977	61.174	0.916	1.386	0.721	0.883
269	182	46.396	15.291	7	98	54.042	3311	1868	13	19	19.832	11.685	73.609	0.783	1.697	0.589	0.883
270	80	40.663	14.545	8	70	38.284	106	1869	12	13	14.894	6.839	50.830	0.686	2.178	0.459	0.804
271	69	42.841	18.808	4	87	37.799	334	1873	15	8	14.645	5.999	25.353	0.607	2.441	0.410	0.807
272	130	22.838	11.114	2	46	64.770	1806	1874	14	22	18.515	8.940	123.019	0.389	2.071	0.483	0.670
273	274	40.869	14.318	3	86	74.426	2992	1882	18	26	27.365	12.749	60.857	0.622	2.147	0.466	0.867
274	23	14.870	8.465	4	35	20.142	913	1883	7	6	6.902	4.243	148.886	0.712	1.627	0.615	0.754
275	410	36.283	15.365	4	92	106.225	1829	1885	30	26	23.426	22.284	127.822	0.457	1.051	0.951	0.737
276	183	42.497	14.745	15	95	58.527	2482	1900	18	16	18.517	12.583	38.442	0.671	1.472	0.680	0.830
277	3536	18.804	9.709	0	61	349.647	802	1909	63	81	76.848	58.586	86.073	0.363	1.312	0.762	0.846
278	778	17.129	8.760	0	53	131.296	3608	1933	33	36	38.127	25.981	52.535	0.567	1.467	0.681	0.845
279	50	23.780	9.545	2	42	30.142	1060	1941	8	10	10.532	6.045	106.854	0.692	1.742	0.574	0.813
280	237	34.464	12.970	5	76	66.426	1091	1942	22	19	24.289	12.424	37.148	0.675	1.955	0.511	0.853
281	27	18.407	8.035	6	36	23.556	1058	1951	7	8	6.912	4.974	59.369	0.611	1.390	0.720	0.720
282	822	45.038	20.881	4	101	140.368	207	1952	34	42	39.000	26.836	80.020	0.524	1.453	0.688	0.801
283	56	23.946	10.702	4	57	47.941	869	1959	10	15	10.671	6.682	102.920	0.306	1.597	0.626	0.574
284	267	47.839	20.644	4	102	82.912	2825	1959	24	24	25.772	13.191	49.430	0.488	1.954	0.512	0.759
285	2581	18.386	9.303	0	59	259.321	2755	1963	70	62	73.277	44.847	36.260	0.482	1.634	0.612	0.867
286	7346	41.529	24.295	0	130	478.801	2949	1965	112	126	110.070	84.975	53.072	0.403	1.295	0.772	0.783
287	1430	34.860	18.268	1	88	165.924	1595	1977	38	59	55.749	32.659	74.529	0.653	1.707	0.586	0.899
288	1807	29.781	14.742	0	81	208.551	3929	1986	53	64	70.451	32.657	49.858	0.522	2.157	0.464	0.866
289	126	47.159	14.201	15	88	44.870	3885	1987	15	13	13.877	11.561	42.109	0.786	1.200	0.833	0.857
290	3046	35.044	16.624	1	104	242.007	255	1993	72	64	74.468	52.080	31.194	0.654	1.430	0.699	0.920
291	46	22.978	10.864	3	52	28.142	961	1996	6	11	10.608	5.521	86.086	0.730	1.921	0.520	0.829
292	21	11.905	8.117	0	26	19.899	3715	2007	4	7	7.704	3.471	97.044	0.666	2.220	0.451	0.808
293	172	37.965	11.223	2	69	50.627	3898	2007	14	16	18.097	12.101	54.529	0.843	1.495	0.669	0.915
294	38	16.474	7.381	2	32	40.385	2071	2036	11	10	10.439	4.635	58.218	0.293	2.252	0.444	0.507
295	115	37.365	12.440	7	66	42.627	1389	2039	11	15	14.079	10.400	79.473	0.795	1.354	0.739	0.852
296	7191	19.119	9.575	0	62	469.144	2341	2043	74	135	134.412	68.118	83.566	0.411	1.973	0.507	0.886
297	202	45.282	16.068	3	101	61.355	3310	2062	16	19	19.312	13.318	60.727	0.674	1.450	0.690	0.851
298	40	21.450	8.884	3	40	26.142	1191	2069	6	10	8.368	6.087	81.587	0.736	1.375	0.727	0.842
299	1744	23.363	12.764	0	79	240.007	97	2093	39	74	73.739	30.113	73.960	0.380	2.449	0.408	0.848
300	227	42.529	15.414	10	76	67.941	16	2096	18	20	18.659	15.490	90.848	0.618	1.205	0.830	0.814
301	2491	45.351	25.203	1	127	235.522	3175	2118	68	61	75.353	42.091	40.384	0.564	1.790	0.559	0.889
302	18	16.889	6.561	2	26	20.142	1490	2140	6	7	6.701	3.420	57.235	0.558	1.959	0.510	0.679
303	109	69.936	23.935	8	126	40.042	3282	2150	12	13	14.820	9.365	48.776	0.854	1.582	0.632	0.905
304	118	55.975	15.086	10	90	42.870	2566	2151	13	14	12.856	11.687	91.058	0.807	1.100	0.909	0.840
305	60	31.100	11.825	5	54	31.213	1939	2162	9	11	11.293	6.765	56.857	0.774	1.670	0.599	0.811
306	58	27.517	12.226	4	62	35.213	1484	2179	9	12	11.926	6.192	62.183	0.588	1.926	0.519	0.712
307	31	23.903	10.537	3	44	30.971	2849	2182	10	7	8.065	4.894	179.847	0.406	1.648	0.607	0.602
308	53	16.132	6.309	4	30	38.042	520	2184	11	12	12.646	5.336	47.283	0.460	2.370	0.422	0.667
309	1003	59.915	30.728	0	132	142.024	1217	2188	30	53	52.925	24.130	71.003	0.625	2.193	0.456	0.888
310	225	68.204	24.566	1	119	59.698	3566	2189	16	20	19.558	14.647	69.105	0.793	1.335	0.749	0.895
311	1704	22.272	10.888	0	69	229.522	735	2213	48	65	66.900	32.431	62.919	0.406	2.063	0.485	0.837
312	7832	43.043	27.108	0	165	468.558	96	2214	91	147	143.882	69.307	68.175	0.448	2.076	0.482	0.857
313	806	48.217	19.258	3	107	136.468	404	2221	46	29	45.994	22.312	20.265	0.544	2.061	0.485	0.865
314	57	26.509	11.500	2	50	31.556	2533	2224	9	10	9.427	7.698	33.104	0.719	1.225	0.817	0.797
315	99	31.818	16.406	5	62	41.456	1715	2241	14	12	15.793	7.982	36.486	0.724	1.979	0.505	0.815
316	38	19.789	8.024	7	37	25.314	187	2243	6	9	9.444	5.123	69.499	0.745	1.844	0.542	0.854
317	50	14.080	9.060	2	48	56.870	974	2243	15	10	11.289	5.639	159.219	0.194	2.002	0.500	0.461
318	2580	15.853	8.987	0	60	357.889	1525	2243	72	61	66.331	49.524	27.605	0.253	1.339	0.747	0.818
319	27	18.704	8.384	2	37	26.971	3915	2252	9	7	9.606	3.579	45.387	0.466	2.684	0.373	0.643
320	1273	37.798	21.129	1	120	166.752	1786	2257	33	61	61.731	26.256	76.771	0.575	2.351	0.425	0.865
321	17	15.471	8.345	4	34	19.899	971	2263	6	6	5.144	4.208	136.712	0.539	1.223	0.818	0.642
322	278	13.924	7.937	0	44	78.669	967	2267	23	20	23.086	15.332	28.320	0.564	1.506	0.664	0.791
323	18	8.889	6.201	0	24	18.142	2583	2278	7	5	5.764	3.976	41.596	0.687	1.450	0.690	0.706
324	47	14.298	7.098	1	30	34.870	3574	2285	12	10	10.632	5.628	36.097	0.486	1.889	0.529	0.635
325	37	32.270	12.745	10	63	27.213	554	2288	9	9	9.544	4.936	43.756	0.628	1.934	0.517	0.718
326	2732	53.190	29.558	0	141	280.534	2559	2292	53	97	93.773	37.095	73.154	0.436	2.528	0.396	0.807
327	425	46.421	24.287	4	118	93.154	814	2293	23	33	31.742	17.048	66.028	0.615	1.862	0.537	0.846
328	210	83.810	26.834	10	138	59.113	696	2297	19	16	21.879	12.221	35.080	0.755	1.790	0.559	0.890
329	103	28.049	13.593	0	70	50.527	1879	2318	13	16	13.723	9.556	58.880	0.507	1.436	0.696	0.710
330	1936	45.992	24.535	0	127	203.380	2445	2329	49	63	56.865	43.348	77.496	0.588	1.312	0.762	0.872
331	463	47.164	20.212	2	90	93.983	2739	2337	28	30	32.155	18.333	46.092	0.659	1.754	0.570	0.850
332	64	15.156	8.109	1	36	46.042	1799	2351	14	9	13.601	5.991	4.195	0.379	2.270	0.441	0.587
333	739	73.150	35.606	2	163	124.711	530	2358	32	41	38.918	24.177	64.496	0.597	1.610	0.621	0.856
334	769	61.237	26.690	2	139	114.225	568	2358	35	33	36.774	26.625	38.188	0.741	1.381	0.724	0.892
335	37	36.000	9.487	7	54	22.728	3245	2358	6	8	8.349	5.643	64.218	0.900	1.480	0.676	0.902
336	631	34.040	17.470	1	98	126.610	3909	2371	39	36	45.352	17.715	35.878	0.495	2.560	0.391	0.805
337	32	19.594	7.487	8	37	27.556	3725	2372	6	11	10.518	3.874	106.732	0.530	2.715	0.368	0.703
338	91	24.264	10.629	1	63	46.284	3576	2373	12	15	15.654	7.402	52.455	0.534	2.115	0.473	0.743
339	93	42.258	17.304	8	76	39.799	1060	2374	9	14	14.290	8.286	77.133	0.738	1.724	0.580	0.869
340	860	17.709	9.105	1	66	168.995	1659	2377	31	43	41.878	26.147	89.726	0.378	1.602	0.624	0.801
341	95	46.084	16.972	9	93	44.627	107	2391	14	12	14.002	8.639	57.104	0.599	1.621	0.617	0.795
342	550	48.045	22.524	4	114	91.740	2498	2392	27	30	29.797	23.502	123.757	0.821	1.268	0.789	0.896
343	546	13.253	6.861	0	35	164.853	1095	2393	34	32	27.362	25.407	13.326	0.252	1.077	0.929	0.680
344	967	15.669	8.831	0	52	178.894	591	2397	39	42	38.613	31.886	66.942	0.380	1.211	0.826	0.783
345	68	13.603	6.460	2	31	39.213	49	2398	9	12	11.618	7.453	89.627	0.556	1.559	0.641	0.751
346	84	58.262	16.840	15	85	35.213	366	2398	10	11	11.968	8.937	49.877	0.851	1.339	0.747	0.889
347	187	49.984	17.645	4	89	61.941	3866	2402	16	20	19.723	12.072	58.113	0.612	1.634	0.612	0.829
348	28	21.500	7.255	5	41	24.971	180	2405	7	7	7.901	4.512	48.352	0.564	1.751	0.571	0.700
349	106	53.528	18.623	14	91	46.284	844	2409	14	14	15.270	8.838	40.661	0.622	1.728	0.579	0.791
350	29	25.690	10.529	3	43	22.142	393	2414	6	8	7.823	4.720	69.620	0.743	1.657	0.603	0.753
351	107	39.748	15.923	9	74	46.527	2298	2424	15	14	17.027	8.001	38.818	0.621	2.128	0.470	0.823
352	20	14.350	6.226	2	27	21.899	74	2440	7	6	5.453	4.670	67.232	0.524	1.168	0.856	0.645
353	227	25.925	11.627	2	61	66.527	1165	2440	18	19	18.942	15.258	129.072	0.645	1.241	0.805	0.835
354	256	69.984	26.078	7	131	70.669	1109	2443	22	23	26.184	12.448	50.461	0.644	2.103	0.475	0.830
355	171	38.117	14.444	9	77	55.698	3517	2445	12	21	20.417	10.664	88.845	0.693	1.915	0.522	0.851
356	35	9.343	6.664	3	27	28.971	70	2457	9	6	8.524	5.228	13.390	0.524	1.631	0.613	0.714
357	26	15.192	6.518	4	27	20.142	1802	2474	7	6	6.317	5.240	135.578	0.805	1.206	0.829	0.776
358	21	17.143	7.432	4	29	18.728	2146	2479	5	7	6.895	3.878	68.027	0.752	1.778	0.562	0.808
359	1528	46.786	22.261	2	123	266.593	160	2493	56	82	84.400	23.051	56.097	0.270	3.661	0.273	0.653
360	44	13.818	6.662	1	32	31.556	337	2494	7	11	9.396	5.962	81.815	0.555	1.576	0.635	0.704
361	55	44.218	13.929	16	75	30.042	120	2500	9	11	10.996	6.368	51.501	0.766	1.727	0.579	0.803
362	17	20.294	9.681	1	36	18.728	593	2500	6	6	5.526	3.917	59.892	0.609	1.411	0.709	0.667
363	803	25.176	12.094	1	64	173.095	3417	2502	24	53	52.548	19.457	97.344	0.337	2.701	0.370	0.771
364	276	33.420	11.315	5	65	71.012	3615	2514	22	18	20.769	16.920	172.819	0.688	1.227	0.815	0.849
365	74	32.149	13.105	7	66	46.284	1180	2518	14	14	15.632	6.027	45.307	0.434	2.594	0.386	0.670
366	68	38.103	12.268	7	63	33.213	2263	2520	9	12	11.336	7.638	58.870	0.775	1.484	0.674	0.829
367	92	23.761	10.004	4	44	44.284	3939	2523	15	12	15.503	7.556	35.998	0.590	2.052	0.487	0.760
368	27	15.222	6.405	5	31	22.728	3457	2530	6	8	6.980	4.925	91.048	0.657	1.417	0.706	0.730
369	1276	14.528	8.814	0	53	246.936	1956	2551	43	51	44.074	36.862	73.960	0.263	1.196	0.836	0.769
370	30	29.167	11.777	4	53	22.728	1116	2564	8	6	8.345	4.577	30.012	0.730	1.823	0.548	0.811
371	233	21.043	11.560	0	52	74.184	28	2565	19	24	19.455	15.249	68.617	0.532	1.276	0.784	0.764
372	6167	33.270	19.519	0	113	397.546	2387	2566	74	120	118.168	66.448	90.116	0.490	1.778	0.562	0.892
373	43	22.070	8.001	4	39	26.971	1332	2580	7	10	10.872	5.036	62.256	0.743	2.159	0.463	0.819
374	60	38.517	14.146	9	79	32.042	2651	2582	9	12	12.527	6.098	59.471	0.734	2.054	0.487	0.816
375	62	19.645	10.989	3	52	32.627	3489	2594	11	9	11.473	6.881	38.961	0.732	1.667	0.600	0.821
376	1074	15.074	7.816	0	44	175.338	911	2595	40	46	43.786	31.230	64.284	0.439	1.402	0.713	0.816
377	47	27.681	10.336	8	51	25.556	489	2597	8	8	9.149	6.541	51.309	0.904	1.399	0.715	0.887
378	62	25.435	11.335	2	62	29.799	3553	2600	8	11	10.976	7.192	71.758	0.877	1.526	0.655	0.867
379	326	20.255	10.791	0	56	89.497	48	2601	24	26	24.632	16.851	49.433	0.511	1.462	0.684	0.778
380	253	33.142	14.935	3	73	72.184	1618	2611	20	20	21.321	15.109	46.058	0.610	1.411	0.709	0.817
381	40	12.675	5.793	2	29	35.799	438	2625	9	10	9.881	5.154	62.937	0.392	1.917	0.522	0.606
382	22	17.545	7.903	2	34	29.799	3065	2628	9	9	7.933	3.531	40.500	0.311	2.246	0.445	0.478
383	26	14.346	6.261	2	29	22.971	57	2633	8	7	6.979	4.743	124.368	0.619	1.471	0.680	0.667
384	71	22.859	10.796	3	49	34.627	1146	2633	12	9	12.766	7.082	27.296	0.744	1.803	0.555	0.840
385	23	11.174	5.875	1	23	23.556	3063	2638	6	9	7.702	3.802	112.268	0.521	2.026	0.494	0.657
386	163	45.920	19.953	6	89	61.355	192	2640	14	23	23.534	8.819	64.590	0.544	2.669	0.375	0.787
387	479	14.015	7.658	0	40	136.953	432	2643	29	34	27.106	22.500	96.344	0.321	1.205	0.830	0.694
388	80	26.950	12.626	3	55	52.527	2307	2650	18	13	19.801	5.144	30.773	0.364	3.849	0.260	0.627
389	5412	47.676	43.119	0	171	347.161	52	2667	77	121	116.055	59.375	66.737	0.564	1.955	0.512	0.905
390	37	25.297	7.926	5	43	22.728	2778	2689	6	8	8.228	5.726	69.347	0.900	1.437	0.696	0.871
391	538	32.651	13.232	2	66	115.640	2889	2690	22	41	40.720	16.822	71.213	0.506	2.421	0.413	0.849
392	10213	37.242	23.547	0	148	662.909	562	2694	133	151	162.737	79.906	57.060	0.292	2.037	0.491	0.760
393	18	27.667	12.998	5	53	16.728	563	2711	6	5	5.855	3.914	13.506	0.808	1.496	0.669	0.766
394	914	50.467	29.773	1	142	133.196	1650	2718	34	47	51.165	22.745	58.524	0.647	2.250	0.445	0.885
395	26	23.231	9.437	4	41	19.556	1486	2729	7	6	8.043	4.116	35.729	0.854	1.954	0.512	0.839
396	27	17.704	8.152	5	41	25.556	1974	2752	9	7	8.536	4.028	31.115	0.519	2.119	0.472	0.643
397	239	45.506	17.390	1	91	63.255	819	2754	18	22	20.152	15.101	92.939	0.751	1.335	0.749	0.824
398	22	20.000	7.746	3	36	21.314	850	2761	5	7	5.719	4.898	51.238	0.609	1.168	0.856	0.733
399	173	45.370	18.467	4	84	55.799	1	2763	10	22	21.607	10.194	80.771	0.698	2.120	0.472	0.913
400	2703	49.306	30.897	0	146	240.693	2374	2764	53	82	84.137	40.904	64.483	0.586	2.057	0.486	0.884
401	160	70.356	22.326	2	127	51.456	2341	2768	15	16	18.225	11.178	45.899	0.759	1.630	0.613	0.886
402	288	28.406	13.553	0	76	74.669	790	2769	19	25	24.256	15.118	76.511	0.649	1.605	0.623	0.850
403	18	16.611	5.658	7	26	18.728	265	2774	6	6	5.266	4.352	95.461	0.645	1.210	0.827	0.692
404	932	17.486	10.143	0	65	171.338	244	2779	33	43	37.665	31.506	83.447	0.399	1.196	0.836	0.811
405	24	21.917	8.577	8	46	22.971	3684	2779	7	8	7.537	4.054	47.350	0.572	1.859	0.538	0.676
406	248	57.685	24.065	1	111	73.255	3268	2789	21	25	29.341	10.762	53.066	0.581	2.726	0.367	0.839
407	1246	50.982	24.516	1	131	145.539	2717	2791	47	38	45.487	34.877	19.868	0.739	1.304	0.767	0.918
408	3433	45.514	25.449	1	135	265.765	470	2807	71	76	77.322	56.530	137.636	0.611	1.368	0.731	0.884
409	228	54.083	20.175	2	96	65.355	1	2812	19	20	21.132	13.738	38.527	0.671	1.538	0.650	0.848
410	30	34.367	14.013	8	62	20.728	3043	2814	6	7	7.194	5.309	59.312	0.877	1.355	0.738	0.882
411	121	68.223	21.968	14	114	46.042	274	2816	12	16	14.425	10.680	68.585	0.717	1.351	0.740	0.820
412	77	11.364	6.784	1	30	56.284	161	2824	17	14	13.816	7.096	159.080	0.305	1.947	0.514	0.522
413	48	10.354	9.747	0	47	39.456	163	2835	12	11	11.396	5.363	39.456	0.387	2.125	0.471	0.596
414	244	20.775	12.034	0	63	124.853	1503	2839	23	39	34.887	8.905	66.917	0.197	3.918	0.255	0.555
415	12335	36.773	30.780	0	155	593.855	562	2844	147	131	155.387	101.073	31.156	0.440	1.537	0.650	0.827
416	208	34.553	15.997	3	83	74.426	1945	2847	17	26	26.431	10.020	72.917	0.472	2.638	0.379	0.742
417	500	63.848	25.783	0	129	101.397	2956	2848	26	34	37.547	16.955	58.922	0.611	2.215	0.452	0.874
418	158	31.449	13.902	2	72	53.113	319	2849	16	16	15.632	12.869	57.522	0.704	1.215	0.823	0.806
419	21	26.143	9.779	5	41	19.556	3524	2850	7	6	8.040	3.326	37.878	0.690	2.418	0.414	0.737
420	8552	37.724	22.909	0	142	440.316	730	2851	107	134	117.115	92.975	79.935	0.554	1.260	0.794	0.895
421	754	45.131	22.121	1	100	122.711	131	2857	33	35	38.155	25.161	46.342	0.629	1.516	0.659	0.878
422	202	51.550	18.869	2	100	59.355	1782	2859	17	20	22.307	11.530	47.753	0.721	1.935	0.517	0.873
423	119	22.832	10.551	1	46	49.113	424	2869	14	14	13.715	11.047	149.813	0.620	1.242	0.805	0.783
424	396	22.833	11.051	0	57	103.640	2720	2872	26	29	28.990	17.392	54.153	0.463	1.667	0.600	0.768
425	655	15.336	8.851	0	51	142.368	2376	2875	32	36	30.624	27.232	55.661	0.406	1.125	0.889	0.774
426	23	15.217	9.467	5	37	22.142	81	2889	6	8	6.217	4.711	85.056	0.590	1.320	0.758	0.687
427	75	41.893	15.644	16	84	36.385	2762	2916	9	13	13.190	7.240	60.159	0.712	1.822	0.549	0.820
428	2322	24.480	11.669	0	77	262.735	3424	2918	56	81	87.777	33.681	62.696	0.423	2.606	0.384	0.857
429	122	25.098	11.713	2	61	50.870	2612	2920	17	14	16.512	9.408	36.084	0.592	1.755	0.570	0.777
430	2074	40.229	21.767	0	105	220.208	1352	2925	55	62	64.572	40.895	42.205	0.537	1.579	0.633	0.853
431	154	30.844	12.911	6	63	50.042	3267	2928	15	15	15.214	12.888	129.660	0.773	1.181	0.847	0.870
432	59	25.288	9.644	4	58	31.213	2066	2932	9	11	11.985	6.268	56.341	0.761	1.912	0.523	0.819
433	101	42.119	16.665	7	85	46.627	1872	2935	13	14	12.996	9.895	64.425	0.584	1.313	0.761	0.743
434	288	36.806	17.695	2	86	81.740	3301	2940	26	24	27.872	13.156	43.655	0.542	2.118	0.472	0.797
435	1718	18.488	9.412	0	57	198.267	462	2961	65	38	67.470	32.421	166.910	0.549	2.081	0.481	0.904
436	2711	23.698	11.440	0	70	305.522	2028	2963	97	36	96.598	35.733	2.875	0.365	2.703	0.370	0.872
437	675	48.831	25.605	3	120	132.811	19	2965	42	34	47.730	18.006	35.424	0.481	2.651	0.377	0.797
438	860	51.983	26.093	2	120	141.397	3674	2966	47	33	48.457	22.597	27.665	0.541	2.144	0.466	0.852
439	19	30.526	9.873	10	45	18.142	173	2989	6	6	6.626	3.651	54.696	0.725	1.815	0.551	0.731
440	77	68.286	14.189	25	102	40.971	2822	2992	17	7	16.616	5.900	178.253	0.576	2.816	0.355	0.832
