 	Area	Mean	StdDev	Min	Max	Perim.	BX	BY	Width	Height	Major	Minor	Angle	Circ.	AR	Round	Solidity
1	55	31.218	12.319	7	58	34.385	925	3	7	13	11.666	6.003	72.813	0.585	1.943	0.515	0.759
2	326	12.199	7.027	0	38	104.326	2622	50	27	28	31.881	13.019	45.274	0.376	2.449	0.408	0.700
3	178	47.180	21.766	5	128	63.598	2576	77	19	20	20.271	11.180	38.526	0.553	1.813	0.552	0.777
4	126	23.349	12.999	1	52	47.698	3839	109	16	13	15.809	10.148	26.783	0.696	1.558	0.642	0.824
5	57	22.895	10.426	4	45	40.627	1729	140	9	16	14.047	5.167	63.286	0.434	2.719	0.368	0.695
6	30	22.133	8.423	4	37	22.728	1484	205	7	7	8.286	4.610	55.444	0.730	1.798	0.556	0.811
7	435	43.522	18.687	3	106	94.811	2823	220	26	31	33.298	16.633	60.558	0.608	2.002	0.500	0.844
8	559	58.919	26.524	3	130	109.740	1785	226	26	38	35.110	20.272	71.341	0.583	1.732	0.577	0.815
9	153	45.778	16.116	2	80	47.941	3299	230	16	15	15.830	12.306	31.037	0.837	1.286	0.777	0.869
10	326	28.840	14.092	2	62	96.569	434	235	25	35	39.770	10.437	55.915	0.439	3.811	0.262	0.806
11	49	21.959	11.416	3	57	34.042	3735	240	11	11	11.867	5.257	46.553	0.531	2.257	0.443	0.695
12	19	22.000	8.647	4	38	19.556	3425	314	7	6	5.430	4.455	36.419	0.624	1.219	0.820	0.667
13	40	32.325	10.100	13	58	24.971	1991	333	9	7	8.595	5.926	35.370	0.806	1.450	0.689	0.808
14	17	19.000	11.186	4	42	23.556	3653	345	8	7	8.577	2.524	41.203	0.385	3.399	0.294	0.567
15	20	15.950	6.621	6	26	18.728	2341	399	5	7	6.819	3.735	65.389	0.717	1.826	0.548	0.755
16	237	20.582	10.785	0	52	93.497	134	418	28	19	27.528	10.962	157.642	0.341	2.511	0.398	0.660
17	64	34.391	15.035	9	74	33.799	1435	419	10	10	11.800	6.906	41.365	0.704	1.709	0.585	0.821
18	209	50.167	21.068	6	96	69.841	3719	424	21	21	28.117	9.464	43.405	0.538	2.971	0.337	0.773
19	98	33.020	13.952	2	70	41.698	2876	473	13	13	15.207	8.205	51.615	0.708	1.853	0.540	0.820
20	28	27.286	11.062	5	52	21.556	3197	486	7	7	6.139	5.807	101.310	0.757	1.057	0.946	0.747
21	85	28.235	12.801	2	55	40.627	3592	507	13	11	11.715	9.238	20.161	0.647	1.268	0.789	0.769
22	49	30.184	12.448	4	59	30.385	3746	525	9	10	9.155	6.814	48.372	0.667	1.344	0.744	0.760
23	26	13.577	8.011	2	29	24.142	2543	526	5	10	8.074	4.100	85.095	0.561	1.969	0.508	0.712
24	7787	40.303	23.340	0	129	439.345	499	545	114	128	142.720	69.470	46.413	0.507	2.054	0.487	0.888
25	201	44.204	13.680	4	76	59.355	3894	545	20	16	18.329	13.963	28.993	0.717	1.313	0.762	0.841
26	180	26.867	12.181	0	57	52.284	3488	547	15	17	16.625	13.786	115.966	0.827	1.206	0.829	0.876
27	44	25.023	7.222	10	38	28.142	3328	595	7	9	9.070	6.177	75.465	0.698	1.468	0.681	0.815
28	80	16.100	7.931	0	38	53.698	3427	609	13	17	14.059	7.245	61.071	0.349	1.940	0.515	0.588
29	108	30.991	14.156	2	63	52.770	205	621	14	20	22.257	6.178	55.683	0.487	3.602	0.278	0.766
30	133	34.887	13.420	7	78	47.941	119	651	16	15	15.449	10.961	39.772	0.727	1.409	0.710	0.809
31	930	43.198	20.915	2	101	172.167	1887	689	41	44	46.669	25.373	40.880	0.394	1.839	0.544	0.748
32	44	23.773	12.330	4	44	34.627	3738	718	8	13	11.550	4.851	60.245	0.461	2.381	0.420	0.704
33	189	36.148	16.038	1	73	71.497	1845	794	24	22	30.025	8.015	44.106	0.465	3.746	0.267	0.747
34	284	45.599	17.055	1	93	73.841	318	801	24	22	27.519	13.140	37.212	0.655	2.094	0.477	0.849
35	77	37.416	15.688	7	81	38.971	941	810	10	13	13.863	7.072	53.574	0.637	1.960	0.510	0.790
36	71	26.141	11.343	2	58	39.698	3730	823	12	14	16.377	5.520	50.537	0.566	2.967	0.337	0.763
37	16	16.812	8.864	4	33	23.556	787	829	7	8	8.113	2.511	44.826	0.362	3.231	0.310	0.561
38	24	28.292	11.693	13	54	18.142	665	852	5	7	6.753	4.525	58.678	0.916	1.492	0.670	0.828
39	321	67.308	22.487	2	127	77.012	849	868	22	23	24.290	16.826	37.424	0.680	1.444	0.693	0.864
40	598	40.592	22.854	0	100	151.681	2655	912	28	57	55.376	13.750	72.405	0.327	4.027	0.248	0.686
41	110	19.436	10.694	1	50	53.941	1376	914	16	14	16.874	8.300	43.064	0.475	2.033	0.492	0.719
42	16	29.562	11.378	7	43	17.899	874	954	5	6	6.143	3.316	54.485	0.628	1.853	0.540	0.727
43	21	17.048	7.678	5	29	16.485	2389	962	6	4	6.629	4.034	15.818	0.971	1.643	0.609	0.933
44	664	14.060	7.606	0	49	165.095	3963	1007	30	43	40.411	20.921	66.503	0.306	1.932	0.518	0.721
45	22	14.000	8.065	5	31	18.728	3928	1066	5	6	6.627	4.227	69.720	0.788	1.568	0.638	0.815
46	39	25.923	8.674	6	43	28.142	1544	1067	6	10	8.835	5.621	66.445	0.619	1.572	0.636	0.765
47	24	20.292	10.913	3	42	24.728	347	1069	6	9	7.467	4.092	92.610	0.493	1.825	0.548	0.649
48	279	20.247	10.362	1	50	106.811	1377	1070	23	27	26.329	13.492	46.237	0.307	1.951	0.512	0.665
49	98	11.867	6.733	2	30	62.527	2991	1370	16	13	12.719	9.810	10.924	0.315	1.297	0.771	0.601
50	20	13.650	5.761	5	28	25.314	2996	1383	8	7	5.804	4.387	0.000	0.392	1.323	0.756	0.526
51	20	10.900	4.767	3	18	19.314	2994	1390	5	6	5.643	4.513	54.614	0.674	1.250	0.800	0.755
52	25	18.720	8.768	2	34	22.971	1706	1398	8	7	9.655	3.297	41.994	0.595	2.929	0.341	0.714
53	213	13.484	7.806	1	40	101.397	3221	1412	23	27	25.146	10.785	53.338	0.260	2.332	0.429	0.603
54	62	28.516	12.843	4	64	36.627	3562	1446	9	14	13.891	5.683	61.075	0.581	2.444	0.409	0.770
55	35	21.486	8.322	4	38	25.556	1994	1462	6	10	8.667	5.142	78.706	0.673	1.686	0.593	0.769
56	37	31.676	12.250	4	51	24.971	1044	1472	8	8	8.388	5.616	60.848	0.746	1.494	0.670	0.779
57	42	34.238	11.431	13	60	27.799	582	1491	8	10	9.657	5.538	65.332	0.683	1.744	0.573	0.743
58	16	8.688	5.498	0	19	15.071	3913	1547	5	4	5.666	3.596	10.278	0.885	1.576	0.635	0.889
59	760	12.301	7.199	0	41	165.095	1729	1572	38	41	37.729	25.648	58.540	0.350	1.471	0.680	0.759
60	23	14.174	7.964	4	43	23.556	3729	1590	6	9	8.125	3.604	66.088	0.521	2.254	0.444	0.676
61	37	16.135	6.937	4	28	25.556	3726	1606	8	8	10.188	4.624	55.488	0.712	2.203	0.454	0.796
62	89	48.921	13.602	5	71	39.213	3283	1643	11	13	13.570	8.351	59.649	0.727	1.625	0.615	0.832
63	103	27.709	10.555	0	56	51.941	1757	1655	9	21	19.695	6.659	81.729	0.480	2.958	0.338	0.736
64	126	33.651	14.352	4	61	63.598	3756	1744	17	23	24.217	6.625	57.260	0.391	3.656	0.274	0.704
65	17	15.176	8.568	2	30	19.314	1787	1788	6	6	5.953	3.636	46.488	0.573	1.637	0.611	0.642
66	87	21.448	9.402	2	48	51.941	3425	1813	13	18	19.557	5.664	52.016	0.405	3.453	0.290	0.693
67	480	39.048	17.104	3	100	97.397	1417	1853	25	32	30.344	20.141	78.434	0.636	1.507	0.664	0.833
68	208	22.716	9.771	1	44	84.669	1414	1901	18	28	28.060	9.438	63.849	0.365	2.973	0.336	0.678
69	37	21.270	10.211	1	43	23.556	1212	1933	7	8	8.260	5.703	62.800	0.838	1.448	0.690	0.841
70	257	25.288	12.171	1	63	77.012	1	2011	17	28	29.688	11.022	63.508	0.545	2.693	0.371	0.817
71	19	25.632	11.447	5	45	20.142	376	2056	6	7	7.641	3.166	62.248	0.589	2.413	0.414	0.679
72	49	29.347	14.792	4	70	34.870	944	2091	9	12	11.605	5.376	61.542	0.506	2.159	0.463	0.690
73	37	31.243	11.512	7	49	26.385	411	2097	7	10	10.058	4.684	64.786	0.668	2.147	0.466	0.771
74	26	20.308	7.630	7	33	20.142	570	2121	5	8	6.895	4.801	88.991	0.805	1.436	0.696	0.800
75	128	27.156	11.520	2	52	48.284	1355	2142	12	17	15.661	10.406	98.673	0.690	1.505	0.664	0.831
76	49	14.878	7.696	0	39	34.627	1952	2158	11	11	11.700	5.333	38.695	0.514	2.194	0.456	0.671
77	28	19.500	8.762	3	39	28.142	2084	2280	6	11	9.738	3.661	58.494	0.444	2.660	0.376	0.675
78	22	23.818	14.822	3	53	25.314	866	2304	5	10	8.621	3.249	73.566	0.431	2.653	0.377	0.647
79	42	15.333	7.656	4	33	27.556	1215	2327	9	8	9.468	5.648	45.580	0.695	1.676	0.597	0.840
80	4818	42.578	27.771	0	137	469.387	3196	2337	86	169	173.433	35.371	64.365	0.275	4.903	0.204	0.836
81	190	32.874	14.947	2	72	69.355	1598	2346	14	26	26.535	9.117	71.789	0.496	2.911	0.344	0.805
82	182	40.797	17.423	2	87	59.355	162	2357	16	21	22.989	10.080	57.607	0.649	2.281	0.438	0.825
83	25	14.760	6.790	4	31	23.556	373	2360	8	6	6.980	4.560	175.411	0.566	1.531	0.653	0.658
84	575	13.850	7.428	1	45	197.966	785	2384	25	47	37.271	19.643	84.489	0.184	1.897	0.527	0.640
85	16	14.125	6.195	3	26	17.314	801	2453	5	6	5.806	3.509	52.661	0.671	1.655	0.604	0.727
86	79	21.722	10.917	2	48	42.627	1053	2494	10	15	15.562	6.464	63.938	0.546	2.408	0.415	0.763
87	25	19.880	9.043	2	46	20.971	1401	2503	6	8	6.412	4.964	95.655	0.714	1.292	0.774	0.704
88	595	16.171	8.567	0	52	180.409	2145	2510	28	47	46.273	16.372	71.735	0.230	2.826	0.354	0.692
89	49	24.816	11.501	3	52	35.698	2910	2535	9	13	10.966	5.689	76.283	0.483	1.927	0.519	0.628
90	178	32.433	10.956	5	58	66.770	2861	2617	13	23	20.972	10.806	84.598	0.502	1.941	0.515	0.754
91	501	40.501	17.388	3	97	116.468	416	2647	24	40	35.819	17.809	69.612	0.464	2.011	0.497	0.789
92	49	15.469	8.593	2	44	48.042	3324	2660	9	18	16.450	3.793	64.737	0.267	4.337	0.231	0.563
93	188	22.271	10.695	4	55	103.640	2888	2672	25	39	41.954	5.706	61.068	0.220	7.353	0.136	0.602
94	19	10.842	7.244	1	30	20.485	322	2722	4	8	7.093	3.411	97.180	0.569	2.080	0.481	0.745
95	72	23.806	11.707	2	58	42.042	1144	2728	9	17	16.046	5.713	63.357	0.512	2.809	0.356	0.738
96	72	19.653	8.389	4	42	51.941	1502	2808	13	17	17.787	5.154	56.790	0.335	3.451	0.290	0.593
97	21	18.667	8.771	4	31	28.971	3343	2822	6	10	7.494	3.568	79.545	0.314	2.100	0.476	0.506
98	229	38.079	13.312	7	65	62.184	1640	2962	17	21	21.514	13.553	71.715	0.744	1.587	0.630	0.858
99	117	25.564	12.574	1	57	51.456	107	2963	11	20	22.011	6.768	64.080	0.555	3.252	0.307	0.839
100	148	24.243	12.986	3	61	82.527	57	2989	31	10	24.804	7.597	6.048	0.273	3.265	0.306	0.664
