 	Area	Mean	StdDev	Min	Max	Perim.	BX	BY	Width	Height	Major	Minor	Angle	Circ.	AR	Round	Solidity
1	55	40.345	15.841	7	79	28.142	1960	1	8	9	9.060	7.729	75.447	0.873	1.172	0.853	0.880
2	46	20.652	10.102	3	46	32.385	918	7	11	8	9.879	5.929	22.807	0.551	1.666	0.600	0.687
3	48	28.833	12.830	2	52	33.799	3917	10	12	8	10.625	5.752	165.559	0.528	1.847	0.541	0.681
4	189	61.339	15.193	8	92	54.284	3949	29	16	17	18.166	13.247	56.885	0.806	1.371	0.729	0.879
5	145	20.759	8.501	0	43	55.456	3843	31	16	16	15.383	12.002	17.296	0.592	1.282	0.780	0.747
6	35	20.886	12.335	4	50	23.556	3652	52	8	6	7.970	5.592	170.253	0.793	1.425	0.702	0.833
7	41	19.293	8.223	5	40	24.142	1520	54	7	8	8.103	6.442	131.639	0.884	1.258	0.795	0.872
8	68	36.485	15.840	6	67	33.213	9	64	9	12	11.711	7.393	68.719	0.775	1.584	0.631	0.814
9	65	31.292	12.816	4	55	32.385	1573	65	12	8	11.165	7.412	176.925	0.779	1.506	0.664	0.833
10	43	32.326	10.792	7	49	24.971	2199	116	9	7	8.973	6.101	150.345	0.867	1.471	0.680	0.843
11	29	25.448	13.692	4	53	21.556	1295	119	7	7	6.724	5.491	50.543	0.784	1.224	0.817	0.763
12	41	38.463	13.155	9	62	27.799	2740	125	10	8	7.862	6.640	172.298	0.667	1.184	0.845	0.739
13	16	18.250	9.835	4	34	19.314	1707	136	6	6	4.762	4.278	34.294	0.539	1.113	0.898	0.640
14	105	41.390	17.299	4	83	42.870	56	150	12	13	12.062	11.084	116.279	0.718	1.088	0.919	0.817
15	26	9.538	4.301	3	16	19.899	1379	160	5	7	6.986	4.739	108.711	0.825	1.474	0.678	0.867
16	31	29.677	15.749	5	66	22.142	2255	169	8	6	7.229	5.460	31.391	0.795	1.324	0.755	0.805
17	29	23.828	9.142	4	48	20.142	567	174	7	6	6.950	5.313	147.947	0.898	1.308	0.764	0.829
18	19	27.526	9.817	8	43	19.314	537	195	5	7	5.800	4.171	77.399	0.640	1.391	0.719	0.731
19	28	23.536	11.445	5	42	29.799	3979	242	10	6	7.430	4.798	3.525	0.396	1.548	0.646	0.589
20	240	52.442	17.675	5	98	65.941	3260	251	21	18	19.538	15.640	150.396	0.694	1.249	0.801	0.833
21	22	14.500	7.150	1	28	17.899	3965	290	6	5	6.446	4.345	146.762	0.863	1.484	0.674	0.863
22	19	19.421	7.719	7	31	17.899	1259	295	4	7	7.032	3.440	100.263	0.745	2.044	0.489	0.826
23	16	10.938	6.598	1	23	15.071	537	297	4	5	5.666	3.596	100.278	0.885	1.576	0.635	0.889
24	72	39.639	15.482	4	79	34.385	3608	308	10	10	9.994	9.173	21.769	0.765	1.090	0.918	0.852
25	36	13.500	4.902	2	25	27.799	3633	329	10	8	7.224	6.345	163.495	0.585	1.139	0.878	0.661
26	17	15.824	8.974	4	36	18.728	3393	330	6	6	5.816	3.722	137.051	0.609	1.563	0.640	0.667
27	63	40.286	15.042	11	73	32.627	2582	332	11	9	10.947	7.328	147.367	0.744	1.494	0.669	0.803
28	44	34.773	12.217	6	55	26.971	772	340	8	9	9.614	5.827	58.798	0.760	1.650	0.606	0.800
29	124	17.573	8.664	0	43	83.841	144	352	25	13	22.474	7.025	167.893	0.222	3.199	0.313	0.568
30	71	17.634	9.190	1	42	53.698	1633	352	13	14	12.920	6.997	60.339	0.309	1.847	0.542	0.575
31	109	73.349	19.017	26	111	39.799	678	353	13	11	13.077	10.613	18.106	0.865	1.232	0.812	0.890
32	23	20.391	7.739	2	33	19.556	511	354	6	7	5.863	4.995	71.225	0.756	1.174	0.852	0.742
33	22	21.909	8.377	5	34	18.485	947	372	6	5	6.024	4.650	121.150	0.809	1.296	0.772	0.846
34	64	26.141	11.439	7	52	34.042	3287	395	11	10	12.400	6.572	37.781	0.694	1.887	0.530	0.805
35	550	17.827	9.305	0	58	117.640	311	409	28	30	28.647	24.445	79.996	0.499	1.172	0.853	0.820
36	30	18.867	8.701	7	39	24.971	1157	416	9	7	8.248	4.631	159.445	0.605	1.781	0.562	0.674
37	61	42.131	15.507	5	78	30.142	655	419	9	9	9.280	8.370	101.746	0.844	1.109	0.902	0.878
38	48	20.542	10.968	2	50	33.213	3687	435	14	6	12.389	4.933	178.697	0.547	2.512	0.398	0.750
39	42	15.071	11.756	1	55	27.556	3604	446	10	7	8.982	5.954	161.481	0.695	1.509	0.663	0.808
40	31	20.645	10.239	2	41	22.971	3584	467	9	6	7.515	5.252	14.894	0.738	1.431	0.699	0.756
41	2571	37.597	20.102	0	109	279.179	3119	469	80	61	67.273	48.660	168.099	0.415	1.383	0.723	0.780
42	20	24.450	12.142	9	50	21.899	1014	484	10	3	8.568	2.972	173.071	0.524	2.883	0.347	0.800
43	27	23.815	10.333	2	39	20.728	2711	491	7	6	6.062	5.671	147.202	0.790	1.069	0.936	0.818
44	85	34.400	13.973	8	68	41.698	2452	511	14	13	10.697	10.118	17.014	0.614	1.057	0.946	0.723
45	18	11.944	6.053	3	23	24.142	3594	568	5	9	8.847	2.591	70.368	0.388	3.415	0.293	0.554
46	44	29.477	10.169	13	49	25.799	1621	593	9	8	8.316	6.737	149.649	0.831	1.234	0.810	0.800
47	55	40.509	14.760	4	72	27.556	639	638	9	8	8.472	8.265	144.325	0.910	1.025	0.976	0.887
48	39	47.179	12.636	18	65	22.971	3251	657	8	7	7.611	6.524	7.186	0.929	1.167	0.857	0.857
49	20	19.750	9.176	4	36	19.314	1151	663	8	4	7.797	3.266	3.810	0.674	2.387	0.419	0.800
50	36	15.556	7.244	2	30	26.971	3157	665	7	9	7.672	5.975	107.044	0.622	1.284	0.779	0.720
51	166	46.066	20.152	10	89	50.870	1723	673	19	12	19.139	11.043	8.088	0.806	1.733	0.577	0.897
52	30	12.733	5.219	4	26	36.627	793	674	12	9	9.366	4.078	18.219	0.281	2.297	0.435	0.455
53	54	25.278	8.127	9	44	32.627	2262	686	12	8	11.035	6.231	164.382	0.637	1.771	0.565	0.745
54	733	60.518	27.779	0	151	121.782	655	690	31	37	39.420	23.676	116.797	0.621	1.665	0.601	0.850
55	311	31.968	14.023	1	72	77.497	56	717	21	24	23.741	16.679	57.381	0.651	1.423	0.703	0.818
56	46	43.000	11.847	17	72	25.556	3255	729	9	7	8.285	7.069	15.606	0.885	1.172	0.853	0.868
57	92	45.924	15.569	2	90	38.627	2473	751	12	12	13.528	8.659	133.404	0.775	1.562	0.640	0.852
58	25	22.320	11.732	6	42	17.899	257	764	6	5	6.972	4.566	155.867	0.981	1.527	0.655	0.909
59	24	21.375	6.730	7	32	21.556	3522	765	8	5	8.238	3.709	22.748	0.649	2.221	0.450	0.738
60	47	40.298	16.198	10	83	29.799	681	778	9	9	9.583	6.245	47.010	0.665	1.535	0.652	0.752
61	207	37.285	13.903	1	69	71.012	1950	785	19	18	17.976	14.661	166.740	0.516	1.226	0.816	0.754
62	42	21.238	7.084	4	35	24.485	2637	787	8	6	8.029	6.660	1.355	0.880	1.206	0.829	0.933
63	305	20.780	11.830	0	60	125.196	3785	800	30	32	36.943	10.512	129.277	0.245	3.515	0.285	0.583
64	160	44.269	13.377	8	78	50.042	1436	817	17	13	18.224	11.179	160.203	0.803	1.630	0.613	0.899
65	100	57.870	19.758	4	102	38.385	116	842	11	12	11.533	11.040	109.162	0.853	1.045	0.957	0.893
66	67	36.925	9.610	8	55	32.627	3456	843	10	11	9.823	8.685	112.872	0.791	1.131	0.884	0.812
67	17	21.706	6.420	6	32	17.899	844	849	6	4	6.556	3.302	8.621	0.667	1.985	0.504	0.756
68	30	27.067	9.307	13	48	19.556	3657	850	6	7	7.077	5.397	130.762	0.986	1.311	0.763	0.857
69	22	24.591	8.348	14	48	21.556	3978	853	6	8	6.550	4.277	66.247	0.595	1.531	0.653	0.698
70	214	62.659	21.828	10	116	61.355	302	859	19	17	18.598	14.651	170.984	0.714	1.269	0.788	0.849
71	28	18.821	8.287	2	34	20.728	2777	859	7	6	6.729	5.298	162.166	0.819	1.270	0.787	0.812
72	124	19.669	9.172	0	42	57.012	11	876	20	12	17.718	8.911	172.709	0.479	1.988	0.503	0.705
73	60	21.867	8.009	7	36	33.799	3169	880	10	10	9.555	7.995	28.839	0.660	1.195	0.837	0.745
74	161	47.602	16.245	8	87	50.284	3423	888	15	15	15.547	13.186	66.856	0.800	1.179	0.848	0.861
75	159	21.025	9.613	2	49	53.113	3985	903	14	16	15.224	13.298	118.563	0.708	1.145	0.873	0.837
76	185	22.189	10.870	2	54	57.698	3799	908	18	15	17.520	13.445	27.244	0.698	1.303	0.767	0.835
77	1136	17.348	9.741	0	53	196.894	2311	931	45	43	46.052	31.408	141.688	0.368	1.466	0.682	0.825
78	267	55.052	19.119	12	101	70.770	608	948	21	19	20.961	16.218	142.158	0.670	1.292	0.774	0.863
79	56	27.500	11.399	1	53	38.042	963	978	12	10	9.309	7.659	137.650	0.486	1.215	0.823	0.671
80	150	37.213	13.147	8	78	46.870	1567	990	16	13	15.243	12.529	176.855	0.858	1.217	0.822	0.896
81	51	18.020	9.296	4	44	32.627	259	1012	12	9	9.023	7.197	163.786	0.602	1.254	0.798	0.713
82	397	48.040	18.641	1	100	85.841	2961	1040	26	22	26.317	19.207	25.996	0.677	1.370	0.730	0.849
83	146	33.938	14.420	5	64	58.770	1905	1052	22	12	20.843	8.919	7.300	0.531	2.337	0.428	0.755
84	403	25.385	11.701	1	71	96.912	2547	1052	27	26	27.885	18.401	127.024	0.539	1.515	0.660	0.822
85	2761	37.092	20.826	0	104	347.262	2734	1058	89	66	71.322	49.289	159.968	0.288	1.447	0.691	0.737
86	1209	23.929	13.160	0	74	315.463	2571	1081	85	38	64.506	23.864	9.403	0.153	2.703	0.370	0.557
87	25	31.920	11.090	8	48	21.556	1671	1085	7	7	6.240	5.101	117.000	0.676	1.223	0.818	0.714
88	62	28.161	7.854	9	47	33.799	321	1089	12	7	12.377	6.378	179.121	0.682	1.941	0.515	0.832
89	52	20.942	11.627	3	48	31.799	3314	1089	12	7	12.193	5.430	166.009	0.646	2.246	0.445	0.770
90	449	50.405	20.531	7	105	105.640	3871	1095	40	19	36.937	15.477	4.637	0.506	2.387	0.419	0.806
91	92	27.402	10.961	4	46	43.456	1236	1100	13	11	12.746	9.190	8.626	0.612	1.387	0.721	0.770
92	28	16.786	6.822	4	33	19.314	3939	1103	7	5	6.915	5.155	19.862	0.943	1.341	0.745	0.889
93	71	24.887	12.399	5	55	40.627	3164	1106	14	10	12.898	7.009	151.238	0.541	1.840	0.543	0.714
94	22	21.409	7.701	8	35	18.728	1592	1130	6	6	6.232	4.494	132.016	0.788	1.387	0.721	0.800
95	25	24.120	7.213	11	38	21.556	450	1139	7	7	6.056	5.256	123.539	0.676	1.152	0.868	0.704
96	227	27.093	10.686	2	68	60.770	3961	1161	19	19	18.833	15.347	152.491	0.772	1.227	0.815	0.858
97	76	19.026	9.929	1	43	38.627	397	1164	11	12	11.761	8.228	67.121	0.640	1.429	0.700	0.749
98	41	32.561	10.030	8	47	24.142	741	1176	8	7	8.685	6.010	18.730	0.884	1.445	0.692	0.872
99	219	62.114	24.757	7	110	64.770	2625	1182	21	19	21.778	12.804	44.001	0.656	1.701	0.588	0.813
100	89	32.404	12.749	7	55	39.213	3778	1184	13	10	12.636	8.968	170.207	0.727	1.409	0.710	0.820
101	35	44.200	11.936	11	68	21.556	1414	1189	8	6	7.396	6.025	169.330	0.947	1.228	0.815	0.875
102	94	41.096	11.877	7	63	36.627	98	1217	13	10	12.688	9.433	159.165	0.880	1.345	0.743	0.887
103	45	38.756	14.706	7	60	26.142	3821	1246	8	8	8.744	6.552	36.303	0.827	1.334	0.749	0.841
104	22	12.818	5.039	4	23	24.971	2643	1249	6	8	6.370	4.398	121.963	0.443	1.448	0.690	0.579
105	18	15.167	6.627	3	26	16.142	1963	1262	6	5	4.953	4.628	45.000	0.868	1.070	0.934	0.766
106	1569	36.473	16.883	1	95	194.409	1600	1273	61	42	57.574	34.698	0.890	0.522	1.659	0.603	0.817
107	33	31.697	9.567	10	54	20.971	1539	1288	8	6	8.484	4.952	148.544	0.943	1.713	0.584	0.880
108	54	28.352	12.198	5	50	30.385	1755	1288	9	10	10.760	6.390	139.006	0.735	1.684	0.594	0.824
109	23	22.174	7.947	6	34	18.485	1400	1290	7	4	7.103	4.123	171.061	0.846	1.723	0.580	0.920
110	65	14.308	6.966	2	28	51.698	541	1306	13	14	11.488	7.204	68.057	0.306	1.595	0.627	0.556
111	114	19.211	10.650	1	50	54.770	1654	1316	15	16	16.557	8.766	132.728	0.478	1.889	0.529	0.702
112	18	14.500	7.477	1	29	18.728	799	1320	6	6	6.650	3.446	128.252	0.645	1.930	0.518	0.679
113	31	21.742	10.043	4	44	24.385	1888	1323	9	7	7.882	5.007	178.079	0.655	1.574	0.635	0.689
114	40	26.600	12.446	5	54	23.899	1673	1329	8	6	9.007	5.655	165.691	0.880	1.593	0.628	0.920
115	21	28.286	13.846	6	51	17.314	2934	1330	5	6	6.267	4.267	115.656	0.880	1.469	0.681	0.840
116	101	24.050	12.052	1	55	51.113	1309	1335	11	18	14.456	8.896	99.251	0.486	1.625	0.615	0.701
117	421	24.197	10.925	1	61	101.640	1651	1362	26	26	25.994	20.621	48.818	0.512	1.261	0.793	0.823
118	513	63.444	27.245	0	157	102.912	1204	1380	33	24	34.912	18.709	19.344	0.609	1.866	0.536	0.833
119	293	46.212	17.591	6	92	69.012	3318	1385	24	19	24.621	15.152	156.078	0.773	1.625	0.615	0.869
120	51	19.176	7.809	1	35	43.113	1744	1387	16	9	14.915	4.354	160.546	0.345	3.426	0.292	0.554
121	57	26.526	9.358	7	51	32.042	175	1409	11	9	10.851	6.688	32.401	0.698	1.622	0.616	0.770
122	36	29.167	10.692	8	44	22.971	2984	1412	7	8	7.929	5.781	128.233	0.857	1.371	0.729	0.828
123	23	13.174	5.952	5	25	27.799	2773	1415	10	8	9.568	3.061	41.777	0.374	3.126	0.320	0.529
124	593	14.165	7.318	1	40	195.137	3427	1422	50	27	41.071	18.383	163.864	0.196	2.234	0.448	0.653
125	356	19.466	10.070	2	50	88.083	259	1435	26	25	23.823	19.026	14.355	0.577	1.252	0.799	0.781
126	42	21.119	7.737	6	38	38.042	2891	1461	11	9	8.883	6.020	2.067	0.365	1.476	0.678	0.564
127	1358	14.388	8.229	0	50	241.421	1338	1478	53	53	52.901	32.685	130.676	0.293	1.619	0.618	0.719
128	16	13.500	6.398	1	26	15.899	193	1498	5	5	5.840	3.488	57.841	0.795	1.674	0.597	0.780
129	17	14.235	8.990	6	31	25.556	2489	1523	7	8	6.306	3.432	132.860	0.327	1.837	0.544	0.459
130	224	14.295	6.737	1	32	126.953	3197	1525	24	22	18.153	15.711	3.667	0.175	1.155	0.865	0.569
131	115	46.513	15.660	12	90	41.456	567	1550	15	11	13.978	10.475	159.484	0.841	1.334	0.749	0.881
132	19	20.474	11.496	6	46	15.899	2164	1556	4	6	6.220	3.889	90.603	0.944	1.599	0.625	0.884
133	45	24.000	9.415	5	47	26.385	867	1567	10	7	9.204	6.225	162.264	0.812	1.478	0.676	0.826
134	26	13.192	6.099	4	31	29.799	3139	1570	7	10	8.566	3.865	122.916	0.368	2.216	0.451	0.565
135	17	31.412	10.217	10	46	17.314	717	1579	6	5	7.233	2.993	149.319	0.713	2.417	0.414	0.739
136	47	43.957	14.635	18	73	26.385	3313	1587	9	8	8.758	6.833	11.526	0.848	1.282	0.780	0.855
137	1253	22.725	10.847	0	62	215.137	30	1620	59	47	61.551	25.920	149.006	0.340	2.375	0.421	0.720
138	163	35.859	16.860	4	82	58.184	340	1641	24	13	22.777	9.112	159.275	0.605	2.500	0.400	0.830
139	83	10.566	5.726	1	29	56.770	1411	1652	16	14	14.084	7.503	33.445	0.324	1.877	0.533	0.589
140	89	29.371	11.616	4	61	39.213	2389	1667	11	13	12.664	8.948	127.757	0.727	1.415	0.707	0.844
141	216	36.977	14.836	1	73	65.355	3393	1671	24	15	23.476	11.715	19.344	0.635	2.004	0.499	0.831
142	1982	26.791	13.742	1	81	232.936	3916	1703	66	59	68.813	36.673	37.391	0.459	1.876	0.533	0.800
143	204	58.314	20.236	6	112	58.770	3329	1717	22	15	21.034	12.349	27.559	0.742	1.703	0.587	0.876
144	165	39.455	15.506	7	77	51.355	3435	1758	17	16	16.393	12.816	129.537	0.786	1.279	0.782	0.844
145	286	39.909	19.084	3	102	84.326	3461	1761	24	24	25.824	14.101	124.786	0.505	1.831	0.546	0.784
146	86	41.826	17.161	8	83	37.213	2826	1765	10	13	12.257	8.934	107.982	0.780	1.372	0.729	0.831
147	305	25.384	11.640	0	65	82.326	2467	1778	22	26	23.227	16.719	88.291	0.566	1.389	0.720	0.795
148	51	26.216	9.981	4	45	30.385	3564	1791	10	8	9.496	6.838	162.760	0.694	1.389	0.720	0.791
149	77	50.403	17.280	12	83	37.213	401	1822	12	9	10.967	8.939	164.240	0.699	1.227	0.815	0.811
150	45	40.800	13.266	4	72	28.142	3349	1833	9	7	9.361	6.121	14.693	0.714	1.529	0.654	0.818
151	42	41.952	7.969	17	53	24.728	75	1835	8	7	7.735	6.913	166.599	0.863	1.119	0.894	0.857
152	321	28.539	11.742	2	61	87.740	785	1864	29	19	26.062	15.682	166.033	0.524	1.662	0.602	0.790
153	18	13.889	7.607	2	37	18.142	322	1866	7	5	6.546	3.501	158.424	0.687	1.870	0.535	0.706
154	60	58.383	18.859	3	89	32.627	125	1868	11	10	9.623	7.939	8.239	0.708	1.212	0.825	0.759
155	68	21.809	7.448	10	45	40.042	2342	1883	13	11	11.680	7.412	147.019	0.533	1.576	0.635	0.673
156	25	25.360	10.460	3	44	19.314	1785	1886	7	5	6.344	5.017	17.137	0.842	1.264	0.791	0.847
157	215	29.521	13.755	2	72	64.527	3523	1897	15	21	19.760	13.853	86.371	0.649	1.426	0.701	0.855
158	506	22.047	10.627	1	55	114.468	304	1910	32	26	30.010	21.468	0.962	0.485	1.398	0.715	0.804
159	105	33.248	15.015	4	71	44.284	884	1915	15	12	14.568	9.177	140.875	0.673	1.587	0.630	0.789
160	33	12.939	5.979	3	26	42.870	1243	1932	10	11	8.299	5.063	134.720	0.226	1.639	0.610	0.465
161	23	24.522	10.175	5	44	20.142	662	1934	7	6	6.886	4.253	37.909	0.712	1.619	0.618	0.742
162	63	38.333	12.166	13	60	29.556	2092	1948	10	8	10.476	7.657	3.440	0.906	1.368	0.731	0.900
163	24	23.667	12.634	3	54	24.971	584	1949	7	8	7.519	4.064	141.727	0.484	1.850	0.541	0.632
164	292	60.887	22.216	1	130	75.841	64	1952	24	20	20.784	17.889	2.575	0.638	1.162	0.861	0.813
165	50	27.240	11.271	7	47	32.385	2781	1957	10	8	8.570	7.429	35.029	0.599	1.154	0.867	0.758
166	947	59.577	24.785	1	122	140.368	534	1994	51	33	51.308	23.501	153.374	0.604	2.183	0.458	0.851
167	129	15.915	8.774	0	44	53.113	2195	1999	14	17	15.073	10.897	68.553	0.575	1.383	0.723	0.754
168	87	36.724	15.748	5	74	44.042	89	2009	16	9	15.877	6.977	4.979	0.564	2.276	0.439	0.763
169	436	38.532	15.672	4	76	88.912	317	2014	24	25	25.689	21.610	109.623	0.693	1.189	0.841	0.877
170	21	19.286	9.067	4	34	17.899	1592	2024	6	5	5.283	5.061	33.506	0.824	1.044	0.958	0.824
171	52	33.308	13.471	8	56	30.385	3521	2032	11	7	10.283	6.439	169.023	0.708	1.597	0.626	0.812
172	1006	19.665	9.997	0	58	169.338	455	2039	37	48	44.069	29.065	59.317	0.441	1.516	0.660	0.804
173	23	27.174	9.432	10	44	17.899	555	2049	6	5	6.892	4.249	149.682	0.902	1.622	0.616	0.868
174	51	28.235	11.815	5	50	30.142	1725	2052	11	7	10.085	6.439	178.625	0.705	1.566	0.638	0.816
175	80	36.200	15.797	6	72	49.456	271	2077	19	10	16.634	6.124	166.655	0.411	2.716	0.368	0.669
176	45	24.756	10.564	4	50	30.385	45	2090	11	7	9.455	6.060	171.508	0.613	1.560	0.641	0.744
177	130	38.992	15.741	7	71	47.698	3121	2091	17	12	16.398	10.094	174.232	0.718	1.625	0.616	0.807
178	27	19.593	10.367	4	43	24.142	34	2092	8	7	6.757	5.088	171.528	0.582	1.328	0.753	0.701
179	83	19.880	9.996	1	43	40.042	3058	2094	12	11	11.805	8.952	154.986	0.651	1.319	0.758	0.783
180	24	19.125	7.225	7	34	19.899	777	2095	6	6	6.166	4.956	179.079	0.762	1.244	0.804	0.800
181	39	41.846	10.062	24	63	26.971	689	2111	10	7	8.241	6.026	170.172	0.674	1.368	0.731	0.743
182	503	28.680	12.446	0	72	148.953	3001	2116	54	23	44.708	14.325	5.572	0.285	3.121	0.320	0.635
183	187	63.583	20.581	4	104	55.941	2958	2122	20	15	20.117	11.835	149.232	0.751	1.700	0.588	0.854
184	88	20.080	9.435	0	49	39.213	738	2128	11	11	11.691	9.584	54.159	0.719	1.220	0.820	0.854
185	25	29.440	11.976	8	52	18.142	1848	2129	7	5	6.750	4.716	22.043	0.954	1.432	0.699	0.862
186	60	16.633	9.003	3	39	42.870	686	2141	10	14	12.326	6.198	93.808	0.410	1.989	0.503	0.612
187	89	13.539	7.939	1	38	42.870	2672	2147	10	15	14.701	7.708	75.453	0.609	1.907	0.524	0.751
188	99	37.475	15.187	3	70	46.284	666	2152	16	12	15.747	8.005	36.375	0.581	1.967	0.508	0.764
189	64	20.562	6.861	2	31	32.971	2190	2166	10	10	9.688	8.411	44.224	0.740	1.152	0.868	0.795
190	53	39.057	15.378	10	69	29.556	601	2174	10	7	9.395	7.183	164.416	0.762	1.308	0.765	0.869
191	48	41.854	16.743	7	74	26.385	3380	2183	9	8	8.608	7.100	15.422	0.866	1.212	0.825	0.828
192	133	31.474	13.709	3	75	55.941	2548	2197	21	12	22.018	7.691	17.912	0.534	2.863	0.349	0.778
193	1081	42.184	18.839	0	97	150.024	1110	2202	31	48	49.088	28.039	80.356	0.604	1.751	0.571	0.885
194	185	55.059	26.206	2	107	72.083	2456	2205	19	21	19.339	12.180	127.367	0.447	1.588	0.630	0.717
195	469	44.563	18.609	2	121	96.468	2817	2205	30	24	28.574	20.899	178.242	0.633	1.367	0.731	0.825
196	102	49.020	15.652	10	90	40.284	2092	2222	15	11	13.153	9.874	1.416	0.790	1.332	0.751	0.850
197	23	19.304	10.628	7	47	18.142	1029	2233	6	6	5.579	5.250	55.649	0.878	1.063	0.941	0.807
198	841	33.857	16.762	1	82	138.610	358	2256	41	30	39.668	26.994	179.736	0.550	1.469	0.681	0.856
199	22	28.409	13.828	11	57	18.142	526	2266	7	5	6.859	4.084	168.962	0.840	1.679	0.595	0.786
200	50	31.960	11.123	10	57	29.556	2385	2269	9	9	10.079	6.316	41.481	0.719	1.596	0.627	0.820
201	31	28.484	15.366	4	57	25.213	710	2276	9	7	7.475	5.280	12.562	0.613	1.416	0.706	0.667
202	52	16.250	8.014	3	31	42.627	3709	2281	10	11	8.350	7.929	129.338	0.360	1.053	0.950	0.612
203	24	16.417	7.813	5	38	22.142	3564	2287	8	6	7.327	4.171	21.038	0.615	1.757	0.569	0.738
204	49	17.449	9.648	4	41	38.728	3995	2315	4	17	17.861	3.493	89.838	0.411	5.113	0.196	0.824
205	56	15.661	8.518	3	41	30.042	637	2319	10	10	9.569	7.452	53.978	0.780	1.284	0.779	0.772
206	24	34.167	10.853	10	61	17.899	662	2320	6	5	6.236	4.901	11.860	0.941	1.272	0.786	0.906
207	122	46.869	17.913	8	81	48.284	67	2325	18	11	18.211	8.530	17.460	0.658	2.135	0.468	0.838
208	142	29.415	13.216	1	63	51.698	1258	2330	19	13	16.310	11.085	178.529	0.668	1.471	0.680	0.802
209	172	43.576	16.659	5	74	57.355	3774	2331	17	15	16.624	13.173	9.111	0.657	1.262	0.792	0.833
210	16	28.312	8.693	2	38	17.899	282	2332	4	7	5.592	3.643	102.575	0.628	1.535	0.651	0.744
211	611	34.242	14.723	1	95	116.711	2585	2332	31	31	30.219	25.743	42.574	0.564	1.174	0.852	0.848
212	87	31.011	11.981	9	60	37.213	3390	2361	9	13	13.497	8.207	85.331	0.789	1.645	0.608	0.861
213	94	42.553	15.452	2	73	40.870	559	2373	14	12	15.838	7.557	34.336	0.707	2.096	0.477	0.828
214	3270	23.225	11.248	0	62	307.463	2503	2377	77	65	78.048	53.346	26.031	0.435	1.463	0.683	0.870
215	25	14.800	7.794	3	30	28.142	3705	2377	6	8	7.440	4.279	86.478	0.397	1.739	0.575	0.588
216	19	7.789	3.276	2	14	30.142	3711	2378	11	5	9.352	2.587	12.838	0.263	3.615	0.277	0.452
217	31	31.710	13.212	13	68	22.728	828	2388	9	5	9.089	4.343	10.637	0.754	2.093	0.478	0.849
218	188	34.037	14.538	3	76	66.527	597	2396	21	15	20.031	11.950	173.915	0.534	1.676	0.597	0.770
219	44	31.568	14.241	7	66	30.385	1964	2399	11	8	8.896	6.298	12.720	0.599	1.413	0.708	0.715
220	21	17.429	7.332	5	33	18.142	1410	2401	7	5	6.114	4.374	173.953	0.802	1.398	0.715	0.792
221	32	19.156	7.072	5	34	25.314	2299	2404	9	6	8.696	4.685	33.954	0.628	1.856	0.539	0.771
222	225	29.751	13.525	4	65	72.669	3000	2411	22	19	17.109	16.744	18.137	0.535	1.022	0.979	0.779
223	27	16.852	8.443	3	36	20.142	1087	2415	6	7	7.113	4.833	60.286	0.836	1.472	0.679	0.806
224	47	22.979	9.342	4	44	27.556	2012	2418	11	6	10.644	5.622	5.588	0.778	1.893	0.528	0.855
225	280	38.932	15.107	2	71	79.012	2241	2450	24	23	28.371	12.566	47.853	0.564	2.258	0.443	0.806
226	23	40.783	11.525	15	58	19.899	709	2462	7	5	5.813	5.038	19.275	0.730	1.154	0.867	0.793
227	37	38.865	12.216	6	68	23.556	2611	2462	8	7	7.355	6.406	173.450	0.838	1.148	0.871	0.813
228	577	50.712	22.326	3	110	100.811	2306	2464	26	35	32.406	22.670	88.777	0.713	1.429	0.700	0.868
229	60	44.200	11.651	11	65	30.042	1785	2474	10	10	9.204	8.300	108.668	0.835	1.109	0.902	0.811
230	54	25.074	10.403	9	48	33.456	1369	2475	10	11	10.555	6.514	121.522	0.606	1.620	0.617	0.701
231	146	27.596	12.464	4	64	55.113	341	2497	17	15	18.704	9.939	147.123	0.604	1.882	0.531	0.777
232	51	27.118	13.383	2	49	37.556	1	2520	10	12	11.143	5.827	146.235	0.454	1.912	0.523	0.637
233	145	46.124	14.920	6	82	48.627	2256	2579	16	13	16.794	10.993	147.101	0.771	1.528	0.655	0.876
234	37	28.892	12.069	8	55	28.971	3900	2587	7	9	7.995	5.893	109.503	0.554	1.357	0.737	0.725
235	24	35.458	10.142	15	58	18.728	1133	2597	5	7	6.754	4.524	114.998	0.860	1.493	0.670	0.842
236	308	36.591	12.911	2	76	78.426	3491	2601	23	24	27.494	14.264	124.186	0.629	1.928	0.519	0.835
237	223	35.377	15.936	2	78	57.698	1703	2611	17	18	19.020	14.928	131.312	0.842	1.274	0.785	0.905
238	18	18.222	10.143	6	38	18.728	1816	2629	6	6	5.267	4.352	46.632	0.645	1.210	0.826	0.720
239	258	48.217	19.008	0	99	67.598	2618	2652	24	18	24.462	13.429	147.837	0.710	1.822	0.549	0.864
240	194	28.871	12.104	2	69	57.698	866	2665	18	15	18.588	13.289	16.031	0.732	1.399	0.715	0.855
241	1243	43.105	21.753	1	115	194.066	1751	2673	55	44	55.728	28.399	138.196	0.415	1.962	0.510	0.798
242	49	36.224	11.953	7	58	30.042	1594	2696	8	10	9.521	6.553	72.948	0.682	1.453	0.688	0.760
243	201	66.612	19.706	1	112	55.941	33	2697	18	16	18.069	14.163	174.532	0.807	1.276	0.784	0.880
244	50	26.360	11.792	3	55	29.799	527	2711	8	10	9.213	6.910	53.800	0.708	1.333	0.750	0.775
245	16	20.500	7.230	10	31	23.556	2790	2713	7	6	4.999	4.076	171.344	0.362	1.226	0.815	0.525
246	18	29.556	9.618	14	49	15.899	3206	2716	6	4	6.129	3.739	20.874	0.895	1.639	0.610	0.878
247	213	69.441	22.783	5	112	56.870	131	2725	18	15	17.497	15.500	169.068	0.828	1.129	0.886	0.910
248	37	28.459	8.068	13	45	26.971	2850	2732	10	7	8.060	5.845	159.141	0.639	1.379	0.725	0.733
249	136	20.441	9.978	2	48	62.527	861	2733	14	18	16.469	10.514	71.173	0.437	1.566	0.638	0.712
250	24	34.125	13.231	1	52	20.728	335	2738	7	6	5.926	5.156	173.753	0.702	1.149	0.870	0.750
251	26	18.692	6.516	7	31	19.314	518	2753	6	6	6.059	5.463	134.999	0.876	1.109	0.902	0.839
252	843	16.917	9.200	0	52	159.924	2006	2760	40	38	41.493	25.868	140.496	0.414	1.604	0.623	0.796
253	16	34.312	12.684	8	58	14.485	1921	2770	4	5	5.186	3.928	55.581	0.958	1.320	0.758	0.914
254	20	19.200	10.405	7	41	20.142	380	2791	7	6	7.128	3.573	26.038	0.619	1.995	0.501	0.714
255	133	30.752	12.519	4	63	51.113	1883	2815	13	17	17.520	9.666	59.253	0.640	1.813	0.552	0.796
256	187	24.845	10.468	2	59	54.870	2334	2816	17	15	16.147	14.745	170.041	0.781	1.095	0.913	0.868
257	24	35.500	8.257	15	49	21.556	3352	2820	7	7	7.218	4.234	120.496	0.649	1.705	0.587	0.727
258	863	19.809	10.032	0	54	184.066	163	2839	53	30	50.352	21.823	166.329	0.320	2.307	0.433	0.760
259	32	32.188	13.996	8	60	24.142	2496	2844	8	7	7.850	5.190	13.063	0.690	1.513	0.661	0.762
260	58	49.759	13.831	7	83	29.213	2757	2852	10	9	9.009	8.197	126.951	0.854	1.099	0.910	0.829
261	21	18.524	6.961	7	29	17.899	361	2858	5	6	5.672	4.714	113.801	0.824	1.203	0.831	0.875
262	643	28.383	13.753	1	78	123.539	1123	2866	35	32	32.155	25.461	142.131	0.529	1.263	0.792	0.823
263	35	44.657	12.672	14	67	22.142	1199	2876	7	7	7.265	6.134	41.667	0.897	1.184	0.844	0.864
264	355	15.870	7.818	0	48	97.983	76	2884	27	23	22.853	19.778	179.874	0.465	1.155	0.865	0.776
265	243	15.930	8.240	0	41	86.569	532	2903	24	20	18.586	16.647	149.093	0.407	1.116	0.896	0.733
266	80	48.900	17.815	13	84	37.799	179	2909	14	9	14.602	6.976	158.114	0.704	2.093	0.478	0.812
267	35	47.343	13.464	8	74	23.556	3473	2910	8	7	8.037	5.545	39.851	0.793	1.449	0.690	0.814
268	51	38.078	12.714	17	63	28.971	741	2914	10	8	8.997	7.217	6.605	0.764	1.247	0.802	0.810
269	375	34.357	12.166	4	69	83.841	53	2915	25	21	25.093	19.028	163.127	0.670	1.319	0.758	0.867
270	134	41.060	16.360	5	85	51.941	2387	2916	19	11	18.336	9.305	177.314	0.624	1.971	0.507	0.810
271	19	25.789	8.297	5	39	18.142	1402	2948	6	5	5.400	4.480	24.428	0.725	1.205	0.830	0.745
272	126	70.683	17.847	24	117	43.213	2155	2955	15	11	15.005	10.691	2.363	0.848	1.404	0.712	0.897
273	436	51.546	22.555	4	103	86.569	1185	2964	26	29	29.047	19.111	126.361	0.731	1.520	0.658	0.873
274	61	65.738	13.909	21	97	30.385	2782	2967	11	8	10.611	7.319	0.597	0.830	1.450	0.690	0.841
275	293	58.659	24.485	3	118	72.527	2904	2969	24	19	21.350	17.473	26.230	0.700	1.222	0.818	0.838
276	174	32.080	13.749	1	67	62.527	2258	2979	21	14	17.690	12.524	17.940	0.559	1.413	0.708	0.782
277	116	45.371	18.563	8	86	63.213	1217	2992	26	7	23.900	6.180	179.783	0.365	3.867	0.259	0.781
