 	Area	Mean	StdDev	Min	Max	Perim.	BX	BY	Width	Height	Major	Minor	Angle	Circ.	AR	Round	Solidity
1	29	18.000	9.592	1	38	22.142	1079	2	7	7	6.461	5.715	111.616	0.743	1.131	0.885	0.773
2	34	31.029	10.095	12	49	28.627	1085	19	10	7	8.330	5.197	8.144	0.521	1.603	0.624	0.660
3	44	47.750	17.907	1	77	26.971	1007	28	10	7	9.670	5.794	1.632	0.760	1.669	0.599	0.800
4	25	12.760	6.610	1	25	23.314	2064	41	7	6	6.141	5.184	18.994	0.578	1.185	0.844	0.725
5	37	22.811	9.840	4	40	28.385	2924	44	8	10	7.961	5.918	58.585	0.577	1.345	0.743	0.661
6	422	39.900	17.513	2	101	114.326	1361	62	43	24	43.513	12.348	22.906	0.406	3.524	0.284	0.734
7	366	44.014	17.558	2	92	76.426	3795	75	27	20	25.127	18.546	10.603	0.787	1.355	0.738	0.889
8	24	26.625	8.968	8	45	19.899	1879	81	6	6	6.028	5.069	98.130	0.762	1.189	0.841	0.800
9	18	32.889	11.661	16	55	15.899	358	108	5	5	5.150	4.450	160.553	0.895	1.157	0.864	0.837
10	97	25.165	12.537	1	50	52.527	3652	115	18	12	13.555	9.111	168.107	0.442	1.488	0.672	0.667
11	2159	32.382	14.980	0	95	234.836	3476	124	69	50	63.709	43.148	177.969	0.492	1.477	0.677	0.853
12	451	17.466	9.963	0	61	107.882	1771	129	33	23	29.629	19.380	176.908	0.487	1.529	0.654	0.804
13	35	29.486	12.571	10	51	24.142	3077	177	10	5	9.732	4.579	170.561	0.755	2.125	0.470	0.854
14	1104	59.014	24.795	0	137	148.368	3354	219	45	39	39.465	35.618	163.746	0.630	1.108	0.903	0.871
15	18	21.222	9.296	8	42	15.899	1151	249	6	4	5.940	3.858	8.570	0.895	1.540	0.650	0.878
16	77	22.831	10.138	4	46	52.527	1717	257	14	10	11.695	8.383	6.664	0.351	1.395	0.717	0.672
17	136	40.184	15.543	2	73	46.385	3619	258	14	12	14.995	11.548	174.711	0.794	1.299	0.770	0.895
18	152	51.013	19.347	3	85	50.870	717	274	18	11	17.676	10.949	172.851	0.738	1.614	0.619	0.871
19	74	31.405	10.754	7	58	32.385	3260	289	10	10	9.804	9.610	63.487	0.887	1.020	0.980	0.881
20	333	65.021	28.287	5	127	76.912	1297	313	23	24	21.561	19.665	94.655	0.707	1.096	0.912	0.831
21	59	41.593	13.205	6	75	29.799	2294	321	9	10	9.485	7.920	119.012	0.835	1.198	0.835	0.837
22	23	8.174	6.457	0	24	28.971	1006	336	10	7	7.931	3.693	26.173	0.344	2.148	0.466	0.500
23	76	43.605	13.377	16	76	34.627	2330	360	13	9	11.934	8.109	8.841	0.796	1.472	0.679	0.831
24	16	29.062	9.705	5	41	16.728	3125	379	6	5	5.589	3.645	20.466	0.719	1.533	0.652	0.744
25	60	20.500	7.160	3	36	34.042	3176	381	10	12	12.459	6.131	59.329	0.651	2.032	0.492	0.774
26	1400	50.169	22.984	2	124	175.581	1490	391	57	39	52.704	33.822	171.959	0.571	1.558	0.642	0.839
27	111	23.982	12.964	4	60	50.527	3222	396	17	13	13.681	10.331	170.269	0.546	1.324	0.755	0.728
28	24	14.042	7.463	2	28	20.728	160	404	6	7	7.463	4.095	132.231	0.702	1.822	0.549	0.787
29	164	28.732	13.223	2	67	59.113	457	412	18	16	15.602	13.384	85.650	0.590	1.166	0.858	0.785
30	264	24.519	11.244	0	53	75.355	3227	433	26	15	25.392	13.238	2.846	0.584	1.918	0.521	0.821
31	116	56.095	17.276	5	83	41.213	1525	442	16	9	15.920	9.277	173.553	0.858	1.716	0.583	0.932
32	1718	52.327	26.919	2	140	228.451	3345	444	83	42	66.564	32.862	9.381	0.414	2.026	0.494	0.754
33	81	41.605	12.734	7	70	34.627	509	488	11	11	11.634	8.865	143.968	0.849	1.312	0.762	0.853
34	28	21.964	6.149	10	33	23.314	3605	490	7	6	7.672	4.647	156.525	0.647	1.651	0.606	0.789
35	275	34.687	16.420	2	83	71.841	1422	494	21	21	19.457	17.995	161.857	0.670	1.081	0.925	0.809
36	2212	42.784	20.832	1	120	257.664	1748	494	71	62	72.454	38.872	139.415	0.419	1.864	0.536	0.810
37	188	14.186	8.162	1	42	87.255	3785	495	21	21	17.390	13.765	138.391	0.310	1.263	0.792	0.616
38	700	36.523	16.198	2	94	123.296	1947	500	31	34	32.618	27.325	77.343	0.579	1.194	0.838	0.846
39	74	23.392	11.649	4	51	43.456	1096	505	17	8	14.657	6.428	179.688	0.492	2.280	0.439	0.708
40	45	38.178	14.876	12	72	27.213	645	536	9	9	10.627	5.392	41.345	0.764	1.971	0.507	0.818
41	23	22.522	12.522	6	54	21.899	569	546	8	5	7.160	4.090	3.394	0.603	1.751	0.571	0.780
42	6348	45.319	25.321	0	134	433.203	2500	560	123	81	114.091	70.843	10.641	0.425	1.610	0.621	0.822
43	142	46.662	16.884	2	82	47.113	719	573	17	13	15.733	11.492	166.263	0.804	1.369	0.730	0.858
44	244	36.164	17.327	0	77	74.426	2385	580	25	15	23.501	13.219	177.707	0.554	1.778	0.563	0.809
45	66	18.667	9.146	4	42	30.142	2412	581	11	7	11.144	7.541	3.901	0.913	1.478	0.677	0.923
46	19	30.579	11.231	8	46	20.142	303	585	8	5	6.291	3.846	1.298	0.589	1.636	0.611	0.679
47	103	62.097	19.041	13	110	43.698	2051	585	15	11	13.403	9.785	3.914	0.678	1.370	0.730	0.808
48	19	18.263	9.439	4	38	15.899	1217	592	6	4	5.773	4.191	18.738	0.944	1.378	0.726	0.884
49	45	40.689	11.180	13	72	27.213	111	619	10	8	8.558	6.695	160.304	0.764	1.278	0.782	0.783
50	903	62.914	27.717	4	153	166.510	3155	673	41	41	41.556	27.667	118.248	0.409	1.502	0.666	0.725
51	29	39.690	13.654	7	68	19.899	1405	700	7	5	7.725	4.780	23.199	0.920	1.616	0.619	0.906
52	113	35.717	15.381	5	69	45.456	3271	715	15	13	14.005	10.273	0.620	0.687	1.363	0.734	0.825
53	301	34.372	15.575	3	93	102.569	1478	726	39	15	35.883	10.680	179.152	0.360	3.360	0.298	0.702
54	96	30.667	12.914	2	56	48.870	688	731	20	10	20.348	6.007	162.323	0.505	3.388	0.295	0.759
55	63	28.460	10.005	6	50	28.971	1067	733	9	9	9.402	8.531	134.152	0.943	1.102	0.907	0.894
56	82	37.171	16.215	4	79	39.456	1241	778	14	10	12.587	8.295	3.699	0.662	1.517	0.659	0.781
57	27	28.222	10.782	7	50	20.142	823	782	7	6	6.433	5.344	166.166	0.836	1.204	0.831	0.794
58	98	48.357	17.401	5	81	42.870	2726	795	16	10	14.781	8.442	169.267	0.670	1.751	0.571	0.807
59	26	16.962	8.307	2	32	26.142	3177	827	11	5	9.759	3.392	165.736	0.478	2.877	0.348	0.712
60	20	36.600	18.964	10	81	20.728	669	841	8	4	7.370	3.455	1.333	0.585	2.133	0.469	0.727
61	44	48.886	14.192	18	74	27.213	1249	855	10	7	9.488	5.904	1.265	0.747	1.607	0.622	0.779
62	36	32.806	13.957	10	55	30.385	726	870	11	8	8.797	5.210	141.266	0.490	1.688	0.592	0.655
63	153	64.516	20.623	8	107	49.698	3526	872	16	15	15.132	12.873	154.981	0.778	1.175	0.851	0.843
64	120	18.817	9.193	1	44	58.184	647	877	17	12	15.957	9.575	11.691	0.445	1.666	0.600	0.702
65	170	29.529	13.337	2	63	63.012	3003	887	20	15	17.739	12.202	24.916	0.538	1.454	0.688	0.771
66	24	29.167	11.842	7	50	19.314	2692	900	7	5	7.079	4.317	6.205	0.809	1.640	0.610	0.842
67	193	29.756	12.216	0	55	63.012	3594	901	20	19	20.673	11.887	134.664	0.611	1.739	0.575	0.801
68	24	47.333	14.678	19	69	17.899	1063	926	6	5	5.835	5.237	20.078	0.941	1.114	0.898	0.889
69	32	51.094	17.801	18	80	20.728	1262	938	7	6	7.365	5.532	18.107	0.936	1.331	0.751	0.877
70	161	27.863	16.311	3	65	51.456	3062	1009	19	12	18.782	10.914	16.066	0.764	1.721	0.581	0.882
71	93	57.022	18.839	7	94	37.456	3379	1011	13	11	14.479	8.178	149.018	0.833	1.770	0.565	0.865
72	21	28.524	11.643	11	46	19.899	2333	1024	8	4	7.486	3.572	175.624	0.666	2.096	0.477	0.824
73	33	36.394	11.522	7	64	20.728	3680	1026	7	6	7.344	5.721	170.925	0.965	1.284	0.779	0.880
74	261	73.314	26.898	15	141	69.598	1480	1029	22	19	21.304	15.598	158.106	0.677	1.366	0.732	0.837
75	55	41.436	14.229	1	70	28.385	859	1032	10	8	10.162	6.891	7.289	0.858	1.475	0.678	0.846
76	1061	49.022	24.501	1	132	186.167	2872	1036	69	30	71.692	18.843	166.915	0.385	3.805	0.263	0.733
77	73	39.384	16.793	11	74	33.799	69	1037	11	10	11.677	7.960	140.202	0.803	1.467	0.682	0.839
78	77	39.052	14.962	9	76	38.042	1464	1037	14	10	13.607	7.205	28.377	0.669	1.889	0.529	0.794
79	630	29.792	13.278	1	70	134.610	455	1049	36	28	32.451	24.719	163.145	0.437	1.313	0.762	0.806
80	27	37.111	10.882	15	56	20.142	3561	1066	7	6	6.638	5.179	164.070	0.836	1.282	0.780	0.831
81	33	29.879	13.219	5	52	21.314	2745	1069	6	7	7.825	5.369	119.209	0.913	1.457	0.686	0.880
82	389	55.440	24.167	7	120	90.912	1970	1084	33	19	30.447	16.267	9.692	0.591	1.872	0.534	0.826
83	28	16.393	7.130	6	38	32.971	3766	1089	9	7	6.664	5.350	10.077	0.324	1.246	0.803	0.533
84	44	18.068	8.522	4	34	28.385	2167	1096	12	6	10.679	5.246	167.065	0.686	2.036	0.491	0.822
85	17	26.882	10.700	11	46	15.899	632	1126	5	5	5.165	4.191	113.763	0.845	1.233	0.811	0.810
86	21	29.095	11.484	12	54	17.071	2191	1130	6	4	6.008	4.451	169.099	0.906	1.350	0.741	0.933
87	25	16.320	9.746	4	36	22.142	1857	1131	6	8	6.708	4.745	99.501	0.641	1.414	0.707	0.714
88	159	32.811	13.362	5	72	55.113	2115	1144	20	14	18.766	10.788	170.444	0.658	1.740	0.575	0.793
89	129	13.597	7.190	0	35	91.841	2966	1172	23	17	16.806	9.773	159.236	0.192	1.720	0.582	0.517
90	100	41.670	12.445	6	74	38.627	362	1192	12	12	13.120	9.705	45.756	0.842	1.352	0.740	0.873
91	60	44.417	14.583	7	71	35.456	292	1201	13	9	12.085	6.321	155.732	0.600	1.912	0.523	0.741
92	57	43.509	17.071	3	82	31.213	94	1253	11	9	10.126	7.167	168.363	0.735	1.413	0.708	0.792
93	44	47.864	19.225	7	89	29.213	3396	1260	11	8	9.532	5.877	152.551	0.648	1.622	0.617	0.727
94	16	39.062	9.227	18	56	16.485	3252	1269	7	3	6.829	2.983	173.773	0.740	2.289	0.437	0.889
95	755	74.117	36.021	6	198	115.054	703	1295	44	26	40.811	23.555	4.954	0.717	1.733	0.577	0.899
96	54	73.056	21.271	11	110	34.385	3392	1307	10	9	9.489	7.246	11.033	0.574	1.310	0.764	0.735
97	300	67.637	30.524	5	147	76.669	464	1317	26	21	21.897	17.444	147.610	0.641	1.255	0.797	0.796
98	373	31.727	14.710	2	69	103.983	1971	1343	23	31	33.399	14.219	119.680	0.434	2.349	0.426	0.733
99	31	55.677	18.135	7	80	21.314	422	1346	8	5	7.789	5.067	0.229	0.858	1.537	0.651	0.886
100	33	41.000	15.835	13	72	24.971	639	1349	8	7	8.439	4.979	21.883	0.665	1.695	0.590	0.750
101	632	54.524	27.501	2	129	105.983	1770	1356	37	27	33.169	24.260	159.393	0.707	1.367	0.731	0.876
102	93	28.581	11.197	2	48	42.042	2935	1401	14	10	13.609	8.701	6.168	0.661	1.564	0.639	0.816
103	35	30.200	11.501	10	55	21.556	2471	1436	8	6	7.740	5.757	12.308	0.947	1.344	0.744	0.864
104	68	55.309	19.869	14	90	37.213	1783	1457	16	7	15.050	5.753	177.921	0.617	2.616	0.382	0.795
105	571	62.671	31.813	5	175	100.225	2132	1462	37	25	33.779	21.523	0.862	0.714	1.569	0.637	0.893
106	484	32.000	13.749	2	85	102.225	500	1473	35	21	32.264	19.100	9.849	0.582	1.689	0.592	0.850
107	105	56.248	22.513	10	113	43.113	2118	1492	15	13	14.789	9.040	139.639	0.710	1.636	0.611	0.792
108	58	23.000	12.620	1	54	31.556	1	1510	8	11	9.579	7.709	78.603	0.732	1.242	0.805	0.811
109	425	20.174	10.028	0	46	110.569	723	1527	35	21	32.440	16.681	175.687	0.437	1.945	0.514	0.759
110	24	39.208	15.643	9	62	18.142	2882	1527	6	6	5.800	5.269	34.838	0.916	1.101	0.909	0.814
111	91	31.253	12.665	5	74	43.456	2078	1537	17	10	16.370	7.078	153.717	0.606	2.313	0.432	0.791
112	50	25.440	11.364	1	56	37.799	148	1544	15	7	11.397	5.586	174.656	0.440	2.040	0.490	0.654
113	37	46.216	16.000	16	102	29.213	594	1545	11	6	10.819	4.355	159.739	0.545	2.484	0.403	0.718
114	39	47.513	14.402	21	80	24.142	556	1549	9	6	8.804	5.640	7.227	0.841	1.561	0.641	0.857
115	16	20.688	6.405	4	32	15.314	3537	1550	5	5	5.786	3.521	33.391	0.857	1.643	0.609	0.800
116	16	23.562	9.388	6	41	15.314	1040	1563	6	4	5.273	3.864	3.485	0.857	1.365	0.733	0.800
117	731	43.274	21.484	2	109	119.296	2209	1574	43	27	40.536	22.961	15.847	0.645	1.765	0.566	0.865
118	663	60.179	30.503	2	165	108.326	1730	1592	35	28	36.806	22.935	141.353	0.710	1.605	0.623	0.889
119	29	22.103	10.311	2	42	20.728	3195	1597	7	6	7.467	4.945	4.328	0.848	1.510	0.662	0.829
120	49	36.000	15.772	5	64	32.971	1068	1602	13	6	12.609	4.948	179.513	0.566	2.548	0.392	0.760
121	21	27.762	11.781	4	53	20.142	3473	1603	8	5	7.605	3.516	13.611	0.650	2.163	0.462	0.737
122	53	25.377	7.722	7	42	29.213	3382	1606	10	9	9.253	7.293	15.210	0.780	1.269	0.788	0.785
123	162	41.957	11.923	10	72	55.941	1505	1610	20	12	19.161	10.765	169.645	0.651	1.780	0.562	0.837
124	285	58.930	21.858	7	138	68.527	1777	1611	22	18	23.787	15.255	152.858	0.763	1.559	0.641	0.905
125	70	27.286	11.261	2	54	46.627	2719	1632	19	8	17.940	4.968	164.854	0.405	3.611	0.277	0.654
126	601	14.110	7.604	0	41	123.397	3124	1636	34	29	31.824	24.045	24.664	0.496	1.324	0.756	0.792
127	856	49.520	23.825	4	122	138.125	987	1679	48	29	46.335	23.522	170.357	0.564	1.970	0.508	0.867
128	20	27.250	7.765	12	43	17.314	1445	1691	5	6	5.712	4.458	110.531	0.838	1.281	0.780	0.816
129	249	21.635	11.180	2	61	87.497	2601	1701	33	14	30.423	10.421	1.995	0.409	2.919	0.343	0.741
130	38	47.132	17.982	22	92	26.142	2860	1701	10	6	10.215	4.737	170.271	0.699	2.157	0.464	0.817
131	58	55.379	19.544	5	98	30.971	305	1728	13	6	12.649	5.838	178.248	0.760	2.167	0.462	0.872
132	23	35.348	8.478	12	49	17.899	2632	1755	7	4	6.825	4.290	6.084	0.902	1.591	0.629	0.920
133	1225	52.073	24.479	2	138	207.137	917	1762	70	44	63.506	24.560	20.958	0.359	2.586	0.387	0.695
134	40	36.100	12.828	5	65	26.385	3426	1762	11	6	10.220	4.983	173.647	0.722	2.051	0.488	0.777
135	23	18.391	10.444	4	42	25.556	2448	1768	11	4	9.101	3.218	174.444	0.443	2.829	0.354	0.667
136	17	34.235	13.349	8	57	15.899	1214	1776	6	4	5.707	3.793	19.645	0.845	1.505	0.665	0.829
137	121	47.934	21.182	8	89	46.627	1300	1776	18	10	17.354	8.878	162.206	0.699	1.955	0.512	0.855
138	23	45.652	16.030	9	67	19.556	730	1815	7	6	5.741	5.101	157.343	0.756	1.125	0.889	0.767
139	67	33.000	13.540	4	59	33.799	2359	1821	13	8	11.676	7.306	6.202	0.737	1.598	0.626	0.822
140	47	32.532	10.300	3	48	27.213	3215	1833	9	9	8.942	6.692	42.261	0.798	1.336	0.748	0.764
141	16	17.688	9.978	3	39	24.728	962	1836	10	3	8.817	2.310	178.883	0.329	3.816	0.262	0.561
142	39	30.385	14.941	7	67	24.385	1039	1857	9	7	8.040	6.176	167.868	0.824	1.302	0.768	0.812
143	22	9.773	4.320	4	21	23.556	281	1864	6	8	5.763	4.861	95.310	0.498	1.185	0.844	0.638
144	16	29.125	13.079	8	49	17.314	1695	1865	7	4	6.453	3.157	6.076	0.671	2.044	0.489	0.744
145	38	32.289	10.740	11	56	22.142	1098	1876	7	7	7.390	6.547	149.229	0.974	1.129	0.886	0.884
146	124	26.040	12.598	2	62	59.941	2076	1876	12	22	21.000	7.518	75.555	0.434	2.793	0.358	0.713
147	49	19.265	9.242	5	37	45.456	3502	1909	17	8	13.797	4.522	170.034	0.298	3.051	0.328	0.513
148	50	42.600	13.698	10	72	28.971	1775	1914	11	6	11.544	5.515	166.562	0.749	2.093	0.478	0.862
149	84	18.298	10.668	1	47	48.284	409	1923	17	9	15.739	6.795	171.213	0.453	2.316	0.432	0.718
150	19	25.316	12.365	6	46	16.485	1291	1943	6	4	6.739	3.590	165.660	0.879	1.877	0.533	0.884
151	1675	29.727	12.503	0	74	196.066	432	1961	55	47	58.473	36.473	147.049	0.548	1.603	0.624	0.877
152	30	17.167	8.321	4	37	31.213	1350	1961	12	8	11.132	3.431	31.620	0.387	3.244	0.308	0.561
153	678	24.773	11.827	1	65	128.711	9	1987	25	41	40.590	21.267	92.031	0.514	1.909	0.524	0.811
154	44	23.523	10.043	1	48	26.385	3104	2003	11	6	9.771	5.734	6.137	0.794	1.704	0.587	0.838
155	42	15.833	7.150	2	35	32.385	935	2024	9	11	8.980	5.955	45.740	0.503	1.508	0.663	0.632
156	124	21.145	11.357	0	50	50.284	1047	2053	16	13	15.060	10.483	159.644	0.616	1.437	0.696	0.777
157	65	17.185	12.718	2	63	48.870	3827	2063	12	14	13.358	6.195	134.948	0.342	2.156	0.464	0.625
158	102	36.637	16.807	3	84	42.971	2300	2067	17	8	16.684	7.784	178.693	0.694	2.143	0.467	0.868
159	181	55.956	22.742	4	106	61.355	1778	2071	19	16	17.578	13.110	158.727	0.604	1.341	0.746	0.769
160	43	30.326	15.371	3	68	31.213	1514	2096	10	9	8.189	6.686	159.511	0.555	1.225	0.816	0.699
161	228	38.961	16.936	1	82	77.255	2217	2099	24	21	25.553	11.361	140.513	0.480	2.249	0.445	0.731
162	28	16.643	9.378	6	47	22.728	1407	2102	8	6	6.961	5.122	150.814	0.681	1.359	0.736	0.767
163	92	19.511	10.652	1	51	50.284	969	2145	12	14	12.763	9.178	143.934	0.457	1.391	0.719	0.674
164	1650	21.161	10.653	0	60	260.250	3547	2184	68	45	66.366	31.656	157.128	0.306	2.096	0.477	0.813
165	166	27.036	13.060	2	60	55.941	960	2188	17	17	16.408	12.882	129.351	0.667	1.274	0.785	0.794
166	367	70.207	24.741	1	125	81.255	1445	2189	25	23	23.550	19.842	18.965	0.699	1.187	0.843	0.852
167	16	26.000	11.804	4	43	18.142	582	2191	7	5	5.672	3.592	159.524	0.611	1.579	0.633	0.667
168	178	37.438	15.580	1	76	59.113	1354	2191	14	20	20.837	10.877	66.239	0.640	1.916	0.522	0.844
169	143	45.706	20.562	1	98	49.941	1007	2194	17	15	17.626	10.330	34.432	0.720	1.706	0.586	0.817
170	40	18.900	9.184	4	36	25.556	2370	2217	7	9	8.541	5.963	82.708	0.770	1.432	0.698	0.792
171	341	25.211	11.766	1	55	94.569	2374	2226	33	21	28.296	15.344	158.891	0.479	1.844	0.542	0.758
172	17	21.588	8.171	10	36	18.142	3038	2232	6	6	6.371	3.397	47.889	0.649	1.875	0.533	0.680
173	25	45.560	15.724	8	64	17.899	3586	2239	6	5	6.195	5.138	23.639	0.981	1.206	0.829	0.926
174	16	25.500	10.985	9	46	24.142	606	2283	7	7	6.303	3.232	119.815	0.345	1.950	0.513	0.508
175	20	38.100	16.202	14	73	20.728	429	2320	8	5	6.847	3.719	17.337	0.585	1.841	0.543	0.741
176	130	45.985	22.167	7	99	49.213	2333	2321	17	10	16.841	9.829	176.389	0.675	1.713	0.584	0.861
177	54	46.741	15.946	5	80	30.627	2942	2323	12	8	11.560	5.948	153.977	0.723	1.944	0.515	0.788
178	28	40.500	16.520	20	76	22.142	57	2326	9	5	8.277	4.307	167.047	0.718	1.922	0.520	0.767
179	95	37.547	14.583	7	74	39.799	2871	2326	14	10	13.194	9.168	150.900	0.754	1.439	0.695	0.837
180	25	49.080	17.524	7	76	21.314	275	2329	9	4	8.950	3.556	1.894	0.692	2.517	0.397	0.833
181	53	51.736	15.254	17	78	28.385	1770	2343	11	7	10.846	6.222	12.741	0.827	1.743	0.574	0.862
182	137	52.212	17.237	4	89	49.698	2987	2389	17	14	13.654	12.776	173.905	0.697	1.069	0.936	0.818
183	1120	37.418	16.836	1	86	151.681	537	2453	42	42	38.690	36.858	173.954	0.612	1.050	0.953	0.880
184	92	45.935	18.609	11	79	40.627	2982	2457	14	11	14.187	8.257	150.722	0.700	1.718	0.582	0.836
185	24	31.708	13.949	8	55	19.556	2487	2468	8	5	7.128	4.287	170.392	0.789	1.662	0.602	0.800
186	32	20.844	11.110	5	43	24.971	578	2496	8	8	10.122	4.025	143.182	0.645	2.515	0.398	0.762
187	59	30.627	13.689	5	79	33.799	652	2503	12	9	11.450	6.561	16.424	0.649	1.745	0.573	0.771
188	77	48.571	20.837	1	88	32.971	578	2507	10	10	10.748	9.122	135.577	0.890	1.178	0.849	0.901
189	1902	62.864	33.377	2	183	237.380	3078	2513	93	35	93.649	25.859	10.769	0.424	3.621	0.276	0.842
190	19	18.316	8.731	4	31	17.314	2301	2523	7	4	6.750	3.584	18.575	0.796	1.884	0.531	0.826
191	60	75.200	24.562	26	123	30.142	2725	2555	10	8	10.261	7.445	13.278	0.830	1.378	0.726	0.863
192	21	34.524	13.808	4	54	18.971	3647	2555	7	6	6.438	4.153	32.018	0.733	1.550	0.645	0.737
193	19	36.474	13.562	10	65	16.485	39	2563	7	3	7.375	3.280	0.000	0.879	2.248	0.445	0.950
194	24	24.208	11.839	2	44	22.728	129	2609	5	9	7.286	4.194	116.475	0.584	1.737	0.576	0.727
195	115	26.922	12.295	2	52	64.770	165	2628	23	11	19.551	7.489	5.683	0.344	2.611	0.383	0.630
196	16	37.250	8.177	20	50	16.485	2094	2632	6	4	5.852	3.481	2.753	0.740	1.681	0.595	0.821
197	116	53.259	21.805	4	117	50.870	1720	2645	16	15	17.683	8.352	138.276	0.563	2.117	0.472	0.792
198	108	15.815	6.694	2	31	61.113	2177	2649	16	13	14.668	9.375	167.415	0.363	1.565	0.639	0.649
199	18	24.333	10.313	6	44	15.899	2271	2649	5	5	5.591	4.099	158.565	0.895	1.364	0.733	0.837
200	66	27.909	13.708	2	60	31.799	1293	2662	12	8	11.227	7.485	24.285	0.820	1.500	0.667	0.852
201	24	36.208	10.421	7	53	18.485	117	2672	6	5	6.769	4.515	156.238	0.883	1.499	0.667	0.889
202	58	55.862	20.182	4	100	30.971	2287	2674	10	9	11.075	6.668	31.126	0.760	1.661	0.602	0.811
203	94	67.904	23.576	5	121	43.213	1373	2680	16	9	15.490	7.727	177.512	0.633	2.005	0.499	0.825
204	46	18.913	8.257	4	37	34.627	1001	2682	12	9	10.383	5.641	22.055	0.482	1.841	0.543	0.639
205	166	28.386	12.016	3	57	56.527	2797	2691	18	15	16.315	12.955	164.577	0.653	1.259	0.794	0.802
206	26	20.846	6.816	5	34	19.314	745	2703	5	7	6.684	4.953	77.549	0.876	1.350	0.741	0.852
207	27	24.889	8.785	10	37	19.899	1064	2728	4	8	7.859	4.374	83.459	0.857	1.797	0.557	0.915
208	19	17.684	6.969	5	35	17.556	2433	2732	7	5	6.022	4.017	0.207	0.775	1.499	0.667	0.731
209	40	26.950	10.919	8	48	25.556	1496	2739	7	9	8.671	5.874	110.238	0.770	1.476	0.677	0.792
210	342	66.485	28.056	7	134	92.326	155	2749	33	19	30.015	14.508	175.787	0.504	2.069	0.483	0.787
211	52	61.538	17.993	10	97	28.385	1858	2751	10	8	9.852	6.720	8.137	0.811	1.466	0.682	0.812
212	26	23.577	11.583	5	46	21.556	840	2752	6	8	7.011	4.721	65.764	0.703	1.485	0.673	0.743
213	76	55.079	14.618	17	83	35.799	1713	2799	13	8	12.633	7.660	4.662	0.745	1.649	0.606	0.854
214	379	57.821	26.428	3	128	88.083	3018	2803	23	24	23.186	20.813	97.975	0.614	1.114	0.898	0.858
215	26	30.692	12.790	6	53	20.728	340	2818	8	5	8.567	3.864	0.000	0.760	2.217	0.451	0.788
216	50	53.280	15.849	15	79	29.213	2329	2818	11	7	10.408	6.117	161.125	0.736	1.701	0.588	0.806
217	19	30.474	11.122	7	52	17.314	2453	2821	5	6	5.373	4.503	62.797	0.796	1.193	0.838	0.792
218	18	32.778	14.367	10	63	15.899	299	2826	5	5	5.039	4.548	147.312	0.895	1.108	0.903	0.857
219	165	44.630	16.627	7	79	53.213	1705	2834	18	12	16.929	12.409	12.065	0.732	1.364	0.733	0.878
220	54	19.593	9.486	2	45	32.385	3855	2907	11	9	10.021	6.861	7.337	0.647	1.460	0.685	0.735
221	50	29.640	9.469	13	48	27.556	2365	2908	10	7	10.316	6.171	29.821	0.827	1.672	0.598	0.877
222	56	39.911	17.204	10	75	29.799	291	2927	11	8	11.576	6.159	154.408	0.792	1.879	0.532	0.842
223	26	21.808	10.461	6	44	21.556	2420	2933	9	5	8.687	3.811	176.129	0.703	2.280	0.439	0.765
224	252	58.075	27.569	3	117	72.770	2994	2944	27	16	27.126	11.829	17.845	0.598	2.293	0.436	0.810
225	176	54.699	17.641	10	100	50.870	2503	2947	17	14	15.324	14.624	179.967	0.855	1.048	0.954	0.900
226	46	64.870	15.764	22	96	26.142	1211	2953	9	7	9.839	5.953	160.914	0.846	1.653	0.605	0.852
227	56	44.214	15.614	15	78	31.799	2589	2970	13	7	13.166	5.416	9.167	0.696	2.431	0.411	0.812
228	122	47.107	16.631	9	84	44.627	2739	2973	16	10	15.897	9.771	8.535	0.770	1.627	0.615	0.884
229	52	52.327	18.140	16	85	27.899	1804	2983	10	6	10.597	6.248	179.855	0.839	1.696	0.590	0.937
