 	Area	Mean	StdDev	Min	Max	Perim.	BX	BY	Width	Height	Major	Minor	Angle	Circ.	AR	Round	Solidity
1	1498	20.451	10.668	0	65	228.693	1776	1	53	64	76.237	25.018	55.711	0.360	3.047	0.328	0.814
2	683	20.767	10.251	0	56	139.983	2316	1	39	29	33.433	26.011	165.080	0.438	1.285	0.778	0.847
3	777	15.039	8.334	1	48	171.581	3233	3	36	40	40.934	24.168	54.525	0.332	1.694	0.590	0.772
4	27	15.222	6.969	2	28	22.142	136	12	7	6	6.170	5.572	66.576	0.692	1.107	0.903	0.750
5	17	16.118	9.591	4	36	17.899	3169	25	5	6	5.692	3.803	85.176	0.667	1.497	0.668	0.723
6	29	18.931	7.959	4	35	20.142	789	26	6	7	6.897	5.354	71.182	0.898	1.288	0.776	0.841
7	61	24.672	10.276	1	48	30.627	3906	44	9	11	10.970	7.080	75.480	0.817	1.550	0.645	0.819
8	37	31.459	12.332	10	54	26.385	3438	52	8	9	9.090	5.183	55.504	0.668	1.754	0.570	0.740
9	77	39.597	15.458	10	74	36.627	657	56	10	12	11.994	8.174	60.060	0.721	1.467	0.681	0.811
10	274	39.040	13.267	6	71	71.255	1517	61	19	23	21.433	16.277	116.641	0.678	1.317	0.759	0.825
11	206	24.689	13.331	2	59	71.841	1371	62	23	17	23.315	11.250	32.626	0.502	2.072	0.483	0.776
12	22	20.000	10.574	3	39	28.971	1458	65	9	9	7.041	3.978	132.892	0.329	1.770	0.565	0.468
13	39	21.256	10.995	2	45	24.971	3432	67	8	8	9.256	5.365	46.178	0.786	1.725	0.580	0.812
14	186	30.962	14.437	3	75	56.527	658	90	15	19	20.611	11.490	60.339	0.731	1.794	0.557	0.865
15	2334	50.596	30.300	0	156	413.387	2719	103	87	78	93.915	31.643	43.128	0.172	2.968	0.337	0.678
16	248	20.621	9.851	2	55	95.154	208	105	29	21	27.640	11.424	153.986	0.344	2.419	0.413	0.660
17	53	38.377	15.505	8	71	29.556	1036	106	8	10	10.625	6.351	62.589	0.762	1.673	0.598	0.855
18	30	14.100	7.416	1	26	27.213	946	114	6	10	9.582	3.986	64.019	0.509	2.404	0.416	0.690
19	27	12.889	6.969	3	29	23.556	741	132	5	9	8.667	3.966	106.783	0.611	2.185	0.458	0.740
20	481	23.422	11.238	1	60	107.983	424	140	28	31	27.822	22.012	97.327	0.518	1.264	0.791	0.790
21	39	24.333	12.108	1	49	32.627	752	143	9	12	11.857	4.188	57.907	0.460	2.831	0.353	0.645
22	84	13.131	7.600	1	39	63.113	3270	193	17	15	17.691	6.046	47.278	0.265	2.926	0.342	0.515
23	20	14.350	7.372	2	29	18.728	3909	196	5	7	6.136	4.150	108.358	0.717	1.478	0.676	0.769
24	99	50.485	21.771	2	99	42.284	856	197	13	14	15.313	8.232	42.862	0.696	1.860	0.538	0.786
25	63	25.905	10.463	6	48	30.627	3124	204	10	10	9.590	8.364	64.632	0.844	1.147	0.872	0.829
26	127	30.134	12.871	4	60	52.527	719	211	16	17	21.239	7.614	48.566	0.578	2.790	0.358	0.814
27	91	33.374	12.765	6	61	40.627	3667	215	10	14	12.330	9.397	93.098	0.693	1.312	0.762	0.805
28	311	14.389	7.149	1	40	115.640	2579	218	22	26	22.998	17.218	65.578	0.292	1.336	0.749	0.691
29	284	36.468	15.630	0	79	83.012	610	220	24	23	25.974	13.922	36.476	0.518	1.866	0.536	0.773
30	70	28.214	12.504	3	57	32.971	3644	242	10	10	10.257	8.690	67.071	0.809	1.180	0.847	0.870
31	188	22.085	9.822	2	47	85.255	3278	244	20	20	18.857	12.694	52.727	0.325	1.486	0.673	0.660
32	101	21.535	9.522	1	43	48.042	3612	270	10	18	15.648	8.218	69.005	0.550	1.904	0.525	0.759
33	68	18.691	9.617	2	46	46.870	327	292	14	14	16.136	5.366	47.169	0.389	3.007	0.333	0.657
34	438	41.121	17.280	4	89	103.740	1083	298	17	39	38.520	14.478	90.607	0.511	2.661	0.376	0.825
35	181	44.978	15.760	2	83	59.012	1935	315	15	21	21.368	10.785	63.229	0.653	1.981	0.505	0.838
36	590	20.129	10.202	1	59	139.439	1678	330	32	39	40.705	18.455	50.692	0.381	2.206	0.453	0.771
37	741	63.837	30.420	2	149	109.740	3142	330	27	37	36.971	25.519	83.088	0.773	1.449	0.690	0.921
38	1815	17.113	9.535	0	56	290.291	98	334	50	68	69.813	33.102	64.640	0.271	2.109	0.474	0.802
39	311	58.257	20.415	13	115	71.841	1432	339	22	22	25.958	15.255	46.559	0.757	1.702	0.588	0.887
40	75	28.907	13.234	2	56	40.042	36	342	10	14	15.481	6.168	62.133	0.588	2.510	0.398	0.773
41	505	12.699	6.513	0	38	216.208	2096	347	29	40	35.468	18.128	66.724	0.136	1.956	0.511	0.592
42	1008	50.406	21.750	2	108	142.610	3564	356	38	38	37.131	34.565	29.429	0.623	1.074	0.931	0.865
43	103	22.223	11.594	2	56	46.870	2692	362	13	16	15.370	8.532	58.403	0.589	1.801	0.555	0.749
44	318	49.871	20.956	5	107	82.669	432	373	22	26	27.493	14.727	54.555	0.585	1.867	0.536	0.816
45	32	27.750	13.908	4	57	22.385	810	393	7	8	7.248	5.622	51.336	0.803	1.289	0.776	0.744
46	76	38.592	17.993	2	75	34.627	969	445	10	12	12.433	7.783	68.088	0.796	1.598	0.626	0.835
47	3326	33.379	19.005	0	107	365.404	2073	460	69	110	108.113	39.170	58.926	0.313	2.760	0.362	0.815
48	26	17.308	6.541	4	27	19.899	3090	464	5	7	6.585	5.027	85.038	0.825	1.310	0.763	0.881
49	95	26.716	11.954	2	58	53.113	2643	473	12	17	13.634	8.872	63.125	0.423	1.537	0.651	0.655
50	311	37.074	16.782	2	87	93.983	754	474	22	35	37.431	10.579	62.358	0.442	3.538	0.283	0.798
51	337	28.745	12.653	1	69	91.983	632	482	26	30	35.835	11.974	52.488	0.501	2.993	0.334	0.804
52	819	48.674	23.400	1	115	126.368	2463	483	31	38	39.208	26.596	58.219	0.644	1.474	0.678	0.875
53	445	22.737	13.582	0	81	127.539	2649	490	20	39	34.730	16.314	103.088	0.344	2.129	0.470	0.741
54	528	40.426	18.562	2	95	108.711	77	499	34	32	35.440	18.969	43.444	0.561	1.868	0.535	0.824
55	176	37.301	12.420	7	68	56.284	1489	501	14	18	18.731	11.964	63.713	0.698	1.566	0.639	0.869
56	29	14.724	4.825	5	23	22.142	1372	502	7	7	7.152	5.163	45.745	0.743	1.385	0.722	0.773
57	604	12.262	6.351	0	31	244.936	1888	512	34	50	30.925	24.868	93.162	0.127	1.244	0.804	0.515
58	30	23.000	8.013	5	33	22.971	504	514	7	8	8.268	4.620	54.870	0.714	1.790	0.559	0.769
59	21	7.952	4.842	1	22	19.071	1893	514	8	3	8.636	3.096	174.608	0.726	2.789	0.359	0.933
60	81	23.938	10.000	7	45	42.870	1124	538	14	11	12.084	8.535	151.471	0.554	1.416	0.706	0.730
61	182	49.626	18.099	7	94	55.941	955	545	13	21	20.370	11.376	78.843	0.731	1.791	0.558	0.869
62	323	14.152	8.154	1	43	144.610	3473	567	28	29	28.003	14.686	54.514	0.194	1.907	0.524	0.579
63	472	15.930	8.084	0	44	138.610	2585	577	32	31	34.860	17.239	46.906	0.309	2.022	0.495	0.755
64	1451	17.331	8.695	0	58	226.451	1725	586	46	55	54.802	33.712	57.694	0.356	1.626	0.615	0.800
65	376	16.335	8.552	1	42	104.811	2431	591	29	26	29.381	16.294	48.385	0.430	1.803	0.555	0.742
66	20	18.800	8.532	4	31	16.728	3411	592	5	6	5.958	4.274	78.213	0.898	1.394	0.717	0.816
67	1678	22.108	10.821	1	59	207.865	1074	627	62	53	70.587	30.268	36.431	0.488	2.332	0.429	0.875
68	864	39.420	15.235	1	91	124.711	2944	635	36	35	36.571	30.081	142.749	0.698	1.216	0.823	0.885
69	84	29.024	13.846	2	72	47.213	3032	643	8	19	16.651	6.423	95.980	0.474	2.592	0.386	0.753
70	442	44.373	20.525	2	111	102.225	3281	657	24	30	28.967	19.428	67.753	0.532	1.491	0.671	0.765
71	38	8.605	5.149	0	21	35.799	593	665	9	9	7.486	6.463	171.580	0.373	1.158	0.863	0.598
72	90	11.578	6.399	0	25	74.184	579	678	20	14	14.602	7.848	10.649	0.206	1.861	0.537	0.477
73	138	14.775	7.076	0	35	68.426	2849	698	18	18	17.993	9.765	41.591	0.370	1.843	0.543	0.680
74	2208	45.243	23.368	1	131	289.120	1296	728	50	91	73.150	38.432	78.295	0.332	1.903	0.525	0.738
75	21	12.571	7.380	2	30	18.728	212	729	7	5	6.570	4.070	171.662	0.752	1.614	0.619	0.750
76	17	20.059	7.137	7	31	18.728	469	777	6	6	6.739	3.212	52.298	0.609	2.098	0.477	0.680
77	1737	48.169	25.489	2	136	207.480	1925	811	42	70	63.525	34.815	78.147	0.507	1.825	0.548	0.836
78	2255	21.855	11.159	0	68	255.563	3113	818	62	70	77.944	36.836	48.714	0.434	2.116	0.473	0.861
79	80	30.125	11.198	7	62	42.042	1697	833	10	15	13.130	7.758	62.060	0.569	1.693	0.591	0.727
80	261	29.280	12.204	4	69	73.841	2876	834	21	20	19.869	16.725	36.161	0.602	1.188	0.842	0.838
81	112	58.875	20.455	5	103	42.870	1358	843	11	16	15.998	8.914	63.644	0.766	1.795	0.557	0.865
82	1016	29.078	14.543	0	85	186.652	264	857	41	58	61.455	21.050	58.496	0.366	2.920	0.343	0.807
83	264	50.769	17.950	7	89	72.426	2511	883	17	27	24.289	13.839	70.128	0.632	1.755	0.570	0.837
84	139	38.532	16.471	7	79	57.113	2952	883	14	20	22.448	7.884	61.224	0.535	2.847	0.351	0.808
85	273	11.315	6.105	1	35	116.468	1656	900	27	28	26.141	13.297	48.575	0.253	1.966	0.509	0.588
86	3337	16.954	9.398	0	58	304.049	2049	901	62	87	86.826	48.934	63.644	0.454	1.774	0.564	0.884
87	77	33.468	10.883	13	59	38.042	340	905	12	12	14.386	6.815	50.423	0.669	2.111	0.474	0.811
88	406	23.064	10.307	1	53	101.397	2401	937	24	30	29.314	17.634	60.453	0.496	1.662	0.602	0.806
89	2395	47.703	23.175	0	120	284.978	695	943	51	84	78.821	38.688	99.603	0.371	2.037	0.491	0.786
90	151	42.411	11.427	8	65	47.456	3676	944	12	17	16.633	11.559	81.622	0.843	1.439	0.695	0.907
91	209	35.981	14.999	5	72	64.184	1306	954	17	20	18.622	14.290	122.498	0.638	1.303	0.767	0.816
92	223	40.901	15.709	7	89	63.698	2485	961	14	24	20.862	13.610	82.791	0.691	1.533	0.652	0.878
93	197	63.076	20.466	15	128	60.770	1247	967	17	19	18.791	13.348	68.470	0.670	1.408	0.710	0.824
94	305	54.911	19.841	3	106	78.669	2127	973	19	26	25.006	15.530	61.779	0.619	1.610	0.621	0.841
95	116	14.914	9.118	1	47	77.255	1608	977	12	26	22.479	6.570	76.304	0.244	3.421	0.292	0.566
96	79	19.278	8.116	2	38	33.556	3985	980	9	11	11.030	9.119	76.902	0.882	1.209	0.827	0.919
97	44	29.000	10.307	10	49	26.142	1277	990	7	9	9.788	5.724	67.014	0.809	1.710	0.585	0.846
98	69	16.377	6.562	3	29	36.042	3955	1001	11	12	12.266	7.162	45.816	0.667	1.713	0.584	0.780
99	646	40.485	19.200	1	90	113.882	419	1004	29	39	38.441	21.397	62.717	0.626	1.797	0.557	0.850
100	314	14.338	8.054	0	41	161.439	745	1005	23	33	25.667	15.576	83.006	0.151	1.648	0.607	0.521
101	55	28.036	13.586	3	55	32.042	2021	1019	9	10	11.338	6.176	47.905	0.673	1.836	0.545	0.791
102	1973	25.063	12.710	0	75	269.563	1548	1047	54	78	85.199	29.485	64.385	0.341	2.890	0.346	0.832
103	49	24.449	9.777	4	45	34.042	376	1049	9	11	10.745	5.806	57.465	0.531	1.851	0.540	0.671
104	12053	25.918	16.080	0	123	665.838	538	1067	140	123	146.314	104.886	18.836	0.342	1.395	0.717	0.822
105	185	32.573	12.123	2	66	59.698	1002	1089	12	22	21.106	11.160	84.859	0.652	1.891	0.529	0.849
106	112	45.277	17.465	12	82	47.698	2759	1094	13	17	18.410	7.746	54.726	0.619	2.377	0.421	0.794
107	358	32.162	15.899	1	74	99.154	1446	1096	27	33	33.195	13.732	52.203	0.458	2.417	0.414	0.752
108	57	16.544	8.233	2	34	34.042	1108	1105	10	12	11.325	6.408	55.814	0.618	1.767	0.566	0.731
109	282	31.965	14.393	2	67	76.184	1826	1109	17	26	25.902	13.862	83.307	0.611	1.869	0.535	0.826
110	10005	32.727	18.900	0	112	582.583	743	1134	101	174	164.963	77.222	71.543	0.370	2.136	0.468	0.861
111	56	35.732	12.646	11	67	33.213	250	1187	8	13	12.422	5.740	75.466	0.638	2.164	0.462	0.742
112	1086	33.866	16.153	2	85	154.995	2228	1194	40	48	47.266	29.255	56.472	0.568	1.616	0.619	0.848
113	794	21.120	10.605	0	58	153.681	1123	1211	36	37	39.067	25.877	54.260	0.422	1.510	0.662	0.804
114	740	37.777	15.277	5	75	133.296	2555	1217	35	35	35.817	26.306	144.646	0.523	1.362	0.734	0.825
115	1143	32.104	16.079	1	101	167.681	528	1222	42	49	48.706	29.879	61.011	0.511	1.630	0.613	0.800
116	71	25.338	10.588	3	45	33.799	2975	1225	7	14	12.569	7.193	88.675	0.781	1.747	0.572	0.861
117	42	22.881	8.546	6	41	26.971	1478	1231	7	10	9.932	5.384	63.629	0.726	1.845	0.542	0.824
118	239	58.406	22.349	5	111	66.184	1899	1236	18	21	23.975	12.692	61.181	0.686	1.889	0.529	0.875
119	858	17.669	8.723	0	45	177.338	3192	1236	34	50	50.374	21.687	64.267	0.343	2.323	0.431	0.799
120	262	30.698	13.539	3	71	77.255	2239	1261	16	29	25.975	12.843	75.121	0.552	2.023	0.494	0.824
121	28	20.571	10.101	2	46	21.314	1521	1276	6	7	6.692	5.327	46.099	0.775	1.256	0.796	0.812
122	36	16.306	9.492	4	42	30.971	39	1279	10	8	9.381	4.886	25.000	0.472	1.920	0.521	0.655
123	18	16.667	7.372	5	29	22.142	2298	1293	6	8	6.006	3.816	104.125	0.461	1.574	0.635	0.545
124	44	25.023	9.571	4	44	34.385	1309	1294	8	10	10.176	5.505	45.442	0.468	1.849	0.541	0.677
125	5384	22.645	10.931	0	73	399.404	1344	1297	74	111	105.772	64.810	74.255	0.424	1.632	0.613	0.899
126	188	16.133	8.357	0	37	77.841	2345	1300	13	29	24.672	9.702	74.913	0.390	2.543	0.393	0.704
127	70	16.743	8.409	2	43	48.627	2282	1332	11	18	18.164	4.907	59.516	0.372	3.702	0.270	0.654
128	157	34.242	15.290	3	64	57.941	939	1334	14	19	16.599	12.043	87.526	0.588	1.378	0.726	0.757
129	393	30.804	14.764	1	70	97.397	3619	1338	25	33	37.563	13.321	56.196	0.521	2.820	0.355	0.833
130	291	36.718	15.034	3	65	73.012	931	1349	18	26	24.000	15.438	115.762	0.686	1.555	0.643	0.822
131	292	47.658	18.542	2	95	78.326	2970	1357	21	29	31.625	11.756	59.586	0.598	2.690	0.372	0.853
132	1201	13.271	8.278	0	64	228.309	3036	1357	43	51	42.610	35.887	82.403	0.290	1.187	0.842	0.784
133	33	18.788	6.777	1	32	29.556	2892	1358	10	8	9.963	4.217	30.112	0.475	2.363	0.423	0.641
134	331	33.489	16.113	1	76	80.669	3854	1361	23	23	23.850	17.671	26.661	0.639	1.350	0.741	0.825
135	60	10.617	5.459	2	28	64.770	2608	1369	13	16	13.342	5.726	54.140	0.180	2.330	0.429	0.453
136	113	49.504	17.768	5	116	43.456	1802	1374	10	17	15.333	9.384	85.927	0.752	1.634	0.612	0.853
137	9831	37.850	25.258	0	138	564.985	557	1375	122	167	137.515	91.024	102.205	0.387	1.511	0.662	0.730
138	346	58.916	23.254	5	118	83.255	1876	1395	16	33	32.408	13.594	85.758	0.627	2.384	0.419	0.866
139	144	33.799	11.982	5	61	48.284	3376	1418	13	16	14.881	12.321	67.873	0.776	1.208	0.828	0.845
140	39	34.872	12.005	7	60	24.142	807	1420	6	9	8.551	5.807	82.637	0.841	1.472	0.679	0.886
141	25	12.520	6.259	1	24	18.728	3066	1441	6	6	6.208	5.127	128.061	0.896	1.211	0.826	0.820
142	2662	29.214	14.463	0	81	250.593	1152	1442	54	77	71.440	47.444	77.983	0.533	1.506	0.664	0.883
143	200	14.410	8.664	2	46	94.912	1032	1449	16	25	23.884	10.662	72.688	0.279	2.240	0.446	0.676
144	120	19.508	9.812	0	47	65.255	3844	1469	13	23	23.129	6.606	65.317	0.354	3.501	0.286	0.694
145	76	16.303	7.915	0	34	49.456	1300	1473	14	16	15.099	6.409	124.938	0.390	2.356	0.424	0.601
146	359	13.774	7.161	1	36	162.853	1457	1487	27	33	27.749	16.472	52.318	0.170	1.685	0.594	0.588
147	427	31.799	13.283	1	70	105.640	1307	1498	27	37	34.502	15.758	124.676	0.481	2.190	0.457	0.753
148	90	27.922	12.492	5	56	51.355	2206	1498	17	13	17.543	6.532	29.031	0.429	2.686	0.372	0.662
149	292	48.158	15.856	10	93	72.184	3561	1530	18	24	23.157	16.055	91.590	0.704	1.442	0.693	0.869
150	314	24.220	11.114	1	75	85.497	335	1539	21	25	25.537	15.655	53.252	0.540	1.631	0.613	0.798
151	227	69.656	24.557	7	136	65.841	290	1545	17	25	27.276	10.596	59.689	0.658	2.574	0.388	0.866
152	26	23.462	13.276	1	54	20.728	636	1545	5	8	7.970	4.154	61.801	0.760	1.919	0.521	0.825
153	1176	21.577	10.627	1	57	180.309	3060	1577	38	52	51.776	28.919	64.198	0.455	1.790	0.559	0.852
154	113	51.310	18.822	11	90	44.042	2299	1588	13	14	14.131	10.181	58.096	0.732	1.388	0.720	0.819
155	16	12.875	7.032	2	31	17.314	300	1609	5	6	6.764	3.012	56.960	0.671	2.246	0.445	0.800
156	41	25.195	10.181	3	47	26.385	991	1682	7	9	9.825	5.313	61.104	0.740	1.849	0.541	0.812
157	226	31.146	17.293	1	84	68.669	2300	1691	22	22	26.645	10.799	47.485	0.602	2.467	0.405	0.820
158	32	28.812	11.988	7	48	22.971	3567	1716	7	8	7.359	5.536	64.758	0.762	1.329	0.752	0.771
159	730	39.562	20.498	1	105	135.681	1322	1746	34	47	51.661	17.992	56.007	0.498	2.871	0.348	0.850
160	84	21.988	9.572	2	44	43.456	2966	1753	12	12	13.978	7.652	42.088	0.559	1.827	0.547	0.740
161	73	16.370	8.010	1	33	54.527	2444	1757	10	17	14.420	6.446	110.892	0.309	2.237	0.447	0.601
162	161	21.752	12.022	2	53	55.698	791	1766	14	19	18.325	11.186	106.411	0.652	1.638	0.610	0.809
163	35	22.771	10.852	2	49	23.213	2261	1771	8	8	7.961	5.598	45.529	0.816	1.422	0.703	0.769
164	397	32.287	12.289	3	65	88.569	3529	1773	33	22	29.772	16.978	170.324	0.636	1.754	0.570	0.837
165	52	22.038	11.121	2	48	32.385	2308	1776	10	10	12.646	5.236	37.027	0.623	2.415	0.414	0.770
166	21	13.619	7.606	0	29	20.142	3896	1778	6	7	6.029	4.435	126.223	0.650	1.359	0.736	0.689
167	190	31.253	13.397	2	60	65.012	89	1801	19	15	17.921	13.499	9.293	0.565	1.328	0.753	0.809
168	1367	45.546	23.098	1	122	187.924	1	1807	36	63	56.757	30.666	71.876	0.486	1.851	0.540	0.882
169	276	24.627	11.095	1	51	74.184	2368	1825	19	23	24.093	14.586	63.698	0.630	1.652	0.605	0.839
170	179	23.480	11.835	1	52	63.355	2178	1846	20	16	16.065	14.187	29.480	0.560	1.132	0.883	0.770
171	40	17.950	8.379	4	38	26.971	467	1848	6	11	10.129	5.028	85.533	0.691	2.014	0.496	0.800
172	196	32.980	12.929	2	58	57.355	3554	1889	18	17	17.120	14.577	152.713	0.749	1.174	0.851	0.845
173	1132	42.438	21.918	1	106	150.752	1255	1917	51	36	49.423	29.163	20.575	0.626	1.695	0.590	0.862
174	76	19.829	8.268	5	44	42.284	489	1942	14	11	13.972	6.926	26.165	0.534	2.017	0.496	0.749
175	56	16.286	7.251	0	31	37.213	3118	1953	9	11	10.090	7.066	105.383	0.508	1.428	0.700	0.691
176	28	21.929	10.216	4	38	22.971	1370	1976	9	6	8.024	4.443	9.279	0.667	1.806	0.554	0.737
177	21	10.286	4.485	4	18	28.385	606	1977	12	6	10.422	2.565	24.931	0.328	4.063	0.246	0.538
178	2348	18.687	9.653	0	55	275.220	1438	1977	52	74	73.832	40.491	68.919	0.390	1.823	0.548	0.856
179	76	18.224	10.569	1	43	37.799	982	2022	10	13	11.478	8.431	93.035	0.668	1.361	0.735	0.772
180	398	21.427	10.184	1	54	96.669	2959	2022	22	28	27.038	18.742	62.060	0.535	1.443	0.693	0.819
181	53	13.717	6.840	2	29	46.042	612	2027	10	13	9.141	7.383	51.197	0.314	1.238	0.808	0.541
182	24	24.417	8.958	7	38	20.728	2865	2028	6	7	5.861	5.214	115.195	0.702	1.124	0.890	0.750
183	55	24.564	14.781	1	54	33.556	2873	2028	8	10	10.248	6.833	68.337	0.614	1.500	0.667	0.769
184	34	15.471	8.575	3	40	39.213	589	2029	14	8	9.481	4.566	154.299	0.278	2.076	0.482	0.507
185	91	13.495	8.503	1	37	67.698	624	2030	15	18	11.629	9.964	142.507	0.250	1.167	0.857	0.517
186	26	9.846	5.112	2	20	23.899	564	2032	10	4	10.563	3.134	10.254	0.572	3.371	0.297	0.800
187	16	12.688	6.237	1	23	17.314	762	2032	5	6	4.881	4.173	42.188	0.671	1.170	0.855	0.727
188	21	9.190	6.547	3	28	18.485	801	2034	6	5	6.444	4.149	36.748	0.772	1.553	0.644	0.824
189	61	10.311	4.798	3	25	52.284	669	2036	13	13	11.651	6.666	65.677	0.280	1.748	0.572	0.521
190	17	14.176	8.509	0	29	23.899	685	2038	5	9	6.839	3.165	99.000	0.374	2.161	0.463	0.548
191	30	12.233	6.791	1	24	23.899	659	2039	5	9	8.491	4.499	98.436	0.660	1.887	0.530	0.800
192	22	13.227	6.117	2	23	32.485	697	2041	3	15	13.961	2.006	81.753	0.262	6.958	0.144	0.667
193	25	15.000	8.426	1	34	30.385	650	2046	10	9	10.916	2.916	138.246	0.340	3.744	0.267	0.505
194	182	42.115	12.202	11	72	56.527	3725	2046	17	18	16.001	14.482	91.719	0.716	1.105	0.905	0.833
195	1352	18.519	9.928	0	59	226.451	2987	2047	41	64	57.074	30.161	93.505	0.331	1.892	0.528	0.720
196	3070	23.843	17.438	0	108	359.990	1989	2056	65	98	91.512	42.714	68.220	0.298	2.142	0.467	0.766
197	19	12.579	5.947	4	22	22.142	641	2061	6	8	7.422	3.260	54.830	0.487	2.277	0.439	0.613
198	25	10.760	5.739	4	25	21.899	631	2063	6	7	7.203	4.419	38.971	0.655	1.630	0.614	0.758
199	16	14.250	9.970	1	35	20.728	610	2064	8	5	8.714	2.338	24.164	0.468	3.728	0.268	0.696
200	26	9.692	5.297	1	20	24.971	674	2064	10	5	8.865	3.734	7.274	0.524	2.374	0.421	0.658
201	53	10.358	5.495	1	25	41.213	724	2066	11	10	10.739	6.284	15.600	0.392	1.709	0.585	0.609
202	80	25.525	12.605	2	55	36.385	2591	2067	10	12	11.880	8.574	75.344	0.759	1.385	0.722	0.825
203	235	12.106	6.354	0	31	88.083	1975	2068	21	24	21.071	14.200	78.334	0.381	1.484	0.674	0.694
204	53	12.698	7.048	1	28	37.456	636	2070	10	11	11.116	6.071	53.194	0.475	1.831	0.546	0.671
205	53	15.358	8.873	0	39	46.284	620	2071	14	11	10.706	6.303	164.536	0.311	1.698	0.589	0.522
206	21	13.762	7.765	3	35	27.556	652	2074	7	7	6.667	4.011	61.156	0.348	1.662	0.602	0.545
207	102	10.000	6.528	0	42	82.669	662	2075	16	19	15.538	8.358	63.580	0.188	1.859	0.538	0.493
208	16	14.812	7.574	2	27	15.314	1993	2079	6	4	6.177	3.298	33.354	0.857	1.873	0.534	0.821
209	28	11.643	4.121	4	20	29.799	710	2081	8	8	6.277	5.680	9.131	0.396	1.105	0.905	0.583
210	29	16.793	8.654	2	32	20.728	1970	2081	7	6	7.362	5.015	146.100	0.848	1.468	0.681	0.817
211	17	9.529	5.210	3	20	29.556	689	2084	13	3	11.426	1.894	0.090	0.245	6.032	0.166	0.493
212	32	14.000	7.968	1	30	30.385	604	2085	8	11	10.326	3.946	123.519	0.436	2.617	0.382	0.577
213	125	36.944	15.290	7	70	47.213	1916	2086	13	14	15.388	10.343	61.720	0.705	1.488	0.672	0.850
214	215	30.000	11.206	3	56	70.184	835	2087	22	17	19.364	14.137	34.134	0.548	1.370	0.730	0.769
215	2520	29.638	13.728	1	82	222.794	91	2091	56	63	62.543	51.302	62.261	0.638	1.219	0.820	0.900
216	565	13.458	8.086	0	43	274.250	603	2091	39	50	32.418	22.191	99.344	0.094	1.461	0.685	0.425
217	30	22.767	11.371	4	53	22.142	3136	2094	7	7	7.895	4.838	57.964	0.769	1.632	0.613	0.811
218	46	15.348	7.611	0	33	33.213	693	2095	10	9	10.253	5.713	135.869	0.524	1.795	0.557	0.681
219	32	8.594	5.242	1	21	34.627	651	2097	12	6	9.936	4.101	0.600	0.335	2.423	0.413	0.542
220	34	10.265	6.806	0	27	45.456	664	2097	7	16	10.723	4.037	92.466	0.207	2.656	0.376	0.417
221	171	11.135	5.820	0	26	118.225	673	2104	24	19	16.611	13.107	174.602	0.154	1.267	0.789	0.510
222	63	11.635	5.425	3	31	83.598	642	2105	20	12	13.286	6.037	16.463	0.113	2.201	0.454	0.361
223	35	11.371	5.902	2	21	39.213	768	2105	8	13	10.044	4.437	82.873	0.286	2.264	0.442	0.470
224	87	17.931	8.405	2	41	63.941	824	2108	18	13	13.946	7.943	163.261	0.267	1.756	0.570	0.537
225	74	14.365	6.886	2	31	55.941	585	2109	15	16	14.761	6.383	41.286	0.297	2.313	0.432	0.487
226	32	9.594	5.198	2	22	27.556	569	2111	8	9	8.461	4.816	112.424	0.530	1.757	0.569	0.688
227	232	11.453	5.902	0	25	152.610	657	2111	18	34	24.129	12.242	108.550	0.125	1.971	0.507	0.529
228	31	12.000	6.894	5	33	31.799	811	2113	12	6	11.461	3.444	22.262	0.385	3.328	0.301	0.633
229	90	11.733	10.192	0	51	84.083	644	2116	11	22	16.347	7.010	109.389	0.160	2.332	0.429	0.504
230	317	30.319	17.075	3	80	109.397	3965	2116	34	23	31.480	12.822	23.979	0.333	2.455	0.407	0.622
231	169	10.621	5.542	0	31	136.125	706	2118	25	25	17.272	12.458	82.532	0.115	1.386	0.721	0.405
232	21	7.524	5.492	0	18	22.142	838	2121	9	5	7.152	3.739	163.096	0.538	1.913	0.523	0.677
233	213	13.845	7.888	1	40	124.468	675	2122	22	23	19.146	14.165	118.584	0.173	1.352	0.740	0.580
234	29	15.655	9.193	3	35	25.799	740	2122	9	8	8.422	4.384	30.499	0.548	1.921	0.521	0.644
235	50	9.180	4.968	0	20	35.213	695	2124	10	11	11.804	5.393	56.220	0.507	2.189	0.457	0.658
236	22	11.636	6.418	1	24	18.485	586	2129	5	6	5.879	4.765	89.151	0.809	1.234	0.811	0.846
237	20	13.150	5.499	5	27	16.728	705	2130	5	6	5.965	4.269	133.598	0.898	1.397	0.716	0.816
238	38	16.974	8.294	1	34	30.627	1838	2137	8	9	8.022	6.031	86.271	0.509	1.330	0.752	0.655
239	71	14.789	7.298	3	33	77.255	671	2143	16	13	12.710	7.112	10.374	0.149	1.787	0.560	0.430
240	1287	14.035	7.830	0	44	314.191	1801	2143	46	56	47.684	34.365	87.015	0.164	1.388	0.721	0.640
241	18	16.222	7.084	0	31	24.385	747	2144	6	8	6.211	3.690	106.938	0.380	1.683	0.594	0.514
242	547	21.543	12.119	1	60	131.539	1866	2144	35	29	29.994	23.220	170.625	0.397	1.292	0.774	0.746
243	16	13.062	7.150	3	28	18.485	718	2145	8	3	8.079	2.521	1.316	0.588	3.204	0.312	0.800
244	20	7.500	4.968	1	21	20.728	801	2145	6	7	6.301	4.042	100.901	0.585	1.559	0.641	0.656
245	24	12.083	5.421	0	20	29.799	694	2150	9	9	9.501	3.216	136.479	0.340	2.954	0.339	0.500
246	63	8.206	5.439	0	23	51.456	757	2156	10	18	13.921	5.762	117.264	0.299	2.416	0.414	0.529
247	19	13.000	4.830	6	25	20.728	664	2161	6	7	6.299	3.841	131.294	0.556	1.640	0.610	0.667
248	25	17.880	12.091	2	40	21.556	713	2161	8	6	6.729	4.730	165.691	0.676	1.422	0.703	0.725
249	18	12.944	7.376	1	25	19.314	729	2162	4	8	6.679	3.431	89.638	0.606	1.947	0.514	0.735
250	73	8.493	5.191	0	22	57.355	736	2162	15	11	11.257	8.256	169.708	0.279	1.363	0.733	0.537
251	19	12.632	6.282	4	25	19.899	673	2165	4	8	6.766	3.576	78.472	0.603	1.892	0.529	0.745
252	786	49.323	25.953	2	124	124.125	521	2169	27	43	40.688	24.596	98.923	0.641	1.654	0.604	0.865
253	17	11.706	5.486	0	19	18.142	682	2175	7	5	5.913	3.660	4.599	0.649	1.615	0.619	0.694
254	33	12.333	4.248	5	20	32.142	721	2176	7	12	11.117	3.780	110.124	0.401	2.941	0.340	0.623
255	34	11.529	6.116	2	29	27.799	745	2177	11	6	10.079	4.295	179.489	0.553	2.346	0.426	0.673
256	318	47.513	19.850	2	97	71.497	3539	2187	22	24	20.961	19.316	78.934	0.782	1.085	0.922	0.866
257	278	19.194	9.005	1	49	88.326	1335	2189	23	21	19.787	17.889	158.000	0.448	1.106	0.904	0.738
258	23	11.565	10.004	3	36	19.314	2151	2194	8	4	8.026	3.649	164.226	0.775	2.200	0.455	0.852
259	444	32.529	13.146	3	67	101.983	2658	2194	32	27	30.222	18.705	27.441	0.536	1.616	0.619	0.815
260	27	32.963	12.154	14	59	20.142	1433	2205	6	7	7.693	4.469	59.530	0.836	1.721	0.581	0.831
261	150	23.567	12.620	1	56	71.255	940	2208	16	20	17.258	11.067	55.604	0.371	1.559	0.641	0.647
262	104	24.433	9.583	4	43	49.698	2707	2220	16	13	13.861	9.554	27.402	0.529	1.451	0.689	0.715
263	37	26.757	10.691	8	48	24.971	1775	2229	8	8	9.429	4.996	124.316	0.746	1.887	0.530	0.804
264	23	17.174	7.667	3	27	17.556	458	2235	6	6	6.031	4.856	145.076	0.938	1.242	0.805	0.793
265	390	29.274	14.126	1	66	91.154	2116	2236	24	29	28.828	17.225	58.208	0.590	1.674	0.598	0.819
266	56	40.268	14.513	16	71	30.042	3811	2240	10	9	9.301	7.666	4.799	0.780	1.213	0.824	0.794
267	75	26.493	12.549	4	47	38.385	1663	2243	16	7	15.361	6.216	175.069	0.640	2.471	0.405	0.838
268	1373	37.851	15.616	1	85	160.167	785	2254	38	48	46.515	37.583	87.026	0.673	1.238	0.808	0.899
269	614	52.629	24.714	5	121	98.326	3415	2255	31	28	33.046	23.657	33.442	0.798	1.397	0.716	0.913
270	28	14.929	8.515	1	38	21.556	1347	2269	6	8	6.860	5.197	90.721	0.757	1.320	0.758	0.789
271	4678	19.903	10.414	0	67	369.061	1657	2286	85	91	94.766	62.852	126.205	0.432	1.508	0.663	0.887
272	332	29.521	14.661	4	75	86.669	3519	2296	22	25	26.328	16.056	55.816	0.555	1.640	0.610	0.812
273	84	33.929	9.586	13	54	38.385	3875	2305	9	14	12.654	8.452	62.526	0.716	1.497	0.668	0.848
274	68	39.206	17.017	2	86	30.971	79	2326	10	9	11.502	7.527	38.145	0.891	1.528	0.654	0.901
275	90	34.700	14.127	5	78	39.456	507	2334	11	14	14.877	7.702	50.156	0.726	1.932	0.518	0.811
276	33	18.061	8.511	2	37	23.556	3560	2341	7	8	7.688	5.465	105.927	0.747	1.407	0.711	0.767
277	33	24.879	9.283	7	46	26.142	564	2350	10	6	8.185	5.133	24.240	0.607	1.594	0.627	0.750
278	23	22.348	8.902	4	38	17.314	1501	2352	6	5	6.496	4.508	15.330	0.964	1.441	0.694	0.868
279	1696	26.012	12.241	0	80	260.836	2888	2364	81	52	83.369	25.902	152.545	0.313	3.219	0.311	0.764
280	19	28.105	8.736	15	45	18.728	1931	2368	5	7	6.137	3.942	93.891	0.681	1.557	0.642	0.745
281	79	21.089	10.810	4	57	43.213	3586	2378	11	13	10.978	9.163	127.679	0.532	1.198	0.835	0.721
282	193	13.078	7.362	1	35	84.083	589	2383	18	22	19.626	12.521	67.128	0.343	1.567	0.638	0.642
283	101	26.901	11.550	2	55	47.113	2073	2396	11	15	14.862	8.653	121.832	0.572	1.718	0.582	0.774
284	33	33.818	11.112	10	52	25.799	3648	2399	8	9	8.017	5.241	43.142	0.623	1.530	0.654	0.688
285	115	16.243	7.589	0	41	50.042	2146	2401	14	14	15.231	9.613	47.201	0.577	1.584	0.631	0.777
286	293	41.870	15.850	8	81	69.841	3420	2406	24	20	22.464	16.607	11.541	0.755	1.353	0.739	0.868
287	40	46.550	18.305	10	84	24.728	247	2410	7	8	8.370	6.085	57.224	0.822	1.376	0.727	0.842
288	426	32.131	14.668	2	80	103.983	2223	2414	22	29	29.307	18.507	89.048	0.495	1.584	0.631	0.768
289	430	50.147	20.932	3	100	97.397	1153	2420	23	34	34.445	15.895	64.817	0.570	2.167	0.461	0.841
290	84	40.774	16.710	11	90	40.284	681	2430	14	12	13.870	7.711	34.407	0.650	1.799	0.556	0.804
291	115	52.557	16.194	10	85	40.627	2701	2435	14	11	13.010	11.255	172.557	0.876	1.156	0.865	0.891
292	519	18.268	9.020	0	58	116.468	3763	2440	30	27	30.331	21.787	29.987	0.481	1.392	0.718	0.824
293	202	35.500	14.733	1	81	67.598	3353	2442	15	25	25.824	9.960	71.075	0.556	2.593	0.386	0.819
294	1241	56.439	30.314	0	132	148.853	1384	2444	46	40	43.058	36.697	13.144	0.704	1.173	0.852	0.899
295	267	30.685	11.502	3	55	70.770	673	2448	27	15	24.879	13.664	172.921	0.670	1.821	0.549	0.859
296	35	19.771	5.652	7	28	26.385	2564	2451	8	9	8.342	5.342	44.985	0.632	1.562	0.640	0.753
297	38	26.474	14.773	1	59	26.385	3931	2456	7	10	10.311	4.692	63.848	0.686	2.197	0.455	0.768
298	40	30.575	11.963	0	47	22.971	2183	2457	7	8	8.148	6.251	64.621	0.953	1.304	0.767	0.879
299	1583	46.241	22.743	0	128	208.451	2937	2478	58	44	51.921	38.819	159.699	0.458	1.337	0.748	0.820
300	396	32.952	15.471	2	75	88.225	190	2481	33	21	29.321	17.196	6.336	0.639	1.705	0.586	0.833
301	768	47.905	23.367	0	109	127.882	1839	2483	39	38	47.258	20.692	40.673	0.590	2.284	0.438	0.836
302	914	17.073	8.940	0	51	178.652	2526	2494	38	37	35.169	33.090	48.397	0.360	1.063	0.941	0.803
303	72	38.097	15.072	3	72	37.799	2606	2496	12	10	11.874	7.720	28.381	0.633	1.538	0.650	0.791
304	782	61.450	23.113	5	125	161.581	487	2521	51	39	56.358	17.667	32.136	0.376	3.190	0.313	0.711
305	225	36.458	16.874	2	84	63.012	1757	2523	17	20	19.887	14.406	63.618	0.712	1.380	0.724	0.846
306	71	44.901	16.132	7	79	31.799	3260	2531	11	9	11.162	8.099	23.207	0.882	1.378	0.726	0.893
307	178	30.933	13.700	2	71	60.770	3388	2534	19	14	18.148	12.489	173.652	0.606	1.453	0.688	0.820
308	34	24.735	7.629	10	44	22.728	1738	2536	7	7	7.646	5.662	164.123	0.827	1.351	0.740	0.819
309	99	31.818	16.314	4	74	43.213	794	2539	16	9	15.184	8.302	174.240	0.666	1.829	0.547	0.828
310	515	79.458	39.992	2	154	95.154	46	2540	34	23	34.668	18.914	23.312	0.715	1.833	0.546	0.891
311	24	20.500	7.501	5	36	24.142	1442	2561	10	5	10.966	2.787	17.856	0.517	3.935	0.254	0.716
312	16	14.438	6.521	7	28	15.314	2268	2570	5	5	5.214	3.907	43.807	0.857	1.335	0.749	0.800
313	13390	42.293	24.973	0	144	802.021	3011	2570	193	145	190.083	89.690	161.090	0.262	2.119	0.472	0.720
314	23	52.261	16.704	24	81	18.142	619	2571	5	7	6.309	4.642	78.656	0.878	1.359	0.736	0.821
315	32	39.562	17.046	5	69	20.728	250	2582	7	6	6.813	5.981	171.669	0.936	1.139	0.878	0.889
316	238	20.718	10.730	0	56	91.255	1590	2587	24	24	23.297	13.007	141.420	0.359	1.791	0.558	0.661
317	969	38.362	16.797	0	95	138.024	2954	2589	42	39	37.249	33.122	57.054	0.639	1.125	0.889	0.862
318	4080	40.250	20.052	0	110	393.789	3679	2596	95	114	114.097	45.530	52.253	0.331	2.506	0.399	0.722
319	51	20.196	9.241	0	40	31.799	2035	2612	11	8	11.120	5.839	23.296	0.634	1.904	0.525	0.785
320	44	45.614	11.854	13	67	29.799	2744	2615	10	9	7.825	7.159	134.815	0.623	1.093	0.915	0.727
321	60	33.417	8.844	1	51	30.385	2530	2628	10	9	11.764	6.494	34.241	0.817	1.812	0.552	0.876
322	360	51.150	19.659	5	119	82.569	165	2631	23	29	29.448	15.565	56.956	0.664	1.892	0.529	0.848
323	82	18.634	8.818	0	39	50.184	3816	2633	17	14	18.493	5.646	35.036	0.409	3.275	0.305	0.689
324	92	47.239	13.979	9	78	36.284	663	2635	13	11	11.829	9.902	166.282	0.878	1.195	0.837	0.864
325	93	21.828	11.242	2	48	47.456	1924	2650	18	10	16.062	7.372	174.370	0.519	2.179	0.459	0.727
326	24	11.375	7.598	1	29	20.142	3291	2660	8	5	7.271	4.203	168.223	0.743	1.730	0.578	0.774
327	83	39.771	13.167	5	65	38.971	1735	2674	13	10	11.206	9.431	43.553	0.687	1.188	0.842	0.806
328	36	37.111	20.107	5	84	29.556	670	2675	13	5	10.962	4.182	5.464	0.518	2.621	0.381	0.758
329	181	14.481	7.518	0	44	119.397	2889	2678	21	23	19.165	12.025	124.693	0.160	1.594	0.627	0.521
330	1152	31.348	14.092	0	83	161.338	1946	2684	45	42	48.854	30.024	47.773	0.556	1.627	0.615	0.866
331	20	24.550	8.988	7	40	17.314	2829	2688	6	5	6.183	4.118	38.920	0.838	1.501	0.666	0.800
332	225	18.204	9.252	1	45	81.255	1659	2689	25	17	24.336	11.772	4.842	0.428	2.067	0.484	0.723
333	17	12.235	8.714	2	30	15.899	2167	2700	5	5	5.252	4.122	106.352	0.845	1.274	0.785	0.829
334	226	57.420	18.540	4	93	57.841	133	2708	20	18	18.996	15.148	32.030	0.849	1.254	0.797	0.878
335	461	12.512	6.649	0	38	130.711	1696	2719	33	23	31.249	18.783	13.520	0.339	1.664	0.601	0.720
336	79	46.342	18.303	8	87	38.042	1538	2725	12	12	12.874	7.813	41.299	0.686	1.648	0.607	0.778
337	48	10.583	5.761	0	25	42.627	1591	2725	9	10	9.473	6.451	127.384	0.332	1.468	0.681	0.649
338	74	38.405	16.824	3	76	34.385	1511	2726	10	11	11.648	8.089	58.667	0.787	1.440	0.694	0.841
339	43	11.279	6.790	0	30	29.799	1579	2729	10	8	8.367	6.544	164.863	0.609	1.279	0.782	0.723
340	19	21.579	7.358	11	31	25.314	499	2730	4	11	9.711	2.491	72.718	0.373	3.898	0.257	0.633
341	58	35.828	14.899	7	69	31.213	996	2743	11	8	11.976	6.166	156.257	0.748	1.942	0.515	0.847
342	118	32.712	13.170	6	66	53.698	3321	2753	14	13	14.065	10.682	9.513	0.514	1.317	0.759	0.805
343	157	34.459	13.392	2	74	51.698	3241	2754	16	14	16.273	12.284	24.862	0.738	1.325	0.755	0.846
344	55	35.564	12.784	3	60	32.971	3964	2766	8	12	10.183	6.877	124.541	0.636	1.481	0.675	0.775
345	17	16.059	6.590	2	30	15.899	1203	2769	4	6	6.635	3.262	67.990	0.845	2.034	0.492	0.872
346	262	44.336	18.351	7	100	70.770	3232	2783	20	20	18.698	17.841	52.701	0.657	1.048	0.954	0.823
347	605	17.013	8.837	0	45	119.539	3552	2798	29	33	29.362	26.234	129.291	0.532	1.119	0.893	0.843
348	1362	67.297	35.678	0	151	149.782	172	2807	49	38	51.595	33.611	23.943	0.763	1.535	0.651	0.925
349	127	55.764	21.711	5	99	46.527	333	2807	13	16	16.900	9.568	56.553	0.737	1.766	0.566	0.836
350	269	41.725	15.764	2	82	65.355	66	2810	23	15	23.250	14.731	178.717	0.791	1.578	0.634	0.904
351	40	18.200	8.549	2	37	27.799	890	2810	10	8	8.308	6.130	140.698	0.650	1.355	0.738	0.721
352	22	28.273	11.153	3	44	20.142	2276	2819	6	6	5.975	4.688	57.729	0.681	1.274	0.785	0.733
353	233	74.674	21.915	16	120	58.870	1395	2833	17	18	19.004	15.610	141.239	0.845	1.217	0.821	0.900
354	848	48.585	24.972	1	149	169.823	84	2837	48	43	41.228	26.189	152.463	0.369	1.574	0.635	0.640
355	135	62.407	28.860	3	126	61.941	478	2839	25	13	21.763	7.898	17.265	0.442	2.755	0.363	0.705
356	40	37.300	12.024	7	59	27.213	1776	2839	10	7	9.080	5.609	172.317	0.679	1.619	0.618	0.748
357	48	41.458	14.769	17	80	27.213	1180	2860	9	9	8.677	7.043	134.174	0.815	1.232	0.812	0.800
358	45	25.600	10.733	5	49	29.213	2841	2874	7	10	9.302	6.160	79.796	0.663	1.510	0.662	0.769
359	1799	37.371	17.177	0	93	213.037	2277	2882	65	49	68.618	33.381	31.420	0.498	2.056	0.486	0.863
360	197	21.046	10.459	0	46	62.184	2159	2887	19	17	18.682	13.426	32.804	0.640	1.392	0.719	0.801
361	28	29.786	10.376	5	49	24.142	1860	2891	8	7	7.682	4.641	26.174	0.604	1.655	0.604	0.709
362	501	48.371	22.077	3	114	113.983	3655	2912	44	19	41.108	15.518	5.721	0.485	2.649	0.377	0.824
363	782	18.850	10.733	0	71	167.338	3929	2915	36	34	33.519	29.705	4.965	0.351	1.128	0.886	0.782
364	19	17.684	7.432	5	35	21.314	2989	2927	7	6	5.983	4.043	13.698	0.526	1.480	0.676	0.623
365	41	25.341	10.150	3	48	26.971	1140	2928	9	7	9.135	5.715	21.947	0.708	1.598	0.626	0.788
366	169	32.657	12.909	4	66	53.598	2535	2938	18	15	16.862	12.761	24.906	0.739	1.321	0.757	0.835
367	126	81.706	20.714	24	111	42.284	551	2946	15	12	14.026	11.438	26.345	0.886	1.226	0.815	0.894
368	50	32.500	10.485	11	57	30.971	2766	2948	11	6	11.948	5.328	5.900	0.655	2.242	0.446	0.826
369	869	50.776	27.216	2	152	175.338	2154	2960	63	31	62.424	17.725	17.309	0.355	3.522	0.284	0.774
370	463	18.281	9.302	0	50	99.012	452	2982	39	17	37.427	15.751	177.157	0.593	2.376	0.421	0.892
371	24	30.792	9.587	11	47	21.314	3418	2983	7	6	6.567	4.653	4.319	0.664	1.411	0.709	0.727
372	146	13.747	7.049	1	31	67.698	1349	2990	26	9	24.273	7.658	176.343	0.400	3.169	0.316	0.762
