 	Area	Mean	StdDev	Min	Max	Perim.	BX	BY	Width	Height	Major	Minor	Angle	Circ.	AR	Round	Solidity
1	259	25.305	11.101	3	62	81.113	1541	1	31	13	28.535	11.557	7.701	0.495	2.469	0.405	0.834
2	1068	22.724	11.758	0	62	217.924	3201	1	88	22	84.982	16.001	173.007	0.283	5.311	0.188	0.794
3	47	61.383	16.770	20	90	26.142	577	15	8	8	8.611	6.949	150.236	0.864	1.239	0.807	0.862
4	40	48.775	17.931	3	87	28.385	2559	49	11	7	9.335	5.456	18.069	0.624	1.711	0.584	0.755
5	99	54.818	19.866	11	104	39.456	2228	58	16	9	14.624	8.620	175.803	0.799	1.697	0.589	0.868
6	24	46.625	16.132	2	73	23.556	655	66	8	5	8.240	3.708	9.214	0.544	2.222	0.450	0.676
7	34	21.353	10.468	4	50	26.385	1777	66	10	7	10.471	4.134	19.358	0.614	2.533	0.395	0.701
8	25	15.880	7.362	5	32	20.142	1066	71	7	6	6.380	4.989	171.870	0.774	1.279	0.782	0.758
9	244	14.918	7.936	1	41	113.882	354	88	26	23	19.400	16.014	2.167	0.236	1.211	0.825	0.622
10	21	41.905	19.002	2	72	18.728	1234	93	8	4	7.840	3.410	1.703	0.752	2.299	0.435	0.792
11	642	21.632	10.606	1	57	128.468	2952	94	44	23	39.531	20.678	178.636	0.489	1.912	0.523	0.822
12	98	11.918	7.703	1	35	80.083	67	96	24	11	15.981	7.808	5.585	0.192	2.047	0.489	0.490
13	38	53.553	20.916	23	91	29.556	601	97	13	4	12.738	3.798	178.593	0.547	3.354	0.298	0.826
14	17	25.353	9.905	6	40	20.728	3812	105	9	4	7.851	2.757	11.307	0.497	2.848	0.351	0.694
15	81	43.951	17.289	4	74	37.213	1128	131	15	8	13.592	7.588	179.702	0.735	1.791	0.558	0.853
16	104	33.106	15.227	7	90	41.698	3916	145	15	11	13.790	9.602	10.559	0.752	1.436	0.696	0.829
17	127	46.362	22.132	3	97	57.698	3844	149	24	8	23.982	6.743	3.956	0.479	3.557	0.281	0.809
18	869	43.883	17.999	3	98	142.711	1729	150	58	23	54.140	20.437	2.586	0.536	2.649	0.377	0.878
19	287	62.456	38.786	5	185	93.740	2823	156	32	20	31.041	11.772	19.169	0.410	2.637	0.379	0.696
20	67	100.881	31.517	24	163	32.971	1015	164	13	7	12.722	6.705	7.683	0.775	1.897	0.527	0.887
21	2055	64.233	37.711	0	190	281.321	67	168	82	65	82.309	31.789	38.731	0.326	2.589	0.386	0.699
22	31	29.097	11.455	8	51	21.556	1755	181	7	7	7.311	5.399	148.016	0.838	1.354	0.739	0.816
23	830	49.764	23.212	0	110	129.640	2423	209	46	26	44.559	23.717	1.867	0.621	1.879	0.532	0.878
24	270	61.730	31.594	2	137	73.941	2547	211	27	15	27.634	12.440	10.307	0.621	2.221	0.450	0.853
25	194	44.108	17.223	4	94	62.770	2009	215	25	14	23.163	10.664	15.857	0.619	2.172	0.460	0.822
26	38	34.789	14.978	11	72	29.799	135	216	12	6	11.212	4.315	1.544	0.538	2.598	0.385	0.704
27	104	22.519	14.440	2	86	49.456	819	216	17	10	15.225	8.697	5.189	0.534	1.751	0.571	0.756
28	527	54.634	27.267	2	153	97.983	505	225	32	26	28.111	23.869	16.941	0.690	1.178	0.849	0.859
29	25	22.800	9.618	5	43	18.728	2409	230	6	6	6.813	4.672	143.189	0.896	1.458	0.686	0.833
30	87	52.092	20.224	5	105	40.042	1431	234	16	8	14.805	7.482	176.582	0.682	1.979	0.505	0.841
31	70	43.286	15.122	15	66	32.385	2025	239	10	10	10.753	8.289	31.448	0.839	1.297	0.771	0.838
32	539	58.724	26.559	4	126	102.569	2687	239	28	33	30.895	22.213	78.024	0.644	1.391	0.719	0.821
33	29	33.103	10.913	12	55	22.142	1367	248	9	5	8.773	4.209	11.478	0.743	2.085	0.480	0.806
34	85	71.765	25.721	17	119	39.799	419	251	16	8	14.452	7.489	6.963	0.674	1.930	0.518	0.837
35	5777	23.443	12.140	0	80	392.960	2558	255	113	81	102.435	71.806	25.954	0.470	1.427	0.701	0.883
36	14456	29.368	17.959	0	109	652.299	1417	266	236	91	224.406	82.021	0.019	0.427	2.736	0.366	0.912
37	1539	59.070	45.846	0	202	176.610	990	272	72	30	71.000	27.599	4.877	0.620	2.573	0.389	0.928
38	144	78.292	30.630	10	145	56.042	185	274	22	11	21.971	8.345	3.121	0.576	2.633	0.380	0.793
39	72	58.361	21.801	8	113	32.971	2746	276	11	9	11.052	8.295	0.440	0.832	1.332	0.751	0.883
40	42	45.524	19.609	6	94	36.385	815	287	16	5	14.760	3.623	13.889	0.399	4.074	0.245	0.764
41	42	38.405	11.006	13	55	28.971	1981	298	10	8	9.683	5.523	162.473	0.629	1.753	0.570	0.724
42	26	37.346	14.190	13	73	21.556	3563	318	9	5	8.433	3.925	4.277	0.703	2.148	0.465	0.765
43	135	12.741	6.776	0	34	83.012	334	321	23	15	17.873	9.617	11.550	0.246	1.858	0.538	0.540
44	91	65.505	26.471	12	116	38.870	211	324	16	9	15.451	7.499	8.237	0.757	2.060	0.485	0.850
45	339	54.976	24.194	4	131	93.497	99	337	34	19	33.051	13.059	21.673	0.487	2.531	0.395	0.773
46	19	25.263	10.413	6	44	15.899	2915	346	4	6	5.866	4.124	102.417	0.944	1.422	0.703	0.884
47	33	67.667	21.301	29	108	22.485	3176	362	9	4	9.625	4.365	178.180	0.820	2.205	0.454	0.957
48	46	49.022	20.047	11	95	30.142	1311	364	13	5	13.310	4.400	5.799	0.636	3.025	0.331	0.852
49	1268	74.454	43.975	0	185	168.024	1531	365	63	29	61.136	26.408	3.543	0.564	2.315	0.432	0.880
50	2027	25.679	11.356	1	69	227.380	3191	368	64	44	61.183	42.183	1.834	0.493	1.450	0.689	0.870
51	55	50.691	21.861	5	105	33.213	3792	368	14	7	13.030	5.374	16.350	0.627	2.425	0.412	0.791
52	1197	51.908	21.837	2	114	155.924	616	376	52	33	49.266	30.935	0.955	0.619	1.593	0.628	0.888
53	305	18.656	9.394	1	45	102.225	3906	376	30	17	26.771	14.506	0.284	0.367	1.845	0.542	0.743
54	198	29.106	14.755	0	69	61.941	1810	387	21	14	18.987	13.278	172.070	0.649	1.430	0.699	0.825
55	579	36.917	20.888	0	107	133.054	2945	395	51	21	47.112	15.648	4.516	0.411	3.011	0.332	0.756
56	136	22.985	12.800	0	54	64.284	225	403	25	11	25.437	6.808	163.491	0.414	3.737	0.268	0.749
57	32	23.562	11.025	4	45	23.556	3390	416	9	5	9.210	4.424	1.555	0.725	2.082	0.480	0.810
58	165	46.539	20.813	2	97	61.598	2707	423	17	19	19.195	10.945	110.472	0.546	1.754	0.570	0.705
59	450	17.818	8.992	2	63	97.841	462	427	32	21	28.413	20.166	15.482	0.591	1.409	0.710	0.855
60	91	12.505	6.793	1	27	57.698	1538	427	19	13	13.863	8.358	12.617	0.343	1.659	0.603	0.580
61	310	26.723	14.077	0	69	87.355	2832	440	37	13	37.016	10.663	6.955	0.510	3.471	0.288	0.848
62	21	16.286	9.783	3	42	20.728	2007	441	9	4	7.566	3.534	177.810	0.614	2.141	0.467	0.764
63	18	46.389	16.500	24	74	19.556	1491	446	8	4	7.419	3.089	11.463	0.591	2.401	0.416	0.706
64	1957	30.570	13.199	0	76	205.622	3817	455	69	41	69.099	36.060	11.514	0.582	1.916	0.522	0.892
65	1001	20.590	9.415	0	53	150.024	1201	456	49	32	48.532	26.261	16.842	0.559	1.848	0.541	0.856
66	264	61.057	26.212	3	117	95.983	2453	457	39	20	36.239	9.276	25.867	0.360	3.907	0.256	0.694
67	809	34.036	14.768	1	76	139.296	2161	458	52	22	51.528	19.990	3.068	0.524	2.578	0.388	0.873
68	35	36.686	15.484	7	66	24.971	3683	478	9	7	7.779	5.729	10.598	0.705	1.358	0.736	0.745
69	450	58.149	24.955	5	123	107.983	692	483	37	24	30.017	19.088	6.146	0.485	1.573	0.636	0.761
70	36	34.111	12.965	8	57	23.556	1022	487	9	6	8.021	5.715	173.322	0.815	1.404	0.712	0.818
71	68	36.603	14.767	7	68	37.556	1790	491	16	6	14.556	5.948	0.094	0.606	2.447	0.409	0.855
72	42	33.762	10.536	10	59	25.899	1370	495	9	6	9.801	5.456	19.802	0.787	1.796	0.557	0.884
73	18	22.000	9.911	9	47	19.556	3662	496	7	5	6.784	3.378	14.858	0.591	2.008	0.498	0.667
74	97	55.897	17.637	12	96	42.284	903	497	13	11	12.363	9.990	160.350	0.682	1.237	0.808	0.802
75	417	50.535	24.092	5	132	93.255	1195	497	30	24	26.626	19.941	42.597	0.603	1.335	0.749	0.814
76	129	44.070	18.151	7	96	50.870	1240	511	19	11	18.157	9.046	175.485	0.626	2.007	0.498	0.830
77	117	52.214	17.374	11	89	44.284	3034	515	17	10	15.183	9.812	11.359	0.750	1.547	0.646	0.870
78	43	37.140	16.617	7	67	32.728	603	544	14	5	13.919	3.934	6.889	0.504	3.538	0.283	0.796
79	45	25.444	12.718	2	48	34.971	93	546	12	7	11.244	5.096	173.391	0.462	2.206	0.453	0.720
80	17	16.471	7.698	4	29	15.071	944	550	4	5	5.037	4.298	120.964	0.941	1.172	0.853	0.919
81	25	40.800	16.302	13	71	20.971	3633	560	8	6	6.663	4.777	16.453	0.714	1.395	0.717	0.704
82	103	22.767	11.062	0	49	45.113	1514	566	13	14	13.282	9.874	72.363	0.636	1.345	0.743	0.780
83	22	29.636	11.915	5	46	19.071	697	573	8	3	8.316	3.368	177.413	0.760	2.469	0.405	0.957
84	24	31.542	9.264	8	48	19.314	2070	573	6	6	6.450	4.738	121.853	0.809	1.361	0.735	0.814
85	60	78.900	30.647	7	142	34.385	2834	576	14	7	14.632	5.221	14.984	0.638	2.803	0.357	0.845
86	254	18.051	10.158	0	54	92.912	2503	578	31	14	29.317	11.031	5.699	0.370	2.658	0.376	0.723
87	99	27.010	15.396	1	62	59.598	1600	581	15	17	13.290	9.485	98.890	0.350	1.401	0.714	0.574
88	31	35.258	11.349	12	64	22.728	3200	587	9	5	8.492	4.648	14.267	0.754	1.827	0.547	0.827
89	26	51.769	15.885	24	78	25.556	2011	590	11	4	9.121	3.629	11.110	0.500	2.513	0.398	0.722
90	78	13.795	6.874	2	34	42.627	2609	591	16	8	14.181	7.003	179.797	0.539	2.025	0.494	0.765
91	447	41.262	20.037	1	98	97.397	2622	591	27	30	25.436	22.375	117.359	0.592	1.137	0.880	0.821
92	571	61.235	27.934	4	140	102.811	71	607	31	29	29.373	24.752	137.936	0.679	1.187	0.843	0.857
93	48	40.979	15.686	8	74	31.556	186	615	12	6	11.513	5.309	12.322	0.606	2.169	0.461	0.780
94	511	65.188	27.220	10	146	104.225	881	618	37	22	33.989	19.142	8.755	0.591	1.776	0.563	0.847
95	356	50.427	20.615	1	101	86.669	3675	624	33	17	31.108	14.571	15.083	0.596	2.135	0.468	0.846
96	48	28.479	12.693	3	50	28.385	308	635	10	8	11.651	5.246	32.910	0.749	2.221	0.450	0.835
97	17	31.471	16.198	4	58	17.899	928	638	7	4	6.439	3.362	167.548	0.667	1.915	0.522	0.756
98	110	62.191	24.039	12	109	43.456	2780	638	17	10	16.433	8.523	177.747	0.732	1.928	0.519	0.843
99	79	59.481	18.464	19	93	34.627	1194	643	14	8	12.559	8.009	10.600	0.828	1.568	0.638	0.878
100	819	41.785	23.690	2	155	190.752	943	645	68	31	63.863	16.329	164.823	0.283	3.911	0.256	0.663
101	486	18.564	9.405	1	55	111.296	3703	661	33	25	30.802	20.089	16.613	0.493	1.533	0.652	0.796
102	64	61.312	18.590	25	105	31.456	3889	665	12	8	11.259	7.238	16.246	0.813	1.556	0.643	0.842
103	87	74.172	25.415	25	144	38.385	3864	683	15	8	14.796	7.487	15.361	0.742	1.976	0.506	0.888
104	115	54.878	17.061	17	94	46.042	1186	688	19	9	18.339	7.984	8.355	0.682	2.297	0.435	0.855
105	41	30.659	12.976	7	68	26.142	3660	692	10	6	9.980	5.231	25.531	0.754	1.908	0.524	0.882
106	37	23.541	10.892	3	43	24.728	63	696	8	7	7.639	6.167	152.613	0.760	1.239	0.807	0.813
107	121	42.554	18.986	2	80	56.770	23	698	19	11	17.102	9.008	1.781	0.472	1.898	0.527	0.710
108	18	32.389	9.506	12	48	17.899	2165	713	4	7	6.491	3.531	81.291	0.706	1.838	0.544	0.783
109	53	45.113	14.577	15	80	28.385	2306	714	11	7	10.394	6.492	20.201	0.827	1.601	0.625	0.855
110	453	61.208	40.105	1	174	86.326	1788	716	25	26	28.339	20.353	54.071	0.764	1.392	0.718	0.887
111	757	44.092	22.277	2	109	144.024	310	723	50	28	51.030	18.888	159.430	0.459	2.702	0.370	0.827
112	83	31.988	10.790	8	63	42.627	3097	732	16	9	15.384	6.869	166.028	0.574	2.240	0.447	0.769
113	140	60.157	27.828	7	110	61.598	398	745	23	16	20.775	8.580	32.762	0.464	2.421	0.413	0.724
114	1357	48.938	25.301	1	148	208.409	1151	765	73	34	61.200	28.232	169.400	0.393	2.168	0.461	0.783
115	57	61.088	16.170	12	87	28.142	3448	768	9	8	8.738	8.306	28.247	0.904	1.052	0.950	0.905
116	28	10.179	7.484	2	32	35.556	277	777	9	7	7.513	4.745	35.964	0.278	1.583	0.632	0.519
117	56	39.054	12.895	15	72	32.971	1955	778	13	7	13.136	5.428	9.043	0.647	2.420	0.413	0.824
118	100	18.710	9.464	1	50	49.941	2952	779	19	9	18.288	6.962	10.017	0.504	2.627	0.381	0.752
119	72	43.222	14.069	5	70	36.385	487	795	15	7	14.341	6.392	11.662	0.683	2.244	0.446	0.842
120	23	12.696	6.248	4	31	22.971	39	806	6	7	6.616	4.426	65.347	0.548	1.495	0.669	0.657
121	26	8.423	3.828	2	22	30.142	49	809	13	4	11.025	3.003	4.499	0.360	3.672	0.272	0.650
122	28	10.357	6.231	1	21	22.142	64	810	7	7	6.146	5.801	165.850	0.718	1.060	0.944	0.757
123	248	52.883	22.157	4	107	81.598	1235	810	34	12	34.087	9.263	7.483	0.468	3.680	0.272	0.829
124	449	49.617	22.547	2	108	124.125	575	815	28	32	31.126	18.367	118.911	0.366	1.695	0.590	0.728
125	32	8.625	5.314	0	25	27.556	58	816	7	10	7.570	5.382	56.919	0.530	1.407	0.711	0.646
126	26	15.615	7.349	5	34	29.556	46	818	11	7	8.412	3.935	8.666	0.374	2.138	0.468	0.565
127	31	25.258	10.427	5	49	26.971	265	826	11	5	9.451	4.176	13.135	0.536	2.263	0.442	0.729
128	675	81.790	42.006	5	214	137.296	3300	830	53	20	52.582	16.345	10.142	0.450	3.217	0.311	0.835
129	26	31.038	11.941	3	53	24.142	915	831	10	5	9.024	3.668	159.132	0.561	2.460	0.406	0.722
130	34	48.059	20.915	7	80	21.556	741	832	8	6	7.609	5.690	176.781	0.919	1.337	0.748	0.861
131	47	20.809	10.908	2	45	29.556	1292	834	12	6	10.453	5.725	179.072	0.676	1.826	0.548	0.817
132	27	30.630	11.748	12	57	19.314	988	837	7	5	7.411	4.639	175.900	0.910	1.598	0.626	0.885
133	83	71.265	26.715	10	159	36.627	770	839	14	9	14.103	7.493	23.279	0.777	1.882	0.531	0.874
134	18	30.278	12.824	11	49	18.485	977	841	7	4	8.037	2.852	11.674	0.662	2.819	0.355	0.783
135	6357	33.419	23.637	0	140	525.227	1203	842	182	68	172.441	46.938	9.065	0.290	3.674	0.272	0.775
136	318	54.566	24.899	3	121	87.255	2769	868	34	16	31.204	12.976	176.053	0.525	2.405	0.416	0.798
137	16	32.688	13.011	8	50	16.728	3613	877	7	4	6.624	3.075	11.774	0.719	2.154	0.464	0.762
138	459	38.118	20.395	0	105	131.882	2354	885	50	20	43.268	13.507	12.256	0.332	3.203	0.312	0.714
139	39	51.821	19.593	8	96	27.556	1403	888	11	6	10.885	4.562	17.683	0.645	2.386	0.419	0.812
140	477	46.159	26.261	1	133	122.811	2265	890	40	25	34.915	17.395	154.946	0.397	2.007	0.498	0.682
141	158	66.715	28.042	11	122	56.284	408	900	23	11	22.143	9.085	178.639	0.627	2.437	0.410	0.845
142	30	26.533	10.827	7	56	23.556	950	909	10	5	9.178	4.162	15.447	0.679	2.205	0.453	0.811
143	5346	43.320	30.287	0	180	375.019	1387	915	127	64	122.301	55.656	171.416	0.478	2.197	0.455	0.846
144	47	13.872	9.373	2	39	40.385	1689	925	17	5	16.288	3.674	4.455	0.362	4.433	0.226	0.712
145	335	71.869	38.981	5	186	100.912	3837	930	38	21	36.980	11.534	27.195	0.413	3.206	0.312	0.747
146	105	16.210	7.646	3	42	83.012	1849	933	18	15	12.732	10.500	161.230	0.191	1.213	0.825	0.490
147	67	15.985	9.263	1	41	48.870	1831	936	14	11	12.830	6.649	23.714	0.353	1.930	0.518	0.632
148	69	54.783	20.055	13	97	36.627	3431	941	14	8	13.195	6.658	5.711	0.646	1.982	0.505	0.784
149	649	37.692	15.273	2	104	110.811	745	958	40	23	39.173	21.094	4.242	0.664	1.857	0.538	0.895
150	27	11.185	6.788	2	26	25.556	2905	959	9	7	7.465	4.605	155.709	0.519	1.621	0.617	0.600
151	81	23.185	9.470	6	43	41.698	3939	959	14	11	12.812	8.050	35.957	0.585	1.592	0.628	0.750
152	25	38.960	18.959	3	77	19.314	1340	975	6	6	6.407	4.968	36.204	0.842	1.290	0.775	0.833
153	721	44.448	25.942	0	121	123.054	2170	979	47	22	45.281	20.274	7.363	0.598	2.233	0.448	0.881
154	20	29.500	13.543	2	56	18.728	1761	981	7	4	7.422	3.431	9.783	0.717	2.163	0.462	0.800
155	3647	25.863	12.342	0	75	331.848	3505	989	69	83	83.740	55.452	104.698	0.416	1.510	0.662	0.837
156	16	19.188	7.350	3	28	17.899	2524	991	7	4	6.297	3.235	157.272	0.628	1.947	0.514	0.727
157	18	19.833	10.794	3	43	17.314	3655	992	7	4	6.245	3.670	1.179	0.755	1.702	0.588	0.783
158	54	70.537	18.117	22	110	30.142	1716	993	11	7	10.932	6.289	174.942	0.747	1.738	0.575	0.831
159	1160	24.422	10.551	1	60	162.853	3276	1000	55	32	52.020	28.392	14.110	0.550	1.832	0.546	0.868
160	108	32.750	15.233	4	79	47.698	894	1008	13	14	14.329	9.596	51.322	0.597	1.493	0.670	0.780
161	32	30.188	12.597	7	55	24.142	3891	1012	9	6	8.899	4.579	19.247	0.690	1.943	0.515	0.790
162	61	19.393	9.344	3	40	35.456	3667	1032	12	11	12.868	6.036	35.466	0.610	2.132	0.469	0.713
163	635	32.890	13.249	1	73	117.296	929	1033	42	25	37.107	21.789	15.315	0.580	1.703	0.587	0.851
164	68	18.882	9.782	3	42	37.456	112	1040	12	10	10.602	8.167	7.055	0.609	1.298	0.770	0.723
165	354	70.879	39.207	3	192	86.083	2255	1042	32	20	32.432	13.898	23.707	0.600	2.334	0.429	0.823
166	1893	23.476	11.182	0	75	238.794	1242	1047	75	39	69.865	34.499	11.401	0.417	2.025	0.494	0.849
167	22	17.545	8.841	5	34	19.314	1667	1058	6	6	7.325	3.824	40.871	0.741	1.915	0.522	0.759
168	127	13.126	6.970	1	33	58.527	2837	1065	21	9	18.490	8.745	5.147	0.466	2.114	0.473	0.772
169	22	14.955	6.925	3	27	31.213	1789	1076	9	6	6.490	4.316	8.489	0.284	1.504	0.665	0.489
170	16	11.938	4.683	1	18	15.314	3808	1077	5	5	5.117	3.981	49.385	0.857	1.285	0.778	0.800
171	16	17.250	7.380	4	32	14.728	1178	1078	6	4	6.035	3.376	1.150	0.927	1.788	0.559	0.800
172	1201	21.204	11.239	0	73	185.238	1929	1083	54	34	53.585	28.537	16.268	0.440	1.878	0.533	0.855
173	508	67.943	34.493	1	179	128.468	538	1086	39	26	33.313	19.416	157.846	0.387	1.716	0.583	0.699
174	857	56.215	33.098	0	173	141.740	1777	1088	51	24	50.244	21.717	0.924	0.536	2.314	0.432	0.849
175	33	30.333	12.343	5	56	24.142	2772	1091	10	5	9.812	4.282	17.764	0.711	2.291	0.436	0.835
176	373	69.011	38.711	1	181	75.012	606	1107	27	19	26.134	18.172	13.417	0.833	1.438	0.695	0.915
177	4513	37.169	17.779	0	143	320.191	2552	1112	107	66	101.729	56.485	12.602	0.553	1.801	0.555	0.911
178	305	43.541	18.057	4	99	90.912	342	1113	35	18	30.756	12.626	170.887	0.464	2.436	0.411	0.768
179	107	38.178	16.942	1	76	42.042	828	1114	17	9	15.886	8.576	2.762	0.761	1.852	0.540	0.870
180	76	39.750	17.101	8	78	46.870	2445	1130	18	7	17.032	5.681	10.276	0.435	2.998	0.334	0.707
181	76	20.882	8.681	4	52	41.213	2222	1145	16	7	16.219	5.966	2.423	0.562	2.719	0.368	0.800
182	57	47.842	18.923	4	81	33.213	3639	1161	13	8	11.826	6.137	7.746	0.649	1.927	0.519	0.755
183	70	16.986	9.340	0	38	58.527	3762	1163	14	12	11.373	7.836	47.548	0.257	1.451	0.689	0.558
184	85	54.800	22.194	12	121	48.042	2323	1168	20	8	19.591	5.524	4.914	0.463	3.546	0.282	0.723
185	36	10.556	5.310	1	23	38.042	3938	1170	7	10	8.007	5.725	66.843	0.313	1.399	0.715	0.600
186	25	44.360	12.076	22	67	18.728	1972	1172	6	6	6.074	5.241	156.290	0.896	1.159	0.863	0.847
187	27	52.667	14.668	28	77	21.556	583	1173	8	6	7.385	4.655	1.950	0.730	1.586	0.630	0.761
188	47	57.872	22.239	17	92	29.556	2202	1176	12	6	12.084	4.952	12.050	0.676	2.440	0.410	0.810
189	25	12.800	5.951	4	27	24.142	3959	1176	7	8	8.670	3.671	47.083	0.539	2.362	0.423	0.685
190	16	10.312	7.040	1	22	27.314	3907	1180	6	9	6.898	2.953	92.803	0.270	2.336	0.428	0.471
191	18	12.889	8.245	3	28	25.314	3927	1180	11	3	11.555	1.983	178.396	0.353	5.826	0.172	0.643
192	147	20.925	11.198	2	68	55.113	1310	1183	21	12	18.417	10.163	7.088	0.608	1.812	0.552	0.801
193	53	10.509	4.929	1	20	53.941	1172	1184	11	15	12.621	5.347	57.509	0.229	2.360	0.424	0.486
194	37	10.000	7.230	0	30	46.627	3958	1186	9	11	7.952	5.924	106.934	0.214	1.342	0.745	0.468
195	21	8.476	5.802	1	25	28.142	3970	1186	7	10	8.853	3.020	50.069	0.333	2.931	0.341	0.494
196	26	9.231	4.448	2	19	22.971	3841	1187	8	7	7.854	4.215	40.044	0.619	1.864	0.537	0.703
197	23	13.522	7.999	1	32	25.556	3880	1187	5	9	8.523	3.436	96.609	0.443	2.481	0.403	0.657
198	20	12.850	5.284	1	23	17.314	1163	1192	5	6	5.693	4.473	46.272	0.838	1.273	0.786	0.800
199	81	55.309	23.265	5	111	39.213	2709	1198	14	9	14.365	7.179	14.448	0.662	2.001	0.500	0.794
200	16	22.000	11.725	4	39	16.728	3561	1198	5	6	5.227	3.897	66.748	0.719	1.341	0.745	0.762
201	788	41.736	24.330	1	122	126.125	2993	1200	34	40	38.020	26.389	60.546	0.622	1.441	0.694	0.847
202	117	29.718	11.581	3	62	47.698	2630	1208	18	11	15.466	9.632	166.004	0.646	1.606	0.623	0.791
203	60	53.933	29.575	4	100	35.213	3762	1211	10	12	10.730	7.120	125.648	0.608	1.507	0.664	0.732
204	299	22.057	12.379	1	56	115.882	3868	1212	29	24	24.634	15.454	162.797	0.280	1.594	0.627	0.610
205	17	10.647	5.567	0	23	28.142	3918	1218	8	8	5.141	4.211	164.592	0.270	1.221	0.819	0.436
206	24	56.000	19.362	10	86	18.728	807	1224	7	5	6.745	4.530	8.850	0.860	1.489	0.672	0.828
207	38	35.684	17.975	4	63	38.385	1580	1225	17	5	14.630	3.307	6.301	0.324	4.424	0.226	0.623
208	40	33.775	12.110	10	56	26.142	2915	1232	8	8	8.613	5.913	130.547	0.736	1.457	0.686	0.825
209	1882	58.003	39.932	0	175	271.078	3227	1232	80	52	69.221	34.617	16.297	0.322	2.000	0.500	0.676
210	1480	19.692	9.849	1	57	222.208	1289	1242	66	43	67.892	27.756	25.517	0.377	2.446	0.409	0.843
211	183	10.956	6.472	0	35	123.397	3703	1245	32	24	26.152	8.910	27.352	0.151	2.935	0.341	0.460
212	134	16.642	7.484	0	35	71.598	3674	1251	18	20	21.249	8.029	120.746	0.328	2.646	0.378	0.638
213	24	14.375	6.717	5	30	21.899	3910	1258	9	4	10.019	3.050	11.553	0.629	3.285	0.304	0.814
214	47	27.404	14.325	4	56	42.042	3803	1260	14	10	9.759	6.132	4.295	0.334	1.592	0.628	0.522
215	45	40.600	14.212	10	69	32.385	1451	1266	13	7	11.099	5.162	178.430	0.539	2.150	0.465	0.720
216	479	39.424	16.666	0	89	91.598	2370	1276	29	23	27.697	22.020	15.100	0.717	1.258	0.795	0.865
217	18	19.389	10.584	5	44	21.556	2234	1280	8	5	7.593	3.018	23.767	0.487	2.516	0.398	0.655
218	30	10.967	3.690	2	19	25.556	3706	1282	8	8	7.498	5.094	43.517	0.577	1.472	0.679	0.659
219	124	71.484	24.709	26	132	51.456	686	1286	22	9	20.989	7.522	7.171	0.589	2.790	0.358	0.835
220	72	63.514	20.893	21	107	34.627	1394	1290	13	9	11.836	7.746	20.206	0.755	1.528	0.654	0.814
221	34	28.824	14.652	7	53	22.142	624	1291	6	8	8.265	5.238	91.810	0.871	1.578	0.634	0.850
222	33	39.242	13.031	4	62	21.556	2526	1293	8	6	7.413	5.668	9.505	0.892	1.308	0.765	0.846
223	269	78.390	32.624	7	148	73.255	2930	1295	28	15	25.151	13.618	176.988	0.630	1.847	0.541	0.850
224	869	59.257	29.100	1	156	168.853	2287	1300	63	28	62.190	17.791	17.537	0.383	3.496	0.286	0.837
225	333	20.297	10.297	1	58	86.083	33	1305	25	21	23.077	18.372	28.378	0.565	1.256	0.796	0.807
226	281	41.715	26.642	1	115	92.326	3614	1313	33	22	33.440	10.699	28.548	0.414	3.125	0.320	0.704
227	430	47.060	20.745	1	111	103.397	865	1321	30	26	31.478	17.393	39.152	0.505	1.810	0.553	0.784
228	16	10.750	6.628	4	24	19.314	3706	1329	5	7	7.169	2.842	51.758	0.539	2.522	0.396	0.667
229	31	7.581	4.552	1	17	36.627	3752	1330	14	5	10.493	3.762	174.812	0.290	2.789	0.359	0.539
230	41	25.902	9.659	4	43	25.213	3728	1332	9	8	9.099	5.737	135.482	0.810	1.586	0.630	0.804
231	120	47.733	16.229	7	78	42.284	3281	1335	15	12	14.565	10.490	27.353	0.843	1.388	0.720	0.873
232	97	28.485	13.571	0	63	51.456	3910	1337	17	10	15.985	7.726	17.432	0.460	2.069	0.483	0.746
233	1234	24.152	11.609	0	63	182.409	727	1340	56	35	55.578	28.270	15.282	0.466	1.966	0.509	0.850
234	79	17.000	7.703	1	35	43.698	3106	1343	17	10	13.060	7.702	172.114	0.520	1.696	0.590	0.718
235	20	47.000	27.715	10	109	17.899	3141	1344	7	4	5.987	4.253	4.097	0.784	1.408	0.710	0.833
236	54	70.611	29.564	8	130	32.385	2544	1351	13	7	11.817	5.818	8.136	0.647	2.031	0.492	0.806
237	556	22.113	11.101	1	64	121.296	2996	1355	41	23	38.765	18.262	12.538	0.475	2.123	0.471	0.810
238	1891	54.510	32.727	0	152	223.179	2007	1371	77	45	62.635	38.440	172.313	0.477	1.629	0.614	0.807
239	16	7.812	2.562	3	12	18.728	3681	1377	5	7	5.775	3.527	98.252	0.573	1.637	0.611	0.640
240	20	13.250	7.203	4	29	30.385	3792	1377	12	6	11.326	2.248	22.834	0.272	5.037	0.199	0.506
241	16	15.812	5.180	6	27	17.071	1633	1380	3	7	6.799	2.996	78.768	0.690	2.269	0.441	0.889
242	25	8.840	4.478	2	17	26.971	3848	1380	8	7	7.601	4.188	46.840	0.432	1.815	0.551	0.617
243	38	49.658	19.010	9	88	24.142	1265	1382	9	6	9.109	5.312	18.168	0.819	1.715	0.583	0.844
244	19	11.211	5.412	2	24	22.728	3809	1387	6	7	6.159	3.928	72.119	0.462	1.568	0.638	0.623
245	30	45.233	16.813	10	87	20.142	1321	1390	8	5	8.166	4.678	21.926	0.929	1.746	0.573	0.909
246	179	33.430	12.936	3	59	60.184	1054	1391	21	16	17.901	12.732	178.116	0.621	1.406	0.711	0.797
247	22	13.045	4.971	5	25	24.385	1959	1395	6	9	9.257	3.026	65.357	0.465	3.059	0.327	0.638
248	20	9.700	4.054	2	19	22.385	1969	1400	7	7	6.256	4.070	38.488	0.502	1.537	0.651	0.571
249	89	30.933	14.373	5	63	48.627	3810	1409	18	10	13.851	8.181	12.003	0.473	1.693	0.591	0.715
250	496	45.591	18.875	2	89	107.640	1003	1416	28	32	31.757	19.886	69.578	0.538	1.597	0.626	0.774
251	34	24.559	10.886	3	43	27.799	2653	1416	10	8	10.673	4.056	33.317	0.553	2.631	0.380	0.694
252	37	21.595	8.983	7	43	29.556	960	1423	9	8	7.093	6.642	73.642	0.532	1.068	0.936	0.661
253	344	47.218	26.638	1	104	107.740	2244	1426	38	22	36.265	12.077	11.341	0.372	3.003	0.333	0.641
254	52	24.462	9.463	5	44	37.799	3773	1426	11	10	10.153	6.521	6.885	0.457	1.557	0.642	0.634
255	40	57.500	16.364	15	84	26.971	194	1427	11	6	10.665	4.776	9.295	0.691	2.233	0.448	0.792
256	2729	19.600	10.120	0	69	281.907	3080	1428	71	62	68.139	50.994	34.876	0.432	1.336	0.748	0.839
257	49	12.939	7.102	1	31	44.042	759	1435	14	10	9.703	6.430	168.353	0.317	1.509	0.663	0.527
258	242	82.455	31.845	8	164	78.912	1073	1441	29	20	32.187	9.573	34.650	0.488	3.362	0.297	0.788
259	466	15.856	8.454	0	51	137.296	1129	1446	36	25	30.246	19.617	30.806	0.311	1.542	0.649	0.707
260	90	25.256	11.198	1	56	48.870	901	1449	16	10	16.566	6.917	15.059	0.474	2.395	0.418	0.720
261	22	18.364	7.287	4	29	17.899	719	1451	7	4	7.054	3.971	172.106	0.863	1.776	0.563	0.880
262	103	17.427	7.677	1	36	51.698	1191	1451	18	11	14.401	9.106	6.437	0.484	1.581	0.632	0.720
263	141	13.638	6.828	2	39	108.225	3713	1452	27	28	25.500	7.040	45.987	0.151	3.622	0.276	0.398
264	1285	67.963	38.368	0	181	217.380	549	1453	60	46	54.996	29.749	148.376	0.342	1.849	0.541	0.706
265	68	100.882	29.454	11	153	30.971	321	1458	12	7	11.775	7.353	2.828	0.891	1.601	0.624	0.913
266	2138	40.634	30.193	1	159	327.262	3649	1460	59	75	66.255	41.087	83.632	0.251	1.613	0.620	0.702
267	565	57.480	32.674	3	164	113.640	3173	1469	37	25	32.110	22.404	20.536	0.550	1.433	0.698	0.836
268	21	9.143	4.736	1	19	26.971	673	1473	5	10	8.584	3.115	83.246	0.363	2.756	0.363	0.545
269	46	22.674	10.742	4	48	30.385	2678	1473	11	7	9.521	6.151	18.575	0.626	1.548	0.646	0.767
270	26	8.808	3.970	0	14	23.556	735	1483	10	5	9.113	3.633	13.560	0.589	2.509	0.399	0.765
271	17	16.529	9.715	3	38	22.728	713	1485	4	8	6.593	3.283	87.582	0.414	2.008	0.498	0.630
272	120	10.642	5.685	1	27	83.740	689	1490	23	13	17.520	8.721	6.674	0.215	2.009	0.498	0.521
273	24	13.333	6.644	2	29	18.485	3601	1490	5	6	5.895	5.184	76.095	0.883	1.137	0.879	0.889
274	33	18.818	9.002	5	40	45.456	705	1505	11	13	11.692	3.594	53.051	0.201	3.253	0.307	0.415
275	18	13.944	7.855	0	31	28.971	726	1507	8	8	6.284	3.647	157.362	0.270	1.723	0.580	0.429
276	55	59.273	20.165	23	107	28.142	581	1508	11	6	11.264	6.217	7.421	0.873	1.812	0.552	0.909
277	19	15.474	7.982	2	30	23.314	675	1508	10	4	8.864	2.729	12.372	0.439	3.248	0.308	0.655
278	16	11.562	5.020	3	19	19.314	758	1510	5	7	7.097	2.870	62.243	0.539	2.473	0.404	0.640
279	2553	30.672	14.299	0	97	250.007	1095	1512	67	57	66.747	48.700	38.021	0.513	1.371	0.730	0.863
280	553	12.769	7.345	0	39	189.966	2009	1513	34	35	28.933	24.335	57.588	0.193	1.189	0.841	0.649
281	34	21.265	8.809	7	42	22.971	531	1516	8	7	7.717	5.610	136.569	0.810	1.376	0.727	0.800
282	67	13.672	9.121	0	34	61.841	3766	1525	19	11	14.134	6.036	16.735	0.220	2.342	0.427	0.473
283	118	10.703	7.002	0	32	86.083	3750	1531	15	22	16.432	9.143	94.270	0.200	1.797	0.556	0.475
284	352	16.460	8.051	1	43	124.953	239	1535	27	32	31.441	14.255	121.111	0.283	2.206	0.453	0.624
285	19	7.263	2.825	2	11	17.314	738	1537	5	6	6.062	3.991	120.982	0.796	1.519	0.658	0.776
286	95	53.937	21.758	12	91	47.698	3148	1537	19	9	16.025	7.548	176.079	0.525	2.123	0.471	0.782
287	73	14.863	7.892	1	35	73.255	711	1538	11	19	14.389	6.459	91.050	0.171	2.228	0.449	0.459
288	800	15.273	8.196	1	42	173.823	3459	1539	42	33	36.722	27.738	175.681	0.333	1.324	0.755	0.772
289	17	11.882	5.689	3	25	18.142	676	1540	7	5	6.830	3.169	154.577	0.649	2.155	0.464	0.680
290	17	7.529	4.488	2	18	15.314	786	1540	6	4	5.642	3.836	7.059	0.911	1.471	0.680	0.829
291	616	31.162	15.599	1	73	155.095	3554	1544	41	28	32.291	24.289	164.086	0.322	1.329	0.752	0.713
292	17	9.588	4.487	3	19	23.899	691	1545	6	8	5.277	4.102	84.586	0.374	1.287	0.777	0.548
293	25	10.880	7.224	1	29	29.213	777	1545	10	6	9.044	3.520	13.760	0.368	2.569	0.389	0.526
294	24	15.250	8.425	5	35	35.213	743	1546	8	9	7.154	4.271	49.060	0.243	1.675	0.597	0.444
295	37	16.108	9.359	4	33	30.971	724	1547	9	8	7.870	5.986	50.195	0.485	1.315	0.761	0.655
296	18	5.833	3.417	0	13	18.485	628	1550	3	8	8.586	2.669	100.967	0.662	3.217	0.311	0.857
297	43	22.581	9.922	1	40	26.385	911	1550	8	9	8.017	6.829	86.161	0.776	1.174	0.852	0.782
298	51	9.980	5.117	0	20	33.799	671	1552	8	12	9.036	7.187	81.689	0.561	1.257	0.795	0.694
299	215	42.181	22.284	3	100	64.284	1837	1554	26	12	25.428	10.766	11.748	0.654	2.362	0.423	0.901
300	67	12.030	7.088	1	33	70.770	798	1559	23	10	18.768	4.545	172.909	0.168	4.129	0.242	0.388
301	36	14.194	6.807	3	28	34.627	852	1559	11	9	7.999	5.731	170.032	0.377	1.396	0.716	0.537
302	76	11.987	5.493	3	23	81.841	630	1561	16	24	17.907	5.404	107.447	0.143	3.314	0.302	0.358
303	47	12.596	6.409	2	27	53.698	824	1563	12	17	10.977	5.452	78.325	0.205	2.013	0.497	0.384
304	16	14.375	7.402	1	26	23.314	803	1567	4	9	7.765	2.624	94.077	0.370	2.959	0.338	0.582
305	29	10.931	4.877	2	21	30.385	841	1570	11	7	8.922	4.139	153.058	0.395	2.156	0.464	0.586
306	39	10.103	6.762	0	25	39.799	3673	1572	14	6	11.881	4.180	5.560	0.309	2.843	0.352	0.527
307	110	11.927	6.682	1	31	67.355	800	1573	17	18	12.511	11.195	122.661	0.305	1.118	0.895	0.561
308	263	33.764	23.648	2	107	130.468	839	1577	33	18	25.400	13.183	5.043	0.194	1.927	0.519	0.583
309	24	14.583	9.500	1	35	26.971	829	1578	7	8	6.975	4.381	114.141	0.415	1.592	0.628	0.565
310	123	49.033	18.373	3	92	46.527	186	1579	16	14	18.757	8.349	34.158	0.714	2.247	0.445	0.828
311	139	40.460	17.882	2	97	52.042	3874	1580	19	11	17.945	9.862	1.984	0.645	1.819	0.550	0.820
312	915	92.551	57.217	1	218	155.439	485	1582	58	25	59.088	19.717	9.819	0.476	2.997	0.334	0.850
313	44	9.477	6.211	0	29	45.456	624	1584	7	17	15.588	3.594	79.701	0.268	4.337	0.231	0.521
314	32	9.062	5.593	0	20	29.556	820	1584	11	6	9.252	4.404	162.759	0.460	2.101	0.476	0.653
315	19	18.895	8.425	6	30	16.485	3585	1584	6	4	5.767	4.195	3.962	0.879	1.375	0.727	0.884
316	170	12.388	8.149	0	36	138.953	784	1586	35	20	24.780	8.735	14.725	0.111	2.837	0.352	0.349
317	37	12.676	6.541	1	25	44.042	639	1588	15	10	12.576	3.746	145.423	0.240	3.357	0.298	0.425
318	56	24.679	13.975	2	56	33.799	3843	1589	12	8	11.147	6.396	8.358	0.616	1.743	0.574	0.752
319	28	9.929	5.689	0	24	32.385	633	1594	11	8	7.228	4.932	161.899	0.335	1.465	0.682	0.500
320	36	14.528	6.531	3	27	33.799	769	1596	7	12	8.855	5.176	98.121	0.396	1.711	0.585	0.590
321	20	8.700	3.827	3	16	22.142	655	1599	8	6	8.620	2.954	144.152	0.513	2.918	0.343	0.615
322	314	12.599	6.564	0	31	217.380	688	1601	28	42	28.370	14.092	86.130	0.084	2.013	0.497	0.355
323	34	12.176	7.242	4	36	22.728	814	1601	8	6	7.760	5.579	170.892	0.827	1.391	0.719	0.840
324	25	11.840	4.327	1	19	24.971	3735	1602	6	9	8.189	3.887	106.924	0.504	2.107	0.475	0.633
325	798	63.471	28.243	2	136	127.296	378	1603	47	27	47.741	21.282	19.294	0.619	2.243	0.446	0.886
326	43	21.605	11.339	5	49	36.627	595	1603	11	9	9.686	5.652	2.183	0.403	1.714	0.584	0.597
327	1146	31.265	16.001	0	81	146.711	183	1604	55	29	52.392	27.850	177.274	0.669	1.881	0.532	0.908
328	22	18.227	7.445	5	32	28.971	773	1606	7	11	8.616	3.251	64.162	0.329	2.650	0.377	0.500
329	19	13.947	4.170	5	24	32.385	639	1608	9	9	6.616	3.656	125.745	0.228	1.810	0.553	0.358
330	21	10.143	6.437	1	21	38.385	793	1608	12	10	9.130	2.929	27.620	0.179	3.117	0.321	0.311
331	57	17.211	8.037	3	34	42.042	3561	1608	12	12	9.296	7.807	178.579	0.405	1.191	0.840	0.610
332	51	13.000	7.310	4	31	53.456	780	1609	11	13	10.578	6.139	102.402	0.224	1.723	0.580	0.440
333	22	15.545	7.775	2	36	21.314	3723	1612	4	9	7.728	3.624	98.086	0.609	2.132	0.469	0.815
334	42	9.595	5.415	0	21	39.213	753	1614	8	11	9.428	5.672	123.785	0.343	1.662	0.602	0.587
335	36	8.694	4.701	0	20	40.385	651	1617	11	10	9.894	4.633	144.907	0.277	2.136	0.468	0.477
336	33	8.818	4.876	3	19	35.799	833	1618	8	11	9.852	4.265	71.063	0.324	2.310	0.433	0.532
337	17	6.882	4.484	2	15	17.899	666	1620	6	4	6.439	3.362	12.452	0.667	1.915	0.522	0.773
338	35	13.314	7.058	3	36	37.213	745	1620	10	11	7.590	5.871	76.291	0.318	1.293	0.774	0.507
339	618	57.409	23.854	4	131	119.054	2874	1621	38	31	40.190	19.579	43.189	0.548	2.053	0.487	0.829
340	39	10.385	6.812	1	28	46.870	818	1624	12	10	7.555	6.573	154.809	0.223	1.150	0.870	0.436
341	16	11.062	4.851	3	19	18.728	688	1626	5	7	5.917	3.443	106.333	0.573	1.718	0.582	0.627
342	16	14.500	9.967	2	31	16.728	778	1626	7	4	7.379	2.761	154.726	0.719	2.672	0.374	0.762
343	213	35.413	14.208	1	80	63.598	2123	1629	22	17	22.424	12.094	31.344	0.662	1.854	0.539	0.826
344	28	12.393	6.757	3	29	32.627	754	1630	12	8	10.180	3.502	151.296	0.331	2.907	0.344	0.496
345	341	21.830	14.633	0	67	219.137	668	1631	36	37	22.909	18.952	139.054	0.089	1.209	0.827	0.367
346	26	11.654	5.099	2	20	22.728	783	1631	6	8	7.576	4.370	108.551	0.633	1.734	0.577	0.732
347	23	12.391	6.444	3	28	34.627	664	1633	7	13	10.418	2.811	76.878	0.241	3.706	0.270	0.422
348	18	8.944	5.341	2	18	32.042	828	1636	10	7	6.987	3.280	22.614	0.220	2.130	0.469	0.375
349	228	33.447	21.163	0	79	104.912	835	1640	28	22	22.278	13.031	162.646	0.260	1.710	0.585	0.577
350	79	10.671	6.545	1	34	55.113	759	1644	9	19	18.276	5.504	94.913	0.327	3.321	0.301	0.596
351	111	10.631	5.344	0	25	85.841	743	1646	16	17	12.248	11.539	67.439	0.189	1.061	0.942	0.499
352	46	12.283	5.398	2	29	42.870	794	1647	7	16	12.851	4.558	99.663	0.315	2.820	0.355	0.582
353	17	14.765	10.762	5	37	17.314	887	1649	7	4	7.381	2.933	174.637	0.713	2.517	0.397	0.756
354	221	38.810	14.603	2	76	61.355	979	1649	18	19	19.954	14.102	55.469	0.738	1.415	0.707	0.858
355	21	11.619	7.304	3	26	23.556	770	1652	6	8	7.274	3.676	63.898	0.476	1.979	0.505	0.592
356	22	10.136	6.664	3	32	27.556	704	1653	9	7	7.179	3.902	0.826	0.364	1.840	0.543	0.500
357	62	32.177	12.484	2	59	35.213	2805	1654	12	10	13.554	5.824	34.521	0.628	2.327	0.430	0.805
358	16	12.375	6.956	1	26	16.728	900	1660	6	5	5.572	3.656	36.091	0.719	1.524	0.656	0.696
359	26	7.962	3.747	2	15	24.728	769	1663	6	8	7.380	4.486	141.675	0.534	1.645	0.608	0.693
360	1370	62.994	36.952	2	193	183.681	549	1675	60	36	55.971	31.165	171.026	0.510	1.796	0.557	0.857
361	230	22.348	11.156	0	56	82.083	3218	1675	30	13	26.632	10.996	179.734	0.429	2.422	0.413	0.757
362	17	13.882	3.967	9	23	28.385	686	1681	8	6	6.057	3.573	19.716	0.265	1.695	0.590	0.442
363	21	42.857	17.200	7	69	20.142	105	1683	8	5	7.878	3.394	18.508	0.650	2.321	0.431	0.737
364	87	19.471	9.060	3	42	42.870	3521	1694	13	11	12.472	8.882	178.928	0.595	1.404	0.712	0.770
365	26	18.192	8.438	4	41	26.728	2316	1695	5	11	10.612	3.120	71.350	0.457	3.402	0.294	0.754
366	50	52.580	15.541	17	85	27.799	2657	1695	9	9	9.044	7.039	42.837	0.813	1.285	0.778	0.806
367	177	66.164	22.507	10	115	65.113	3832	1697	24	12	21.815	10.330	7.131	0.525	2.112	0.474	0.778
368	52	31.654	12.114	7	55	34.385	1605	1701	13	7	13.696	4.834	18.728	0.553	2.833	0.353	0.776
369	1022	22.497	11.127	1	59	146.610	3146	1702	46	34	41.694	31.210	175.155	0.597	1.336	0.749	0.854
370	93	64.946	20.024	18	125	39.213	749	1704	15	9	14.431	8.205	17.304	0.760	1.759	0.569	0.869
371	26	17.654	10.099	4	42	26.142	3805	1721	7	9	6.637	4.988	38.884	0.478	1.331	0.752	0.591
372	295	41.973	22.467	0	109	70.770	2234	1722	21	20	19.935	18.841	40.348	0.740	1.058	0.945	0.864
373	3463	21.012	10.878	0	67	437.362	3945	1723	54	137	123.522	35.696	79.384	0.227	3.460	0.289	0.662
374	28	18.107	8.075	3	33	25.556	3475	1731	9	7	7.805	4.568	36.471	0.539	1.709	0.585	0.636
375	63	23.333	10.076	2	47	49.698	1130	1740	15	13	16.948	4.733	41.913	0.321	3.581	0.279	0.578
376	197	44.259	19.048	2	81	58.184	1909	1749	19	17	17.689	14.180	28.219	0.731	1.247	0.802	0.845
377	989	28.435	13.958	2	84	175.581	3761	1750	46	42	35.898	35.078	153.900	0.403	1.023	0.977	0.791
378	20	40.400	11.668	17	60	18.485	908	1758	8	3	8.075	3.154	4.708	0.736	2.560	0.391	0.909
379	1156	52.820	28.827	2	148	157.196	1972	1759	48	40	41.430	35.526	3.003	0.588	1.166	0.857	0.825
380	2303	56.984	31.715	1	170	254.593	2824	1768	85	57	76.921	38.121	26.746	0.446	2.018	0.496	0.776
381	404	33.894	16.392	1	81	97.740	2519	1770	39	17	35.985	14.295	9.442	0.531	2.517	0.397	0.843
382	2629	54.468	32.675	1	154	261.421	242	1771	74	69	71.642	46.723	50.217	0.483	1.533	0.652	0.784
383	33	63.333	17.867	20	89	22.971	3065	1771	9	6	8.987	4.675	13.602	0.786	1.922	0.520	0.815
384	46	16.587	8.261	3	38	44.042	3010	1777	12	7	10.841	5.403	13.632	0.298	2.007	0.498	0.605
385	624	38.075	14.642	4	87	111.397	838	1778	41	24	38.690	20.535	18.937	0.632	1.884	0.531	0.880
386	84	29.905	13.043	3	67	40.284	1015	1783	13	13	14.390	7.433	44.631	0.650	1.936	0.517	0.778
387	48	44.479	13.884	15	74	28.142	2219	1785	10	7	10.452	5.847	22.059	0.762	1.787	0.559	0.850
388	649	45.686	41.553	1	175	144.610	3078	1785	52	22	50.166	16.472	9.355	0.390	3.046	0.328	0.762
389	144	31.264	12.721	5	65	51.941	1101	1798	15	17	16.309	11.242	116.036	0.671	1.451	0.689	0.814
390	264	47.216	21.089	5	104	91.154	1715	1800	20	26	25.067	13.409	98.477	0.399	1.869	0.535	0.642
391	1648	16.112	8.805	0	49	247.421	3601	1806	59	44	50.680	41.403	4.546	0.338	1.224	0.817	0.830
392	105	37.952	19.612	5	80	50.770	457	1815	19	12	16.929	7.897	29.385	0.512	2.144	0.466	0.747
393	171	30.158	17.221	2	88	62.284	3018	1815	23	12	20.807	10.464	9.365	0.554	1.988	0.503	0.810
394	750	81.681	48.833	1	195	131.782	1637	1818	48	33	51.157	18.667	30.910	0.543	2.741	0.365	0.865
395	73	59.822	20.990	6	101	38.627	3683	1820	12	12	13.283	6.997	27.350	0.615	1.898	0.527	0.753
396	164	98.884	28.514	28	161	49.698	2786	1828	18	12	18.085	11.546	3.186	0.834	1.566	0.638	0.904
397	4493	20.826	10.278	0	70	448.316	3669	1831	88	99	109.133	52.419	56.635	0.281	2.082	0.480	0.803
398	1712	33.481	13.577	1	81	197.823	3788	1834	60	41	58.710	37.128	13.253	0.550	1.581	0.632	0.875
399	124	28.032	11.892	4	66	54.527	1773	1840	21	12	19.177	8.233	165.149	0.524	2.329	0.429	0.738
400	206	50.354	18.603	5	115	60.184	131	1868	17	20	18.312	14.323	116.407	0.715	1.278	0.782	0.827
401	19	7.211	6.188	1	24	17.314	3497	1876	6	5	6.464	3.743	17.303	0.796	1.727	0.579	0.776
402	117	18.684	9.715	1	42	57.355	403	1890	18	16	17.205	8.658	40.946	0.447	1.987	0.503	0.676
403	771	24.056	11.567	1	71	169.054	3971	1894	28	57	47.813	20.531	73.041	0.339	2.329	0.429	0.753
404	120	69.458	28.946	11	136	49.941	1736	1901	17	14	17.668	8.648	32.338	0.605	2.043	0.489	0.784
405	222	59.464	32.276	1	137	76.669	2060	1919	29	14	26.189	10.793	18.247	0.475	2.426	0.412	0.813
406	9073	43.053	31.495	0	183	552.742	3300	1951	123	130	130.988	88.192	68.208	0.373	1.485	0.673	0.802
407	159	82.302	31.985	5	147	51.698	3446	1953	19	13	19.715	10.269	20.782	0.748	1.920	0.521	0.871
408	3438	27.705	15.087	0	123	346.333	137	1955	75	84	88.551	49.434	54.735	0.360	1.791	0.558	0.801
409	926	51.594	27.564	2	162	158.752	576	1957	57	30	51.258	23.002	179.950	0.462	2.228	0.449	0.795
410	149	65.302	21.350	9	119	47.698	3590	1970	17	13	16.491	11.504	17.307	0.823	1.434	0.698	0.876
411	520	45.496	21.752	0	117	99.983	382	1982	28	30	28.894	22.915	120.110	0.654	1.261	0.793	0.850
412	123	29.724	12.538	2	70	49.941	3591	1985	16	14	16.860	9.289	32.760	0.620	1.815	0.551	0.801
413	66	22.364	10.418	2	44	38.627	3275	1995	14	8	13.862	6.062	19.616	0.556	2.287	0.437	0.754
414	194	74.057	30.404	7	145	56.527	2380	2024	20	15	19.751	12.506	23.156	0.763	1.579	0.633	0.880
415	1760	53.970	28.524	0	152	195.681	593	2029	67	39	65.696	34.110	179.767	0.578	1.926	0.519	0.868
416	49	34.714	13.458	8	67	25.556	1966	2046	8	8	8.232	7.579	38.636	0.943	1.086	0.921	0.883
417	24	44.792	16.097	7	70	20.728	198	2053	8	5	7.849	3.893	28.201	0.702	2.016	0.496	0.787
418	66	32.091	11.591	4	55	47.213	3027	2054	18	8	14.890	5.644	172.723	0.372	2.638	0.379	0.603
419	87	24.678	12.177	1	57	38.627	3583	2055	10	14	12.626	8.773	95.697	0.733	1.439	0.695	0.817
420	630	41.386	20.518	1	127	181.137	3370	2057	43	42	47.274	16.968	47.757	0.241	2.786	0.359	0.619
421	23	20.913	9.596	4	36	24.971	1413	2062	8	7	7.027	4.168	46.393	0.464	1.686	0.593	0.613
422	362	71.928	35.979	5	178	88.912	2500	2072	31	21	27.831	16.561	153.139	0.575	1.680	0.595	0.796
423	26	30.423	13.683	8	56	20.971	609	2079	8	6	9.332	3.548	37.837	0.743	2.630	0.380	0.825
424	17	25.824	13.857	4	54	19.556	3459	2082	8	5	6.530	3.315	24.288	0.559	1.970	0.508	0.642
425	82	88.817	31.066	16	151	36.627	3674	2082	14	9	13.739	7.599	16.865	0.768	1.808	0.553	0.845
426	815	57.883	31.470	1	150	123.539	76	2087	42	32	44.769	23.179	27.389	0.671	1.931	0.518	0.880
427	1668	29.504	13.065	1	79	219.380	109	2095	59	52	60.694	34.992	31.960	0.436	1.735	0.577	0.831
428	66	68.788	20.565	11	120	31.799	585	2095	12	8	11.422	7.357	4.356	0.820	1.553	0.644	0.852
429	304	43.977	18.534	4	99	75.255	3904	2113	26	20	25.476	15.193	28.211	0.675	1.677	0.596	0.855
430	112	27.920	11.986	3	55	49.698	3259	2120	17	14	17.218	8.282	29.882	0.570	2.079	0.481	0.744
431	30	20.900	9.133	5	38	22.971	1368	2129	8	7	8.720	4.380	44.442	0.714	1.991	0.502	0.769
432	31	20.871	11.806	4	48	28.042	998	2132	11	7	10.866	3.633	27.559	0.495	2.991	0.334	0.660
433	875	16.697	8.331	1	46	175.581	3086	2139	45	36	38.965	28.592	25.388	0.357	1.363	0.734	0.797
434	67	31.149	12.107	8	64	38.627	3482	2147	12	11	11.197	7.618	42.508	0.564	1.470	0.680	0.736
435	674	22.993	11.311	1	63	131.782	1966	2155	39	27	39.172	21.907	19.676	0.488	1.788	0.559	0.841
436	366	39.402	17.557	5	83	94.569	1030	2156	36	21	34.303	13.585	25.767	0.514	2.525	0.396	0.814
437	85	77.659	27.388	20	129	39.213	50	2159	15	8	14.183	7.631	10.156	0.695	1.859	0.538	0.837
438	503	47.823	19.063	2	112	100.326	361	2162	32	27	31.094	20.597	16.301	0.628	1.510	0.662	0.829
439	23	14.826	5.797	2	28	35.556	1290	2168	10	9	8.888	3.295	51.169	0.229	2.697	0.371	0.397
440	28	35.679	10.791	12	54	22.385	1712	2169	7	8	8.687	4.104	55.634	0.702	2.117	0.472	0.789
441	313	38.872	25.880	1	105	129.882	902	2183	28	28	31.819	12.525	43.300	0.233	2.541	0.394	0.643
442	61	22.492	8.213	7	40	29.556	437	2184	9	9	10.835	7.168	37.422	0.877	1.511	0.662	0.904
443	108	22.176	10.800	2	47	48.870	3221	2196	18	11	18.266	7.528	22.772	0.568	2.426	0.412	0.783
444	88	30.216	13.994	4	70	46.284	3017	2199	14	12	12.847	8.722	21.063	0.516	1.473	0.679	0.733
445	65	44.262	19.505	13	98	41.799	3410	2200	17	8	19.092	4.335	15.657	0.468	4.404	0.227	0.769
446	32	31.469	10.182	10	51	25.314	1788	2207	10	5	10.171	4.006	20.762	0.628	2.539	0.394	0.790
447	140	72.486	24.314	13	117	53.113	269	2225	19	13	17.804	10.012	169.498	0.624	1.778	0.562	0.782
448	23	51.826	18.185	10	79	17.899	2992	2243	5	6	6.882	4.255	56.895	0.902	1.617	0.618	0.885
449	48	46.604	19.105	11	85	29.556	3595	2243	13	5	12.510	4.885	13.211	0.690	2.561	0.391	0.923
450	29	27.483	10.190	7	47	22.971	263	2274	7	8	6.422	5.750	73.721	0.691	1.117	0.895	0.734
451	196	58.883	24.358	5	112	56.770	3499	2283	19	16	20.868	11.958	31.490	0.764	1.745	0.573	0.883
452	17	25.824	7.256	8	37	16.485	22	2288	7	3	7.308	2.962	4.102	0.786	2.467	0.405	0.895
453	85	40.435	14.491	2	69	36.042	623	2290	12	11	12.430	8.707	48.839	0.822	1.428	0.700	0.863
454	16	18.500	8.335	7	39	17.899	834	2305	6	5	5.332	3.820	2.382	0.628	1.396	0.716	0.696
455	18	19.167	9.439	7	41	17.314	399	2306	6	5	5.480	4.182	174.194	0.755	1.310	0.763	0.750
456	86	37.302	18.369	4	81	37.799	2119	2311	11	11	10.956	9.994	141.750	0.756	1.096	0.912	0.843
457	20	24.850	11.992	0	41	17.314	2019	2319	6	5	6.212	4.100	25.614	0.838	1.515	0.660	0.800
458	141	67.809	21.429	9	105	49.113	1332	2332	17	13	18.038	9.953	23.177	0.735	1.812	0.552	0.862
459	72	38.806	17.854	2	74	36.870	3204	2347	13	11	15.251	6.011	34.565	0.666	2.537	0.394	0.818
460	558	50.084	24.849	1	122	130.125	1640	2352	48	30	46.418	15.306	28.092	0.414	3.033	0.330	0.757
461	27	36.926	13.627	4	63	20.142	1493	2369	8	5	8.169	4.208	14.588	0.836	1.941	0.515	0.844
462	427	47.204	22.352	2	140	95.397	2359	2380	24	32	30.251	17.972	65.441	0.590	1.683	0.594	0.822
463	220	45.373	16.334	13	95	59.941	1448	2381	21	15	21.609	12.963	19.076	0.769	1.667	0.600	0.873
464	135	63.704	25.724	16	118	54.184	356	2385	18	15	20.965	8.199	33.357	0.578	2.557	0.391	0.746
465	1529	53.767	26.611	2	137	177.924	1793	2386	61	41	60.595	32.128	15.376	0.607	1.886	0.530	0.863
466	20	19.700	9.766	5	35	16.728	600	2401	7	4	6.623	3.845	1.175	0.898	1.722	0.581	0.833
467	115	29.626	11.326	7	61	43.456	3711	2407	16	11	14.589	10.037	8.634	0.765	1.454	0.688	0.852
468	49	31.061	9.915	5	50	26.385	2341	2415	10	7	10.163	6.139	14.060	0.885	1.656	0.604	0.883
469	75	23.093	9.676	5	41	40.042	3022	2429	14	10	12.521	7.626	16.808	0.588	1.642	0.609	0.746
470	64	93.875	29.789	28	165	31.213	1843	2440	11	9	12.252	6.651	27.891	0.825	1.842	0.543	0.859
471	40	26.150	10.103	8	48	24.385	1941	2440	7	9	9.401	5.418	61.439	0.845	1.735	0.576	0.833
472	37	45.054	17.836	9	81	24.728	441	2455	8	7	8.317	5.664	39.278	0.760	1.468	0.681	0.813
473	27	19.519	8.868	4	35	24.142	613	2455	9	6	7.310	4.703	175.726	0.582	1.555	0.643	0.711
474	80	34.038	13.087	4	64	41.456	565	2463	15	10	15.804	6.445	25.453	0.585	2.452	0.408	0.780
475	2182	43.136	22.350	0	123	273.907	3668	2472	105	40	89.628	30.997	10.223	0.365	2.891	0.346	0.801
476	31	28.968	10.413	11	50	20.728	3893	2484	7	6	7.657	5.155	36.491	0.907	1.485	0.673	0.873
477	108	53.417	13.618	17	84	40.284	1187	2485	13	13	12.895	10.664	126.777	0.836	1.209	0.827	0.854
478	57	43.947	14.917	11	86	31.456	1751	2488	11	10	11.882	6.108	43.381	0.724	1.945	0.514	0.776
479	53	26.981	9.773	7	50	35.456	1011	2495	11	9	10.832	6.230	24.370	0.530	1.739	0.575	0.684
480	963	32.833	16.532	1	98	165.439	3529	2496	44	41	40.756	30.085	50.569	0.442	1.355	0.738	0.762
481	2220	42.352	25.744	0	133	256.108	2889	2507	74	51	65.810	42.951	20.434	0.425	1.532	0.653	0.819
482	47	39.064	16.267	4	84	27.456	2352	2510	10	9	9.706	6.165	37.710	0.783	1.574	0.635	0.783
483	30565	30.344	24.119	0	147	1123.911	2915	2516	259	233	278.131	139.922	49.463	0.304	1.988	0.503	0.755
484	640	65.709	28.338	9	154	101.397	208	2528	33	29	33.396	24.400	31.740	0.782	1.369	0.731	0.898
485	27	20.963	11.247	8	50	21.556	541	2536	7	7	8.202	4.191	51.140	0.730	1.957	0.511	0.771
486	72	26.375	11.283	3	51	36.627	2716	2538	11	12	13.112	6.992	48.865	0.674	1.875	0.533	0.791
487	35	56.971	19.239	15	94	23.799	3410	2540	8	8	8.170	5.454	44.374	0.777	1.498	0.668	0.795
488	260	68.569	28.059	2	150	63.598	409	2564	21	19	20.140	16.437	31.275	0.808	1.225	0.816	0.883
489	40	25.750	9.120	11	47	28.971	631	2564	10	7	10.387	4.903	27.099	0.599	2.118	0.472	0.762
490	48	30.042	10.447	10	50	26.142	452	2577	9	7	9.214	6.633	20.696	0.883	1.389	0.720	0.889
491	500	67.332	30.181	6	151	95.255	468	2578	28	25	30.747	20.705	35.724	0.692	1.485	0.673	0.887
492	35	26.257	10.918	1	50	23.556	181	2585	8	7	7.409	6.015	32.912	0.793	1.232	0.812	0.795
493	267	61.588	22.864	5	118	69.598	254	2585	23	19	20.715	16.411	157.936	0.693	1.262	0.792	0.834
494	150	24.000	11.576	1	57	61.941	312	2586	15	21	22.263	8.579	111.159	0.491	2.595	0.385	0.716
495	1387	41.913	20.273	1	105	186.551	2190	2586	59	43	50.943	34.666	22.882	0.501	1.470	0.680	0.813
496	35	39.429	13.714	8	63	22.142	2701	2587	8	6	7.972	5.590	16.894	0.897	1.426	0.701	0.864
497	993	17.425	9.764	0	57	171.338	143	2591	40	44	46.706	27.070	54.626	0.425	1.725	0.580	0.820
498	32	37.250	11.112	10	55	24.142	227	2616	8	7	8.008	5.088	23.906	0.690	1.574	0.635	0.753
499	58	54.000	16.343	23	90	29.799	274	2617	10	9	11.008	6.709	32.874	0.821	1.641	0.609	0.853
500	61	32.098	13.079	1	56	32.971	509	2623	8	12	12.875	6.032	67.532	0.705	2.134	0.469	0.847
501	3963	37.468	17.230	0	101	410.274	2628	2651	73	91	85.974	58.690	84.940	0.296	1.465	0.683	0.751
502	166	40.120	17.575	4	86	52.870	503	2653	14	17	16.289	12.975	111.131	0.746	1.255	0.797	0.867
503	135	20.978	11.424	1	59	62.527	1049	2657	18	19	21.369	8.044	43.560	0.434	2.657	0.376	0.665
504	25	25.480	13.036	7	48	19.314	1040	2659	6	6	6.624	4.805	52.503	0.842	1.378	0.725	0.833
505	35	26.743	12.219	7	58	30.385	2438	2692	12	6	10.976	4.060	14.772	0.476	2.704	0.370	0.686
506	18	23.278	9.157	10	38	22.142	111	2694	7	7	7.703	2.975	43.657	0.461	2.589	0.386	0.600
507	72	19.722	7.880	5	44	36.627	1605	2703	12	11	11.215	8.174	44.553	0.674	1.372	0.729	0.766
508	146	38.959	17.221	3	79	70.326	1842	2709	23	23	30.790	6.037	44.500	0.371	5.100	0.196	0.714
509	353	27.652	16.122	0	91	112.225	3329	2709	34	20	29.521	15.225	170.386	0.352	1.939	0.516	0.698
510	59	57.627	19.754	7	90	31.799	404	2711	13	7	12.827	5.857	13.947	0.733	2.190	0.457	0.849
511	12125	36.058	31.345	0	172	557.571	1859	2712	149	132	142.147	108.606	26.599	0.490	1.309	0.764	0.866
512	1081	51.907	27.554	1	128	155.924	3692	2726	51	40	51.294	26.833	31.896	0.559	1.912	0.523	0.850
513	345	13.313	6.496	1	44	129.539	3342	2728	31	24	26.399	16.640	39.709	0.258	1.586	0.630	0.637
514	45	30.711	9.402	9	47	28.385	1728	2739	11	7	9.662	5.930	9.997	0.702	1.629	0.614	0.769
515	1426	42.878	22.017	1	106	207.723	104	2753	47	49	54.896	33.074	49.728	0.415	1.660	0.602	0.852
516	631	37.498	16.827	1	93	113.882	514	2763	35	29	34.203	23.489	22.054	0.611	1.456	0.687	0.852
517	209	47.440	19.726	1	95	82.669	1236	2764	26	23	25.133	10.588	35.039	0.384	2.374	0.421	0.665
518	139	31.043	11.457	4	59	46.870	3251	2764	12	17	16.132	10.971	116.922	0.795	1.470	0.680	0.880
519	277	69.209	33.666	4	145	70.669	294	2766	23	22	25.527	13.816	42.483	0.697	1.848	0.541	0.846
520	4179	20.281	10.399	0	70	322.434	3327	2792	83	79	92.357	57.612	135.610	0.505	1.603	0.624	0.890
521	24	17.125	10.489	6	44	23.556	703	2793	9	6	6.645	4.599	174.140	0.544	1.445	0.692	0.632
522	68	33.059	12.365	11	59	36.042	1163	2799	12	10	10.559	8.199	30.370	0.658	1.288	0.777	0.760
523	2027	18.520	10.216	0	65	293.463	2977	2803	56	62	56.972	45.301	126.296	0.296	1.258	0.795	0.771
524	33	25.273	13.873	5	62	24.728	2193	2817	8	7	7.206	5.831	166.296	0.678	1.236	0.809	0.750
525	2298	58.289	36.329	0	167	187.338	1659	2853	57	55	58.672	49.869	45.467	0.823	1.177	0.850	0.939
526	64	25.031	12.790	4	55	34.627	245	2859	10	11	10.998	7.410	45.056	0.671	1.484	0.674	0.785
527	20	14.650	9.086	1	37	16.728	2487	2871	5	6	5.550	4.588	53.130	0.898	1.210	0.827	0.800
528	233	19.227	8.902	0	46	71.255	76	2875	20	21	22.064	13.445	42.829	0.577	1.641	0.609	0.790
529	38	21.053	9.651	5	44	25.556	71	2876	9	7	8.218	5.887	22.543	0.731	1.396	0.716	0.776
530	24	29.625	10.886	9	55	18.485	2007	2876	5	6	6.610	4.623	58.898	0.883	1.430	0.699	0.889
531	386	50.158	23.435	3	119	87.497	489	2882	22	30	25.786	19.060	106.848	0.634	1.353	0.739	0.827
532	119	49.202	15.047	11	82	45.698	3130	2882	16	12	17.278	8.769	30.357	0.716	1.970	0.508	0.865
533	1775	27.312	15.512	0	83	247.765	92	2883	55	56	53.949	41.891	36.110	0.363	1.288	0.776	0.823
534	28	27.643	13.998	5	51	26.971	3879	2884	10	7	10.052	3.547	38.460	0.484	2.834	0.353	0.700
535	16	12.188	5.671	4	22	19.314	7	2908	4	8	7.465	2.729	64.313	0.539	2.736	0.366	0.711
536	1483	49.989	23.998	2	140	170.167	2026	2911	49	50	53.699	35.163	42.978	0.644	1.527	0.655	0.882
537	82	18.951	10.655	0	44	39.698	2709	2926	15	11	13.274	7.865	33.993	0.654	1.688	0.593	0.766
538	56	39.839	16.255	0	72	34.627	1736	2928	10	12	13.225	5.391	57.775	0.587	2.453	0.408	0.757
539	1240	66.258	32.768	3	143	156.368	2951	2928	48	45	55.012	28.699	34.606	0.637	1.917	0.522	0.874
540	1728	48.681	27.186	1	128	187.095	3299	2945	48	54	56.950	38.633	62.453	0.620	1.474	0.678	0.896
541	41	40.268	18.247	7	74	25.556	3903	2951	9	7	10.013	5.214	41.454	0.789	1.920	0.521	0.845
542	837	63.432	29.505	4	136	128.468	3704	2963	46	28	47.065	22.643	14.088	0.637	2.079	0.481	0.882
543	208	15.644	7.583	0	43	76.184	3620	2979	23	20	24.374	10.865	32.632	0.450	2.243	0.446	0.714
544	42	17.524	8.606	3	34	31.799	1625	2982	8	11	8.363	6.394	93.316	0.522	1.308	0.765	0.683
545	567	33.418	16.084	1	88	122.426	3748	2983	51	16	46.670	15.469	2.384	0.475	3.017	0.331	0.904
546	26	24.500	13.912	5	48	25.799	3171	2989	10	7	9.422	3.514	32.693	0.491	2.682	0.373	0.658
