 	Area	Mean	StdDev	Min	Max	Perim.	BX	BY	Width	Height	Major	Minor	Angle	Circ.	AR	Round	Solidity
1	1675	34.211	18.353	1	98	221.439	2267	1	86	30	75.418	28.278	0.269	0.429	2.667	0.375	0.909
2	365	23.912	9.619	2	52	81.255	1645	4	24	24	23.011	20.196	140.768	0.695	1.139	0.878	0.846
3	53	17.547	9.597	0	37	42.870	1419	10	15	7	13.219	5.105	0.659	0.362	2.590	0.386	0.613
4	56	19.911	8.822	3	41	40.042	3806	32	14	8	12.054	5.915	1.456	0.439	2.038	0.491	0.626
5	369	24.859	11.760	0	67	106.811	49	37	31	27	30.393	15.458	132.453	0.406	1.966	0.509	0.690
6	245	58.429	23.323	6	111	75.841	1	40	26	19	25.770	12.105	30.128	0.535	2.129	0.470	0.781
7	138	41.652	15.684	4	81	48.284	3971	45	17	12	16.484	10.659	171.919	0.744	1.546	0.647	0.829
8	53	26.000	13.027	7	63	38.627	867	58	15	9	13.174	5.122	20.600	0.446	2.572	0.389	0.639
9	119	37.849	14.449	6	75	42.042	3921	65	14	12	14.694	10.311	18.314	0.846	1.425	0.702	0.878
10	45	27.578	10.650	7	51	28.385	771	76	9	8	8.885	6.449	172.179	0.702	1.378	0.726	0.763
11	193	49.984	22.645	4	102	62.770	1073	84	14	24	20.675	11.885	95.753	0.616	1.740	0.575	0.802
12	24	13.792	8.314	1	32	21.556	1718	84	8	6	6.897	4.431	28.231	0.649	1.557	0.642	0.716
13	388	44.232	22.224	1	99	89.255	2034	90	18	30	29.148	16.949	84.915	0.612	1.720	0.581	0.824
14	212	77.467	22.982	5	123	59.113	1817	93	20	15	20.484	13.178	20.720	0.762	1.554	0.643	0.876
15	21	26.190	7.966	11	38	18.728	324	97	6	6	5.625	4.753	37.884	0.752	1.183	0.845	0.792
16	249	51.044	17.805	1	98	64.770	2380	105	17	21	21.278	14.900	108.611	0.746	1.428	0.700	0.871
17	1556	20.201	10.027	0	58	188.309	2214	110	51	48	52.606	37.660	136.085	0.551	1.397	0.716	0.867
18	1049	38.579	15.330	0	80	155.338	2147	123	44	37	41.239	32.388	24.407	0.546	1.273	0.785	0.855
19	19	24.737	10.739	4	44	15.899	214	126	6	4	5.936	4.076	169.767	0.944	1.456	0.687	0.884
20	2433	20.980	10.524	0	59	243.078	1501	137	73	53	69.206	44.762	170.811	0.517	1.546	0.647	0.876
21	223	46.363	15.281	6	80	63.598	1171	149	21	18	19.901	14.267	35.496	0.693	1.395	0.717	0.838
22	960	28.195	12.145	1	63	137.196	2379	153	44	36	38.618	31.651	166.473	0.641	1.220	0.820	0.863
23	37	28.703	9.786	4	47	25.213	1644	168	8	9	7.042	6.690	78.547	0.731	1.053	0.950	0.733
24	28	11.393	5.659	2	26	34.627	595	177	12	6	9.585	3.719	177.003	0.293	2.577	0.388	0.471
25	198	35.258	11.635	4	63	55.941	700	182	21	14	20.014	12.596	165.611	0.795	1.589	0.629	0.872
26	156	23.141	12.703	2	60	59.113	3600	184	19	14	17.557	11.313	158.512	0.561	1.552	0.644	0.790
27	30	6.467	3.928	2	14	19.657	601	185	6	5	6.770	5.642	0.000	0.976	1.200	0.833	1.000
28	38	38.132	14.481	4	67	26.142	462	193	10	6	9.017	5.366	11.693	0.699	1.680	0.595	0.784
29	150	18.513	8.366	2	44	68.527	473	199	24	10	22.961	8.318	178.053	0.401	2.760	0.362	0.743
30	129	19.721	8.718	0	52	50.284	1194	217	17	12	17.009	9.657	159.007	0.641	1.761	0.568	0.799
31	92	36.674	14.928	4	67	42.627	3024	227	13	13	13.979	8.380	49.706	0.636	1.668	0.599	0.770
32	39	13.333	7.117	2	32	40.627	2834	236	10	15	14.451	3.436	129.983	0.297	4.206	0.238	0.542
33	53	24.604	10.945	0	45	30.971	3464	236	10	9	12.080	5.586	143.359	0.694	2.162	0.462	0.809
34	65	76.892	19.658	17	119	30.385	808	241	10	9	10.128	8.172	16.270	0.885	1.239	0.807	0.872
35	82	56.049	14.886	20	93	34.627	3598	250	11	11	10.597	9.852	53.570	0.859	1.076	0.930	0.859
36	1348	19.860	10.353	0	55	231.380	951	253	76	33	66.555	25.788	10.815	0.316	2.581	0.387	0.755
37	61	24.721	10.417	5	48	39.213	749	255	13	10	11.482	6.764	154.652	0.499	1.697	0.589	0.697
38	1080	41.584	15.791	2	91	150.610	1730	265	54	29	52.063	26.412	171.081	0.598	1.971	0.507	0.889
39	137	31.839	13.995	4	64	51.698	804	274	15	15	15.561	11.210	44.428	0.644	1.388	0.720	0.787
40	358	76.366	30.938	5	144	77.841	2413	274	29	18	28.931	15.755	8.236	0.742	1.836	0.545	0.898
41	66	16.273	6.461	2	34	35.213	603	288	10	10	10.283	8.172	128.811	0.669	1.258	0.795	0.781
42	238	47.630	18.593	1	91	66.184	2918	293	21	17	19.887	15.237	26.406	0.683	1.305	0.766	0.845
43	116	56.560	19.286	7	101	42.527	785	297	14	14	13.520	10.924	48.061	0.806	1.238	0.808	0.823
44	23	16.087	6.967	6	35	18.142	2603	306	6	6	6.938	4.221	132.393	0.878	1.644	0.608	0.821
45	150	24.607	12.269	2	54	71.012	229	323	27	14	24.129	7.915	164.435	0.374	3.049	0.328	0.662
46	294	47.259	17.140	3	86	81.841	456	324	32	17	29.328	12.764	16.501	0.552	2.298	0.435	0.786
47	113	23.292	10.420	0	53	63.598	3602	331	17	13	12.727	11.305	178.784	0.351	1.126	0.888	0.669
48	38	11.237	5.786	2	29	31.799	2982	335	11	8	9.661	5.008	28.206	0.472	1.929	0.518	0.644
49	60	15.133	7.002	1	29	42.627	2622	338	11	13	11.924	6.407	81.436	0.415	1.861	0.537	0.609
50	43	28.000	11.282	7	50	26.971	2287	343	8	9	9.807	5.583	115.397	0.743	1.757	0.569	0.768
51	25	12.040	6.680	2	23	30.142	2042	347	10	7	7.963	3.997	162.972	0.346	1.992	0.502	0.562
52	243	21.790	9.689	1	52	71.012	3615	349	24	16	20.877	14.820	165.555	0.606	1.409	0.710	0.815
53	38	24.921	10.556	5	53	23.556	1643	351	8	7	7.883	6.138	155.825	0.861	1.284	0.779	0.844
54	246	54.675	26.541	4	115	62.184	3384	356	22	16	20.598	15.206	177.991	0.799	1.355	0.738	0.882
55	81	32.383	11.104	4	55	38.627	2097	359	12	11	11.745	8.781	155.184	0.682	1.338	0.748	0.783
56	1944	23.334	11.323	0	68	206.208	3005	359	56	53	52.220	47.399	146.764	0.575	1.102	0.908	0.883
57	31	45.903	10.946	19	67	19.899	2545	367	6	6	6.395	6.172	63.435	0.984	1.036	0.965	0.925
58	25	11.600	3.663	3	22	29.213	1773	369	10	7	9.486	3.355	155.903	0.368	2.827	0.354	0.510
59	98	16.418	9.382	1	47	50.284	3991	378	8	19	17.451	7.150	91.783	0.487	2.441	0.410	0.813
60	17	24.294	8.788	6	36	15.314	800	382	5	5	5.059	4.278	166.010	0.911	1.183	0.846	0.810
61	16	9.250	4.450	2	15	18.728	1759	384	7	5	7.268	2.803	25.594	0.573	2.593	0.386	0.653
62	421	53.957	25.084	5	113	103.640	3687	397	28	29	30.609	17.513	129.913	0.493	1.748	0.572	0.751
63	116	38.371	14.202	5	75	61.698	3666	406	15	16	16.417	8.997	63.833	0.383	1.825	0.548	0.674
64	220	58.536	23.000	3	100	59.941	1378	409	17	19	19.179	14.605	48.498	0.769	1.313	0.762	0.871
65	259	11.826	6.860	0	38	109.054	1704	423	30	18	25.716	12.824	12.984	0.274	2.005	0.499	0.652
66	46	20.022	10.626	0	43	29.556	3876	431	12	6	11.159	5.248	174.076	0.662	2.126	0.470	0.844
67	266	26.256	11.753	1	57	66.770	3622	441	20	18	20.215	16.754	134.366	0.750	1.207	0.829	0.882
68	23	27.043	12.205	8	51	19.899	3954	449	8	4	7.992	3.664	4.942	0.730	2.181	0.459	0.836
69	20	24.850	14.911	5	55	19.556	935	450	7	6	5.202	4.895	148.525	0.657	1.063	0.941	0.656
70	43	18.116	9.686	0	38	30.385	3222	462	11	8	11.248	4.868	29.303	0.585	2.311	0.433	0.729
71	805	46.084	20.144	2	99	119.397	3703	465	32	36	36.356	28.192	86.336	0.710	1.290	0.775	0.892
72	138	32.703	12.641	5	70	45.213	595	466	16	11	16.278	10.794	174.710	0.848	1.508	0.663	0.911
73	154	77.344	23.500	23	139	47.698	3587	472	14	16	15.205	12.895	115.678	0.851	1.179	0.848	0.880
74	476	63.082	27.529	2	125	94.569	3111	483	28	26	28.628	21.170	136.049	0.669	1.352	0.739	0.862
75	929	16.647	8.843	0	51	193.137	988	492	45	39	39.078	30.269	38.517	0.313	1.291	0.775	0.728
76	282	12.748	6.887	0	31	120.711	2505	497	25	23	20.836	17.232	23.414	0.243	1.209	0.827	0.651
77	167	36.257	14.418	4	79	65.941	895	509	22	14	24.002	8.859	19.307	0.483	2.709	0.369	0.756
78	35	50.257	15.500	10	76	22.142	1497	511	7	7	7.381	6.038	17.577	0.897	1.222	0.818	0.854
79	370	61.949	26.856	5	139	78.326	2391	513	29	21	26.217	17.969	172.629	0.758	1.459	0.685	0.886
80	8664	46.203	27.555	0	157	614.198	2358	525	193	86	171.527	64.313	3.107	0.289	2.667	0.375	0.710
81	7827	37.022	24.398	0	131	457.487	1920	527	154	97	148.800	66.973	153.288	0.470	2.222	0.450	0.854
82	4458	28.990	12.916	0	74	299.078	163	531	86	73	85.441	66.433	25.181	0.626	1.286	0.778	0.919
83	20	38.600	14.405	3	59	16.728	2635	531	6	5	5.639	4.515	170.229	0.898	1.249	0.801	0.800
84	167	56.988	21.060	10	104	59.355	2246	535	23	11	22.098	9.622	6.167	0.596	2.297	0.435	0.839
85	44	35.159	10.931	15	62	24.971	3542	536	9	7	8.058	6.952	142.184	0.887	1.159	0.863	0.863
86	46	30.087	11.745	9	56	25.556	2916	542	8	8	7.819	7.491	48.766	0.885	1.044	0.958	0.852
87	2231	24.281	11.345	0	69	233.279	2919	543	71	44	68.521	41.456	4.646	0.515	1.653	0.605	0.876
88	184	58.283	21.400	9	110	58.770	1758	548	20	15	19.567	11.973	155.706	0.669	1.634	0.612	0.818
89	363	58.642	21.638	10	101	88.083	4	569	27	22	25.115	18.403	35.698	0.588	1.365	0.733	0.822
90	1744	40.183	20.214	0	103	179.823	1289	590	53	49	53.349	41.623	42.697	0.678	1.282	0.780	0.908
91	49	36.306	13.300	1	59	28.142	854	593	11	6	11.307	5.518	10.100	0.777	2.049	0.488	0.883
92	182	58.522	18.054	12	105	53.941	3842	594	18	16	17.665	13.118	42.064	0.786	1.347	0.743	0.871
93	52	46.481	13.309	21	81	26.971	2072	636	9	8	9.327	7.099	47.065	0.898	1.314	0.761	0.860
94	53	24.189	10.260	3	41	26.971	2256	636	10	7	9.510	7.096	170.419	0.916	1.340	0.746	0.883
95	175	39.554	16.662	3	89	67.598	3089	642	23	19	24.407	9.129	136.515	0.481	2.674	0.374	0.731
96	209	55.321	27.360	3	121	62.669	2081	643	22	18	19.966	13.328	150.415	0.669	1.498	0.668	0.804
97	1234	24.706	16.507	0	84	213.137	3865	651	41	58	58.070	27.057	105.359	0.341	2.146	0.466	0.754
98	41	28.683	10.123	9	49	26.142	202	653	8	8	8.864	5.889	45.058	0.754	1.505	0.664	0.804
99	31	34.871	13.723	13	62	24.142	2152	662	8	7	7.704	5.123	37.296	0.668	1.504	0.665	0.747
100	35	21.771	9.075	5	45	24.142	1892	667	10	5	9.225	4.831	19.001	0.755	1.909	0.524	0.864
101	8626	23.300	11.061	0	77	534.985	2295	667	136	111	124.896	87.937	32.328	0.379	1.420	0.704	0.859
102	27	12.815	6.133	3	26	29.213	1912	670	9	7	7.326	4.693	10.597	0.398	1.561	0.641	0.581
103	660	24.665	11.782	1	70	141.196	2146	671	37	31	36.782	22.846	151.224	0.416	1.610	0.621	0.796
104	17	23.235	10.854	4	45	16.728	1137	689	7	4	7.200	3.006	165.055	0.763	2.395	0.418	0.773
105	204	68.475	24.420	1	120	60.527	2434	696	22	14	21.648	11.998	3.371	0.700	1.804	0.554	0.859
106	42	15.190	6.512	4	32	28.627	2130	700	10	7	8.451	6.328	161.023	0.644	1.336	0.749	0.785
107	913	46.191	19.539	4	103	144.125	3409	703	43	38	37.368	31.108	133.120	0.552	1.201	0.832	0.805
108	79	17.557	8.365	2	47	42.284	2160	708	13	13	14.257	7.055	139.663	0.555	2.021	0.495	0.749
109	34	36.853	11.252	5	59	21.314	3037	709	7	6	7.357	5.884	148.127	0.941	1.250	0.800	0.895
110	64	35.844	13.016	7	72	36.385	2186	713	9	12	9.907	8.225	51.553	0.608	1.204	0.830	0.749
111	21	28.095	13.300	4	47	25.556	3003	713	9	6	6.958	3.843	1.555	0.404	1.811	0.552	0.600
112	352	11.997	6.025	0	30	128.953	2752	722	27	24	24.057	18.630	26.484	0.266	1.291	0.774	0.690
113	26	22.731	10.623	8	51	20.142	1671	723	8	5	7.363	4.496	6.225	0.805	1.638	0.611	0.800
114	745	66.934	27.176	5	138	126.125	529	727	36	39	41.486	22.865	131.801	0.589	1.814	0.551	0.819
115	17	15.941	7.172	1	31	17.556	3371	737	6	6	6.824	3.172	127.509	0.693	2.151	0.465	0.680
116	89	31.663	13.853	8	65	38.627	3948	743	14	10	12.162	9.318	162.347	0.750	1.305	0.766	0.832
117	1582	30.530	17.248	0	86	195.581	610	747	63	44	65.239	30.875	154.347	0.520	2.113	0.473	0.844
118	16	21.812	8.010	9	35	16.142	3859	748	6	5	6.537	3.116	23.699	0.772	2.098	0.477	0.744
119	26	27.154	14.374	4	56	20.142	908	750	7	6	6.733	4.917	39.676	0.805	1.369	0.730	0.776
120	215	31.209	15.792	2	96	69.012	1458	758	22	15	20.858	13.124	3.415	0.567	1.589	0.629	0.801
121	13145	35.115	32.184	0	168	584.014	1644	773	144	137	158.047	105.897	44.548	0.484	1.492	0.670	0.899
122	53	27.075	14.778	4	70	34.971	103	785	14	7	12.306	5.484	10.023	0.545	2.244	0.446	0.731
123	199	97.975	37.740	9	170	56.870	923	785	20	14	19.827	12.780	8.557	0.773	1.551	0.645	0.894
124	40	26.575	14.354	2	56	28.385	1428	786	11	7	9.732	5.233	161.415	0.624	1.860	0.538	0.755
125	33	29.636	12.392	8	53	22.971	1661	791	9	6	8.775	4.788	163.345	0.786	1.833	0.546	0.805
126	8671	48.271	33.317	0	164	521.630	47	804	118	137	146.792	75.210	61.676	0.400	1.952	0.512	0.817
127	44	32.000	9.030	10	53	26.971	2609	804	10	7	8.661	6.468	19.779	0.760	1.339	0.747	0.800
128	45	23.978	15.075	1	64	34.485	3995	806	4	15	13.101	4.374	86.509	0.476	2.995	0.334	0.857
129	91	14.714	7.968	1	36	53.941	976	810	13	12	11.154	10.388	6.878	0.393	1.074	0.931	0.700
130	48	29.062	10.416	5	54	31.213	3752	814	9	11	9.414	6.492	59.377	0.619	1.450	0.690	0.744
131	27	20.778	10.116	4	43	19.314	985	830	5	7	7.617	4.513	70.605	0.910	1.688	0.593	0.885
132	84	33.512	10.183	6	55	38.042	3902	839	11	11	10.752	9.947	16.219	0.729	1.081	0.925	0.816
133	1830	16.444	9.049	0	56	248.735	2356	842	59	46	54.050	43.109	7.913	0.372	1.254	0.798	0.837
134	78	41.551	18.143	2	80	36.627	1195	843	14	9	13.786	7.204	9.150	0.731	1.914	0.523	0.830
135	336	16.839	8.123	0	47	112.811	1499	843	25	25	24.869	17.203	44.018	0.332	1.446	0.692	0.723
136	3647	37.430	17.307	0	97	308.877	270	845	91	66	79.647	58.301	176.162	0.480	1.366	0.732	0.829
137	86	8.570	4.803	1	23	81.255	2313	845	22	13	15.389	7.116	1.295	0.164	2.163	0.462	0.443
138	141	24.227	11.582	4	54	78.770	3986	846	13	25	18.982	9.458	73.361	0.286	2.007	0.498	0.667
139	4280	44.184	26.625	0	161	361.505	3912	848	87	86	93.020	58.584	145.002	0.412	1.588	0.630	0.851
140	16	16.625	8.747	6	36	17.314	2821	849	6	5	5.554	3.668	1.950	0.671	1.514	0.660	0.711
141	429	13.937	7.761	1	42	180.752	1905	851	36	28	28.077	19.454	7.428	0.165	1.443	0.693	0.618
142	38	15.289	7.425	2	29	33.213	2488	854	8	11	9.060	5.340	107.669	0.433	1.696	0.589	0.603
143	413	12.230	6.783	0	36	170.510	2301	857	40	22	31.576	16.654	171.506	0.179	1.896	0.527	0.586
144	13532	28.589	19.891	0	168	567.612	3029	859	152	146	137.684	125.138	58.139	0.528	1.100	0.909	0.895
145	465	50.529	21.452	2	104	88.083	1028	863	32	20	30.043	19.707	5.819	0.753	1.525	0.656	0.902
146	56	24.375	10.418	4	51	34.627	3750	863	12	10	10.847	6.574	25.179	0.587	1.650	0.606	0.696
147	30	22.800	8.487	5	39	20.728	3503	874	6	7	8.039	4.751	61.187	0.877	1.692	0.591	0.882
148	35	30.886	18.229	1	62	28.627	1391	878	10	9	9.105	4.895	36.844	0.537	1.860	0.538	0.673
149	16	34.375	12.574	16	57	14.485	733	883	4	5	5.423	3.757	119.872	0.958	1.443	0.693	0.889
150	34	38.471	12.315	7	52	21.556	957	890	8	6	7.717	5.610	166.129	0.919	1.376	0.727	0.861
151	61	40.541	17.990	12	80	34.042	1209	899	11	11	12.108	6.414	38.278	0.661	1.888	0.530	0.808
152	2961	40.823	31.201	0	154	370.676	847	907	64	100	76.944	48.997	87.551	0.271	1.570	0.637	0.697
153	2189	23.312	10.875	0	67	260.492	978	925	59	57	62.248	44.774	39.162	0.405	1.390	0.719	0.858
154	884	19.826	10.332	0	61	162.853	1478	944	46	32	42.988	26.183	25.237	0.419	1.642	0.609	0.826
155	16	28.312	11.597	11	53	15.314	1739	952	6	4	5.423	3.756	173.380	0.857	1.444	0.693	0.800
156	28	33.893	11.046	7	56	22.142	2114	963	7	7	6.800	5.242	78.226	0.718	1.297	0.771	0.778
157	88	35.852	14.606	7	72	40.627	2132	975	17	8	15.851	7.069	6.246	0.670	2.242	0.446	0.850
158	1328	46.428	23.285	1	120	167.581	2179	988	48	47	48.723	34.704	133.006	0.594	1.404	0.712	0.821
159	25	15.040	7.552	4	30	20.728	502	991	7	6	7.177	4.435	152.462	0.731	1.618	0.618	0.781
160	686	41.969	17.619	2	90	117.983	504	993	41	26	36.718	23.788	169.422	0.619	1.544	0.648	0.856
161	26	23.885	9.314	2	41	20.142	2793	995	6	7	7.039	4.703	70.050	0.805	1.497	0.668	0.812
162	74	30.068	12.929	7	60	33.213	306	1012	11	10	11.149	8.451	137.143	0.843	1.319	0.758	0.871
163	53	34.509	11.372	8	54	27.314	942	1024	9	7	9.321	7.240	164.304	0.893	1.287	0.777	0.922
164	956	58.926	31.939	0	146	127.296	1233	1033	42	34	43.027	28.290	26.335	0.741	1.521	0.657	0.899
165	82	31.159	13.772	3	65	39.456	1425	1033	9	15	14.253	7.325	82.019	0.662	1.946	0.514	0.796
166	80	36.100	15.165	2	64	35.799	995	1044	13	9	13.037	7.813	20.621	0.784	1.669	0.599	0.870
167	31	42.871	15.815	16	67	21.556	951	1045	8	6	8.126	4.857	158.427	0.838	1.673	0.598	0.827
168	148	27.912	14.591	3	89	51.698	3903	1062	19	11	18.825	10.010	5.354	0.696	1.881	0.532	0.846
169	64	31.234	9.733	7	50	32.627	1589	1065	10	11	11.417	7.137	51.607	0.755	1.600	0.625	0.805
170	17	28.235	10.353	7	45	15.314	1790	1066	5	5	5.889	3.676	34.125	0.911	1.602	0.624	0.829
171	1627	44.714	23.261	1	130	204.551	3221	1068	61	46	58.165	35.615	149.968	0.489	1.633	0.612	0.818
172	51	48.255	14.505	14	70	28.728	3707	1068	10	7	9.783	6.637	0.175	0.777	1.474	0.678	0.850
173	224	12.509	7.191	1	36	86.912	3123	1073	22	19	18.825	15.150	50.558	0.373	1.243	0.805	0.696
174	169	56.953	14.942	19	87	51.698	1053	1086	15	16	15.886	13.546	117.249	0.795	1.173	0.853	0.873
175	546	32.035	14.257	0	66	133.539	3124	1096	27	32	29.779	23.345	99.383	0.385	1.276	0.784	0.757
176	31	20.774	6.530	4	34	24.142	3743	1100	8	7	6.688	5.902	178.278	0.668	1.133	0.882	0.775
177	53	38.868	14.705	10	77	27.556	741	1105	8	9	9.281	7.271	128.686	0.877	1.276	0.783	0.869
178	65	24.677	10.985	2	51	30.142	3279	1113	9	9	9.518	8.695	109.485	0.899	1.095	0.914	0.897
179	456	56.524	29.460	0	126	93.983	2380	1117	29	24	26.616	21.814	158.767	0.649	1.220	0.820	0.848
180	117	51.675	17.816	12	96	49.698	1305	1118	18	11	16.673	8.935	9.012	0.595	1.866	0.536	0.793
181	146	57.836	14.383	15	88	47.113	1212	1119	15	15	14.189	13.101	19.618	0.827	1.083	0.923	0.864
182	459	11.390	6.980	0	38	157.924	73	1121	25	35	28.473	20.526	91.797	0.231	1.387	0.721	0.683
183	316	41.924	20.726	3	99	85.841	2238	1121	20	29	29.009	13.869	64.538	0.539	2.092	0.478	0.764
184	63	62.206	20.984	9	106	38.042	3409	1140	12	11	9.457	8.482	161.482	0.547	1.115	0.897	0.692
185	17	17.176	7.376	6	33	15.899	3610	1140	6	4	5.435	3.982	2.994	0.845	1.365	0.733	0.829
186	29	24.069	11.988	5	51	27.556	2334	1142	7	8	6.750	5.470	3.801	0.480	1.234	0.810	0.652
187	72	26.014	12.556	4	65	38.870	1790	1143	11	12	11.206	8.181	107.946	0.599	1.370	0.730	0.731
188	210	32.414	12.524	1	62	60.184	1550	1145	20	15	19.019	14.059	167.475	0.729	1.353	0.739	0.847
189	88	45.136	20.519	10	86	37.799	729	1146	14	9	13.994	8.007	172.899	0.774	1.748	0.572	0.854
190	366	13.768	7.337	0	34	136.024	2680	1170	29	24	27.866	16.723	24.786	0.249	1.666	0.600	0.698
191	57	57.632	17.325	8	87	27.556	941	1172	10	7	10.567	6.868	18.529	0.943	1.539	0.650	0.919
192	73	22.630	10.097	2	43	36.042	3525	1172	11	12	12.006	7.742	46.611	0.706	1.551	0.645	0.781
193	29	23.793	9.526	8	45	24.142	3818	1173	8	6	7.321	5.043	164.297	0.625	1.452	0.689	0.725
194	31	13.968	6.390	2	25	25.899	1471	1178	9	6	8.450	4.671	33.461	0.581	1.809	0.553	0.729
195	20	23.450	7.870	10	36	20.728	444	1183	6	6	6.036	4.219	12.198	0.585	1.431	0.699	0.678
196	579	66.858	31.775	1	138	101.154	2813	1194	33	26	30.455	24.206	165.521	0.711	1.258	0.795	0.855
197	54	40.519	13.668	7	68	28.385	1546	1195	11	7	9.884	6.956	165.914	0.842	1.421	0.704	0.864
198	20	34.800	12.068	10	59	17.314	271	1208	6	5	6.250	4.074	156.417	0.838	1.534	0.652	0.816
199	61	67.426	22.509	10	108	28.971	610	1223	9	9	9.361	8.297	55.352	0.913	1.128	0.886	0.878
200	419	31.356	14.752	1	76	89.841	485	1237	28	22	26.955	19.792	7.955	0.652	1.362	0.734	0.851
201	104	24.212	11.966	1	51	42.042	1183	1239	12	14	13.777	9.611	56.970	0.739	1.433	0.698	0.835
202	383	13.877	8.679	0	46	126.711	1073	1242	21	32	26.673	18.282	77.535	0.300	1.459	0.685	0.726
203	27	29.963	13.157	6	60	18.728	1647	1242	5	7	6.749	5.094	110.208	0.967	1.325	0.755	0.885
204	161	46.957	14.687	10	77	51.456	635	1253	14	17	17.384	11.792	102.184	0.764	1.474	0.678	0.845
205	24	12.333	7.883	2	31	19.314	748	1257	5	7	6.635	4.605	121.116	0.809	1.441	0.694	0.828
206	1342	18.062	9.309	1	54	194.208	2741	1259	45	46	44.935	38.026	54.780	0.447	1.182	0.846	0.845
207	289	17.028	8.963	0	49	82.669	1337	1274	20	24	22.126	16.630	68.576	0.531	1.330	0.752	0.758
208	141	29.355	12.788	0	56	51.113	3147	1279	15	15	13.581	13.219	103.856	0.678	1.027	0.973	0.815
209	808	15.778	9.021	0	57	145.681	209	1280	38	33	35.810	28.729	18.596	0.478	1.246	0.802	0.834
210	209	41.775	13.883	5	72	54.870	986	1280	18	15	18.310	14.533	13.005	0.872	1.260	0.794	0.909
211	2916	47.509	29.521	0	143	350.434	1020	1286	101	67	86.573	42.886	161.290	0.298	2.019	0.495	0.743
212	28	19.107	8.443	6	35	20.728	2102	1287	6	7	7.176	4.968	56.462	0.819	1.444	0.692	0.824
213	29	22.931	11.726	3	46	21.799	443	1290	8	7	7.086	5.211	13.449	0.767	1.360	0.735	0.744
214	54	17.407	7.973	1	35	41.456	644	1291	9	13	10.557	6.513	67.833	0.395	1.621	0.617	0.621
215	938	17.972	8.988	0	49	166.853	2784	1292	39	40	40.013	29.848	41.896	0.423	1.341	0.746	0.807
216	1404	14.894	8.270	0	45	239.765	3193	1295	43	59	49.711	35.960	71.834	0.307	1.382	0.723	0.770
217	76	56.789	16.151	12	82	35.213	2981	1296	12	10	10.867	8.904	1.849	0.770	1.220	0.819	0.809
218	37	18.189	8.309	4	39	24.142	599	1305	8	7	9.411	5.006	39.042	0.798	1.880	0.532	0.841
219	16	9.938	5.686	1	20	22.142	895	1305	4	9	8.771	2.323	78.968	0.410	3.776	0.265	0.593
220	16	6.438	2.874	2	11	14.485	746	1307	5	4	5.186	3.928	142.018	0.958	1.320	0.757	0.889
221	17	8.824	6.287	1	25	17.899	874	1309	4	7	7.095	3.051	96.988	0.667	2.326	0.430	0.756
222	37	17.946	9.563	0	37	25.213	947	1313	10	7	8.025	5.870	164.947	0.731	1.367	0.731	0.755
223	1284	51.967	25.569	0	119	166.167	3631	1314	44	47	47.984	34.070	66.210	0.584	1.408	0.710	0.851
224	34	14.559	5.533	4	25	25.556	126	1315	8	8	9.258	4.676	46.698	0.654	1.980	0.505	0.731
225	18	6.944	2.461	3	10	29.556	779	1315	5	11	7.635	3.002	103.283	0.259	2.544	0.393	0.480
226	52	6.885	3.964	2	19	45.113	3870	1315	11	13	11.382	5.817	126.857	0.321	1.957	0.511	0.575
227	16	10.312	4.715	3	18	18.728	633	1321	6	6	5.393	3.778	42.782	0.573	1.428	0.701	0.653
228	132	59.227	20.093	6	107	45.698	556	1322	17	12	15.397	10.915	9.858	0.794	1.411	0.709	0.852
229	59	36.085	13.439	0	71	30.385	298	1329	9	10	9.492	7.914	138.063	0.803	1.199	0.834	0.843
230	33	22.303	12.479	3	43	22.142	2495	1329	6	8	7.347	5.719	62.556	0.846	1.285	0.778	0.825
231	28	15.429	8.917	4	39	28.971	728	1347	6	11	8.218	4.338	94.836	0.419	1.895	0.528	0.602
232	518	39.875	24.967	1	112	95.983	460	1348	28	27	27.464	24.015	30.638	0.707	1.144	0.874	0.871
233	3146	52.614	40.643	0	158	242.451	2813	1350	82	54	81.927	48.892	15.319	0.673	1.676	0.597	0.913
234	16	10.375	5.252	2	23	19.314	673	1351	5	7	6.856	2.971	51.304	0.539	2.308	0.433	0.627
235	45	10.111	6.224	0	24	45.456	736	1352	11	12	11.292	5.074	45.871	0.274	2.226	0.449	0.520
236	23	10.739	6.510	1	22	18.142	785	1352	6	6	6.275	4.667	41.606	0.878	1.345	0.744	0.793
237	29	12.345	5.715	1	25	20.971	753	1359	8	6	7.813	4.726	15.152	0.829	1.653	0.605	0.784
238	342	36.807	16.323	5	82	81.598	3525	1359	22	24	25.515	17.066	61.064	0.645	1.495	0.669	0.851
239	17	7.706	3.788	2	15	22.728	747	1360	4	9	7.844	2.760	88.176	0.414	2.842	0.352	0.586
240	190	27.237	9.761	1	49	61.355	2324	1362	18	17	17.146	14.109	161.589	0.634	1.215	0.823	0.798
241	60	39.983	12.285	4	65	30.971	3451	1364	10	9	9.480	8.058	171.711	0.786	1.176	0.850	0.833
242	118	43.627	11.097	10	77	42.042	509	1379	14	12	12.979	11.576	10.218	0.839	1.121	0.892	0.864
243	183	24.732	11.933	3	67	55.941	3693	1379	18	17	16.255	14.335	31.089	0.735	1.134	0.882	0.813
244	92	51.446	14.669	19	82	48.627	3991	1380	8	21	16.281	7.195	90.131	0.489	2.263	0.442	0.829
245	72	42.931	13.887	4	71	31.799	3207	1382	11	9	10.664	8.596	15.961	0.895	1.241	0.806	0.878
246	166	23.187	11.052	1	54	57.113	107	1383	14	19	18.642	11.338	63.286	0.640	1.644	0.608	0.830
247	17	12.647	8.200	2	34	28.971	720	1390	7	9	5.667	3.820	114.288	0.255	1.484	0.674	0.430
248	34	14.088	6.341	1	30	32.142	761	1391	10	8	9.387	4.612	177.986	0.414	2.035	0.491	0.576
249	300	72.403	29.496	4	129	67.841	210	1393	21	22	19.818	19.274	37.339	0.819	1.028	0.973	0.878
250	24	10.375	5.555	1	24	27.799	737	1393	10	6	7.687	3.975	5.607	0.390	1.934	0.517	0.558
251	26	10.308	3.957	3	18	32.971	745	1397	6	10	7.430	4.455	72.491	0.301	1.668	0.600	0.547
252	187	36.588	14.373	2	72	59.598	3295	1399	20	17	21.795	10.924	34.630	0.662	1.995	0.501	0.818
253	47	11.277	6.523	0	22	56.527	764	1400	12	16	10.820	5.531	113.728	0.185	1.956	0.511	0.366
254	50	5.120	2.819	0	16	36.971	871	1400	15	7	13.127	4.850	9.983	0.460	2.707	0.369	0.676
255	17	9.059	3.816	2	14	21.899	641	1401	5	8	6.481	3.340	97.973	0.445	1.940	0.515	0.596
256	26	11.962	5.272	2	22	29.556	724	1402	5	12	9.816	3.372	105.950	0.374	2.911	0.344	0.584
257	56	11.554	6.084	2	29	33.799	891	1402	11	10	10.415	6.846	139.018	0.616	1.521	0.657	0.727
258	44	13.273	8.076	1	32	37.213	650	1404	13	9	11.693	4.791	22.284	0.399	2.440	0.410	0.575
259	41	12.829	5.878	2	26	46.284	708	1404	10	12	9.736	5.362	67.388	0.241	1.816	0.551	0.500
260	563	24.288	13.955	0	84	226.451	663	1408	33	37	29.082	24.649	138.734	0.138	1.180	0.848	0.541
261	30	15.367	6.167	5	31	41.456	813	1408	15	9	12.384	3.084	158.688	0.219	4.015	0.249	0.414
262	27	14.148	6.556	1	28	28.385	716	1409	6	11	10.563	3.255	66.312	0.421	3.245	0.308	0.621
263	22	13.182	6.529	3	29	26.385	882	1409	10	6	7.728	3.625	153.547	0.397	2.132	0.469	0.557
264	21	17.095	9.082	4	33	24.385	746	1410	8	7	7.903	3.383	31.858	0.444	2.336	0.428	0.560
265	22	23.136	11.945	2	50	24.142	3790	1410	7	8	7.617	3.677	49.471	0.474	2.071	0.483	0.638
266	20	9.750	11.378	0	35	21.314	625	1413	6	7	6.160	4.134	73.176	0.553	1.490	0.671	0.714
267	323	20.269	10.019	0	61	97.397	3726	1414	23	24	22.126	18.587	48.015	0.428	1.190	0.840	0.754
268	55	7.764	7.037	0	26	51.698	641	1416	12	13	8.949	7.825	31.619	0.259	1.144	0.874	0.502
269	30	9.967	4.679	1	20	30.142	656	1416	7	9	7.037	5.428	137.143	0.415	1.296	0.771	0.600
270	118	47.839	16.738	11	95	44.627	188	1422	16	11	15.782	9.520	3.955	0.745	1.658	0.603	0.855
271	24	7.167	5.264	0	21	18.485	714	1426	6	5	6.098	5.011	1.074	0.883	1.217	0.822	0.889
272	1019	31.918	15.311	1	78	138.368	2929	1426	40	40	39.387	32.941	143.102	0.669	1.196	0.836	0.878
273	22	14.136	5.922	3	24	28.971	631	1427	8	8	6.346	4.414	49.365	0.329	1.438	0.696	0.524
274	72	46.500	16.608	12	85	31.799	3137	1428	9	11	10.854	8.446	65.059	0.895	1.285	0.778	0.873
275	136	40.081	14.390	2	82	45.456	2910	1429	14	14	14.367	12.052	31.372	0.827	1.192	0.839	0.861
276	103	61.330	17.476	15	102	38.284	2573	1430	13	12	13.876	9.451	144.431	0.883	1.468	0.681	0.869
277	17	8.294	4.524	2	16	20.142	705	1432	6	7	6.750	3.206	55.137	0.527	2.105	0.475	0.630
278	133	29.895	11.946	2	58	47.213	127	1438	14	13	13.628	12.426	148.091	0.750	1.097	0.912	0.872
279	136	45.515	15.655	14	78	45.456	845	1443	14	14	15.811	10.952	42.813	0.827	1.444	0.693	0.875
280	117	17.436	7.977	0	44	73.255	83	1444	19	16	16.650	8.947	151.587	0.274	1.861	0.537	0.569
281	32	11.250	4.529	4	22	23.899	670	1447	10	4	10.040	4.058	2.382	0.704	2.474	0.404	0.901
282	159	63.824	17.076	1	108	49.941	1708	1461	14	18	14.957	13.535	82.949	0.801	1.105	0.905	0.850
283	38	24.526	12.476	4	51	28.142	591	1462	10	7	8.330	5.808	160.559	0.603	1.434	0.697	0.745
284	198	30.995	13.999	1	62	70.426	1141	1465	21	18	18.925	13.321	153.931	0.502	1.421	0.704	0.742
285	209	36.751	14.536	2	82	64.426	1907	1465	19	18	17.540	15.171	153.225	0.633	1.156	0.865	0.810
286	50	23.280	11.641	4	59	34.627	531	1479	10	12	10.080	6.316	53.581	0.524	1.596	0.627	0.662
287	834	47.251	24.121	2	113	138.024	1680	1481	38	40	46.458	22.857	42.420	0.550	2.033	0.492	0.849
288	69	30.522	11.224	6	61	33.456	156	1502	12	10	12.211	7.194	154.450	0.775	1.697	0.589	0.793
289	21	18.190	8.412	1	33	18.728	564	1504	6	6	6.636	4.029	26.102	0.752	1.647	0.607	0.764
290	98	13.612	6.360	1	27	57.698	1961	1511	13	13	12.859	9.703	150.544	0.370	1.325	0.755	0.674
291	27	16.000	8.048	1	29	24.728	3466	1513	9	6	8.118	4.235	26.910	0.555	1.917	0.522	0.675
292	1073	46.159	22.131	1	124	230.208	1126	1517	48	62	63.868	21.391	123.597	0.254	2.986	0.335	0.612
293	24	14.958	5.805	1	28	24.142	3992	1519	7	7	7.343	4.161	116.421	0.517	1.765	0.567	0.667
294	38	22.184	9.070	5	37	25.556	1508	1530	8	8	7.901	6.124	141.879	0.731	1.290	0.775	0.776
295	65	18.323	9.243	1	43	37.456	701	1531	15	8	13.099	6.318	20.325	0.582	2.073	0.482	0.747
296	83	26.482	10.728	4	57	38.284	1644	1533	13	12	10.889	9.705	110.986	0.712	1.122	0.891	0.765
297	59	33.898	13.790	7	72	33.213	2501	1533	9	11	11.437	6.569	107.507	0.672	1.741	0.574	0.787
298	838	34.353	16.832	1	100	163.338	3689	1537	38	43	46.351	23.020	122.891	0.395	2.014	0.497	0.789
299	22	12.955	5.719	3	23	23.556	686	1552	8	7	8.043	3.483	41.582	0.498	2.309	0.433	0.579
300	914	43.546	18.029	0	97	156.752	900	1553	40	42	41.509	28.036	57.268	0.467	1.481	0.675	0.782
301	56	23.464	12.429	2	50	33.799	551	1555	9	11	9.980	7.145	93.469	0.616	1.397	0.716	0.727
302	6960	21.426	10.361	0	74	473.286	2216	1560	96	111	105.762	83.790	99.664	0.390	1.262	0.792	0.876
303	540	58.983	23.833	6	127	96.426	747	1563	29	25	30.092	22.849	30.688	0.730	1.317	0.759	0.900
304	210	53.329	18.437	3	94	59.113	3303	1570	20	16	18.218	14.677	176.927	0.755	1.241	0.806	0.855
305	232	50.690	19.846	3	99	63.355	1165	1575	23	16	20.276	14.568	2.563	0.726	1.392	0.718	0.848
306	1018	68.810	32.434	4	158	166.853	531	1596	45	48	50.550	25.641	54.324	0.460	1.971	0.507	0.737
307	18	21.611	6.545	9	33	15.899	2825	1613	5	5	5.378	4.261	79.928	0.895	1.262	0.792	0.837
308	409	47.875	17.870	3	106	87.255	248	1619	30	20	30.420	17.119	19.807	0.675	1.777	0.563	0.880
309	860	40.180	20.508	1	107	132.024	3620	1623	39	34	35.140	31.161	4.321	0.620	1.128	0.887	0.871
310	40	23.000	8.373	2	46	26.971	2942	1638	8	9	8.071	6.310	143.481	0.691	1.279	0.782	0.784
311	47	31.596	9.481	12	45	27.556	816	1642	7	10	9.065	6.601	93.619	0.778	1.373	0.728	0.832
312	165	13.297	7.019	1	31	133.296	1181	1651	21	21	17.805	11.799	26.049	0.117	1.509	0.663	0.501
313	33	24.970	7.912	13	43	22.728	895	1652	6	8	7.544	5.570	61.285	0.803	1.354	0.738	0.815
314	179	45.631	15.607	2	88	51.941	941	1654	17	16	15.348	14.849	33.571	0.834	1.034	0.968	0.873
315	1081	17.434	8.939	0	54	180.167	2901	1673	38	51	42.786	32.169	102.970	0.418	1.330	0.752	0.799
316	22	26.136	7.942	4	36	20.728	311	1686	8	5	7.672	3.651	14.225	0.643	2.101	0.476	0.733
317	16	25.375	13.216	7	48	15.899	100	1701	5	5	4.890	4.166	101.240	0.795	1.174	0.852	0.780
318	36	30.778	11.948	5	64	22.971	1741	1716	7	8	7.533	6.085	70.814	0.857	1.238	0.808	0.800
319	1939	16.855	8.843	0	52	284.149	1928	1719	55	56	51.413	48.019	42.056	0.302	1.071	0.934	0.789
320	79	59.620	16.007	21	87	34.971	2633	1720	10	11	11.795	8.528	70.438	0.812	1.383	0.723	0.868
321	1271	50.389	23.209	1	128	236.794	1063	1725	42	71	71.002	22.792	72.412	0.285	3.115	0.321	0.635
322	264	49.670	18.438	7	101	71.598	690	1742	15	24	23.998	14.007	106.314	0.647	1.713	0.584	0.866
323	27	12.370	7.530	3	26	22.385	977	1752	8	7	7.093	4.847	38.429	0.677	1.464	0.683	0.701
324	33	19.303	6.980	7	33	22.728	135	1755	7	7	6.877	6.110	59.233	0.803	1.126	0.888	0.815
325	1364	29.840	12.668	1	67	180.167	291	1755	38	52	49.873	34.822	77.616	0.528	1.432	0.698	0.844
326	316	65.886	23.567	11	119	72.770	1818	1756	16	27	26.831	14.995	81.870	0.750	1.789	0.559	0.898
327	93	20.086	9.812	2	40	42.042	1906	1756	11	13	12.924	9.162	56.502	0.661	1.411	0.709	0.809
328	22	18.227	8.794	4	35	21.556	929	1767	7	7	6.128	4.571	133.201	0.595	1.340	0.746	0.638
329	699	61.292	23.411	5	129	147.782	177	1769	42	31	35.382	25.154	17.110	0.402	1.407	0.711	0.727
330	67	34.731	11.128	11	56	34.042	1014	1775	11	11	10.568	8.072	45.342	0.727	1.309	0.764	0.793
331	1929	31.999	15.780	1	79	204.551	1465	1802	46	60	58.781	41.783	69.954	0.579	1.407	0.711	0.889
332	518	69.060	27.975	9	135	94.569	268	1804	31	25	30.505	21.620	15.557	0.728	1.411	0.709	0.864
333	598	34.888	16.730	1	83	125.782	1535	1819	27	40	35.402	21.507	104.637	0.475	1.646	0.608	0.775
334	17	23.647	10.517	3	44	20.142	1701	1820	5	7	5.796	3.735	79.809	0.527	1.552	0.644	0.654
335	754	45.780	19.499	1	110	139.196	1805	1828	36	44	50.940	18.846	57.965	0.489	2.703	0.370	0.790
336	16	20.812	9.779	8	42	15.899	2878	1831	4	6	6.409	3.179	60.436	0.795	2.016	0.496	0.865
337	51	51.824	14.252	23	82	27.799	2508	1836	8	10	9.656	6.725	71.742	0.829	1.436	0.697	0.836
338	257	14.533	9.152	1	48	85.841	422	1838	17	29	25.515	12.825	78.790	0.438	1.990	0.503	0.727
339	21	26.476	13.325	5	45	17.899	30	1849	7	4	7.166	3.731	14.957	0.824	1.920	0.521	0.875
340	1840	27.466	12.113	1	68	221.622	601	1849	50	70	71.463	32.783	123.453	0.471	2.180	0.459	0.828
341	27	15.259	6.472	5	27	24.385	3940	1857	8	6	6.974	4.929	5.884	0.571	1.415	0.707	0.667
342	174	33.684	20.501	1	99	81.497	981	1879	15	29	24.360	9.095	77.831	0.329	2.679	0.373	0.585
343	31	28.516	9.828	7	52	22.385	3113	1880	7	8	7.831	5.040	49.606	0.777	1.554	0.644	0.765
344	22	24.273	7.661	9	37	18.728	1132	1890	7	5	6.099	4.593	159.599	0.788	1.328	0.753	0.786
345	50	41.580	10.308	9	61	27.799	1575	1895	8	10	8.538	7.456	70.266	0.813	1.145	0.873	0.800
346	241	28.577	12.628	4	56	66.184	3109	1904	16	23	22.684	13.527	94.079	0.691	1.677	0.596	0.828
347	176	28.761	14.353	1	73	56.184	1968	1906	19	17	19.092	11.737	29.145	0.701	1.627	0.615	0.815
348	130	44.562	13.606	2	81	49.213	3314	1910	13	16	16.670	9.929	105.690	0.675	1.679	0.596	0.833
349	38	40.289	13.213	11	63	22.728	1722	1940	6	8	8.029	6.026	97.219	0.924	1.332	0.751	0.894
350	91	21.143	10.186	1	50	53.113	357	1951	11	17	14.636	7.916	108.800	0.405	1.849	0.541	0.657
351	25	14.080	6.831	2	24	19.314	283	1953	7	5	7.559	4.211	171.403	0.842	1.795	0.557	0.833
352	883	42.095	19.232	1	100	127.196	1985	1974	39	34	36.533	30.774	27.114	0.686	1.187	0.842	0.883
353	39	29.256	8.702	7	54	23.556	377	1979	7	8	8.643	5.745	120.012	0.883	1.505	0.665	0.857
354	79	29.342	15.754	2	69	33.799	284	1986	10	11	10.430	9.644	98.674	0.869	1.082	0.925	0.888
355	213	51.526	17.670	8	94	56.870	3190	1986	16	18	17.973	15.089	69.278	0.828	1.191	0.840	0.901
356	554	13.565	7.244	0	41	246.593	290	1993	34	47	39.811	17.718	68.466	0.114	2.247	0.445	0.508
357	313	13.380	7.335	1	41	100.225	2685	2004	23	23	21.277	18.730	61.609	0.392	1.136	0.880	0.742
358	1007	13.885	7.165	0	40	180.267	2811	2008	37	42	40.735	31.475	67.286	0.389	1.294	0.773	0.822
359	106	43.453	14.753	11	80	41.456	3493	2015	11	14	13.138	10.273	96.764	0.775	1.279	0.782	0.848
360	418	35.684	13.982	1	69	93.255	1381	2018	24	27	26.146	20.356	123.010	0.604	1.284	0.779	0.816
361	7499	27.355	16.675	0	112	503.529	3547	2022	128	122	139.669	68.362	138.595	0.372	2.043	0.489	0.808
362	56	23.661	9.162	8	45	32.971	283	2032	10	9	10.125	7.042	34.627	0.647	1.438	0.696	0.794
363	67	31.687	10.201	12	55	33.213	2122	2034	10	11	12.128	7.034	59.110	0.763	1.724	0.580	0.832
364	58	23.810	11.208	2	47	39.456	3739	2044	12	8	10.712	6.894	6.172	0.468	1.554	0.644	0.682
365	547	53.537	25.417	4	111	95.740	2077	2061	27	27	29.082	23.948	129.036	0.750	1.214	0.823	0.902
366	16	13.562	9.845	1	33	17.314	1628	2062	5	6	5.819	3.501	108.623	0.671	1.662	0.602	0.696
367	197	34.660	13.524	6	79	56.770	611	2063	16	19	16.955	14.794	45.035	0.768	1.146	0.873	0.857
368	50	11.120	6.561	2	32	41.799	3214	2065	14	10	8.929	7.130	15.491	0.360	1.252	0.799	0.526
369	49	30.204	13.277	5	60	29.213	3887	2087	8	11	9.990	6.245	85.587	0.722	1.600	0.625	0.790
370	62	55.306	18.142	13	87	30.971	747	2097	9	10	9.929	7.950	80.496	0.812	1.249	0.801	0.849
371	54	33.333	10.090	9	58	30.627	311	2101	11	9	10.045	6.845	32.628	0.723	1.468	0.681	0.766
372	34	26.029	8.476	4	43	23.556	1537	2108	8	7	8.075	5.361	48.461	0.770	1.506	0.664	0.800
373	31	27.194	11.004	8	50	19.899	399	2110	5	7	7.483	5.275	109.645	0.984	1.419	0.705	0.939
374	72	34.847	12.585	7	63	34.971	1208	2124	9	11	11.334	8.088	91.113	0.740	1.401	0.714	0.832
375	58	17.155	7.693	4	34	46.870	1020	2145	12	13	12.837	5.753	137.045	0.332	2.232	0.448	0.583
376	10046	40.747	25.751	0	135	500.215	99	2155	120	143	141.895	90.144	55.429	0.505	1.574	0.635	0.880
377	20	21.950	7.830	11	39	20.142	800	2156	7	6	6.468	3.937	143.160	0.619	1.643	0.609	0.656
378	1976	28.011	14.268	0	79	284.836	1020	2159	49	73	64.775	38.841	114.268	0.306	1.668	0.600	0.801
379	16572	22.649	11.625	0	87	888.389	2017	2159	167	206	197.816	106.665	125.489	0.264	1.855	0.539	0.784
380	252	39.635	17.459	7	86	69.841	1320	2163	20	24	20.571	15.598	111.797	0.649	1.319	0.758	0.801
381	4409	29.958	13.979	0	83	300.877	1184	2168	82	80	84.931	66.098	52.614	0.612	1.285	0.778	0.893
382	532	27.526	15.140	0	70	103.154	1874	2174	26	34	30.252	22.391	117.577	0.628	1.351	0.740	0.833
383	180	30.767	11.450	3	55	61.255	705	2197	18	20	21.011	10.908	54.049	0.603	1.926	0.519	0.788
384	29	16.517	5.654	7	27	28.385	246	2201	7	10	8.285	4.457	115.408	0.452	1.859	0.538	0.592
385	1118	36.467	18.612	1	102	180.995	49	2202	44	44	40.872	34.828	94.571	0.429	1.174	0.852	0.792
386	1570	14.566	8.290	0	55	275.321	3739	2204	49	59	46.704	42.801	82.433	0.260	1.091	0.916	0.765
387	280	61.018	24.858	4	125	71.598	1467	2210	17	26	25.341	14.069	81.204	0.686	1.801	0.555	0.860
388	69	25.304	10.152	4	46	35.556	437	2211	9	12	11.626	7.556	74.581	0.686	1.539	0.650	0.812
389	115	47.383	12.762	10	76	41.698	3645	2213	12	15	13.705	10.683	62.328	0.831	1.283	0.780	0.858
390	70	20.157	10.090	3	48	40.971	1	2214	8	16	13.251	6.726	91.569	0.524	1.970	0.508	0.761
391	172	21.709	12.891	2	67	64.770	820	2219	23	13	21.658	10.112	7.837	0.515	2.142	0.467	0.749
392	203	68.424	20.795	9	110	59.941	2645	2223	13	23	21.800	11.856	92.980	0.710	1.839	0.544	0.860
393	217	37.945	14.402	5	71	65.598	894	2243	17	20	17.776	15.543	113.908	0.634	1.144	0.874	0.836
394	24	18.417	8.161	3	36	20.142	490	2248	6	7	6.511	4.693	102.440	0.743	1.387	0.721	0.774
395	41	20.415	9.698	2	41	26.728	807	2249	7	9	9.150	5.705	82.816	0.721	1.604	0.624	0.788
396	960	41.934	21.889	0	96	128.468	3571	2257	34	38	38.974	31.362	111.834	0.731	1.243	0.805	0.912
397	258	13.984	7.056	1	34	113.640	499	2262	18	32	23.853	13.772	95.844	0.251	1.732	0.577	0.597
398	577	39.577	17.672	0	87	127.539	1412	2265	21	44	41.398	17.746	92.292	0.446	2.333	0.429	0.817
399	21	14.905	5.576	3	24	25.556	2673	2271	5	8	6.748	3.962	104.500	0.404	1.703	0.587	0.618
400	379	17.193	8.769	1	45	94.326	19	2273	22	29	25.723	18.760	104.435	0.535	1.371	0.729	0.805
401	78	33.282	13.034	4	68	36.042	3129	2273	11	12	11.908	8.340	115.456	0.755	1.428	0.700	0.804
402	352	42.801	18.559	1	98	102.225	2519	2276	24	37	38.887	11.525	123.421	0.423	3.374	0.296	0.759
403	33	14.030	7.187	2	38	36.385	993	2279	12	9	10.397	4.041	23.339	0.313	2.572	0.389	0.482
404	47	24.830	11.395	4	50	31.314	766	2280	6	11	9.563	6.257	70.874	0.602	1.528	0.654	0.810
405	26	16.346	7.965	5	36	21.314	290	2281	7	6	6.691	4.948	18.752	0.719	1.352	0.740	0.765
406	37	36.054	14.556	5	73	26.142	1042	2281	5	11	9.647	4.884	91.667	0.680	1.975	0.506	0.822
407	90	21.789	9.260	3	43	45.456	963	2292	12	14	12.177	9.411	77.297	0.547	1.294	0.773	0.756
408	41	31.659	13.339	7	60	28.385	935	2296	8	9	8.840	5.905	98.865	0.639	1.497	0.668	0.719
409	1622	15.795	8.779	0	51	247.907	270	2299	44	60	51.725	39.926	91.700	0.332	1.296	0.772	0.796
410	319	47.683	21.004	5	104	67.012	1767	2304	21	21	21.093	19.256	146.555	0.893	1.095	0.913	0.911
411	17	14.529	7.954	4	32	22.728	312	2328	7	7	5.856	3.696	49.131	0.414	1.585	0.631	0.523
412	301	35.409	16.737	1	83	74.426	2609	2330	19	26	22.139	17.311	98.172	0.683	1.279	0.782	0.841
413	1325	40.888	19.830	0	105	174.894	2707	2330	32	58	56.944	29.626	93.760	0.544	1.922	0.520	0.838
414	805	24.472	11.159	0	58	119.740	649	2352	29	36	37.443	27.374	110.307	0.706	1.368	0.731	0.898
415	40	19.525	7.024	4	35	26.142	2625	2352	9	7	9.386	5.426	141.677	0.736	1.730	0.578	0.792
416	105	17.352	10.407	0	48	66.527	927	2356	14	16	13.324	10.034	114.808	0.298	1.328	0.753	0.605
417	25	13.520	6.462	3	29	20.142	699	2379	7	6	8.042	3.958	39.608	0.774	2.032	0.492	0.806
418	31	27.677	8.260	13	53	21.556	2000	2393	6	8	7.589	5.201	60.267	0.838	1.459	0.685	0.861
419	387	19.703	10.841	1	52	92.083	3830	2394	27	24	28.957	17.016	31.855	0.574	1.702	0.588	0.824
420	898	22.710	11.158	1	61	143.196	355	2401	31	45	41.735	27.396	83.659	0.550	1.523	0.656	0.835
421	45	36.067	15.249	5	64	28.385	2979	2401	8	10	9.730	5.889	78.463	0.702	1.652	0.605	0.763
422	784	43.142	21.098	2	122	135.196	185	2406	28	45	42.620	23.421	93.963	0.539	1.820	0.550	0.842
423	20	14.600	7.170	1	33	16.485	2213	2409	6	4	6.121	4.160	178.422	0.925	1.471	0.680	0.909
424	185	21.697	10.356	1	52	66.184	934	2411	20	16	18.041	13.056	178.838	0.531	1.382	0.724	0.764
425	28	20.893	8.248	4	34	20.142	73	2425	6	7	6.869	5.190	61.629	0.867	1.323	0.756	0.824
426	386	45.868	17.370	1	106	98.912	1715	2428	26	28	29.870	16.453	52.744	0.496	1.815	0.551	0.777
427	816	42.244	19.422	2	90	134.125	3282	2435	28	50	45.891	22.640	107.010	0.570	2.027	0.493	0.837
428	525	53.787	24.152	2	103	94.912	382	2436	25	30	28.770	23.234	87.382	0.732	1.238	0.808	0.879
429	34	21.441	12.196	4	49	24.971	789	2443	10	6	8.737	4.955	166.730	0.685	1.763	0.567	0.773
430	148	20.527	11.003	1	53	69.113	3929	2444	12	25	25.152	7.492	102.773	0.389	3.357	0.298	0.668
431	36	21.667	10.642	1	49	26.385	3979	2459	8	9	8.059	5.688	74.872	0.650	1.417	0.706	0.699
432	243	42.008	16.075	4	87	68.184	543	2471	15	26	24.121	12.827	86.549	0.657	1.880	0.532	0.841
433	281	26.975	12.475	2	56	80.669	1001	2472	14	31	28.903	12.378	95.967	0.543	2.335	0.428	0.814
434	34	19.382	10.375	3	47	34.385	262	2482	6	12	10.244	4.226	87.098	0.361	2.424	0.412	0.571
435	34	18.265	9.857	2	39	22.971	1930	2485	6	9	8.231	5.260	102.284	0.810	1.565	0.639	0.829
436	93	11.366	6.724	1	33	61.113	73	2495	12	18	16.695	7.093	120.469	0.313	2.354	0.425	0.620
437	45	26.800	11.104	4	52	25.556	38	2499	8	8	7.861	7.288	12.529	0.866	1.079	0.927	0.857
438	2407	44.374	19.670	0	105	323.948	2986	2505	70	94	96.609	31.723	125.908	0.288	3.045	0.328	0.676
439	57	33.877	12.978	4	64	32.042	1711	2509	10	10	9.567	7.586	106.244	0.698	1.261	0.793	0.760
440	115	46.730	15.955	13	78	41.456	2509	2510	13	12	13.137	11.146	152.026	0.841	1.179	0.848	0.868
441	106	59.151	17.781	10	113	39.213	218	2513	12	12	12.973	10.403	133.164	0.866	1.247	0.802	0.898
442	163	52.239	14.472	10	87	51.698	3218	2513	16	15	14.936	13.895	4.568	0.766	1.075	0.930	0.853
443	378	17.598	8.972	0	44	102.225	3118	2515	24	28	28.280	17.019	62.130	0.455	1.662	0.602	0.763
444	286	11.066	6.573	0	32	194.409	3427	2543	27	32	21.730	16.758	38.852	0.095	1.297	0.771	0.452
445	78	37.923	15.732	0	67	40.042	3390	2551	9	14	12.455	7.974	105.317	0.611	1.562	0.640	0.757
446	808	14.130	8.149	0	45	146.368	576	2552	31	41	38.140	26.974	82.394	0.474	1.414	0.707	0.808
447	262	47.924	19.283	8	110	65.698	19	2554	17	22	19.249	17.330	106.237	0.763	1.111	0.900	0.870
448	532	48.286	18.758	5	97	97.841	1166	2566	23	33	34.490	19.639	106.651	0.698	1.756	0.569	0.878
449	1858	28.002	13.166	0	72	206.309	1027	2578	51	55	51.083	46.310	129.310	0.549	1.103	0.907	0.882
450	8977	29.791	16.728	0	90	490.843	2849	2588	103	129	128.040	89.268	116.615	0.468	1.434	0.697	0.865
451	32	16.531	7.935	3	33	21.556	1919	2590	6	8	7.377	5.523	91.168	0.865	1.336	0.749	0.831
452	4783	29.078	13.283	0	87	342.534	2969	2628	80	90	94.579	64.390	52.044	0.512	1.469	0.681	0.902
453	323	11.666	6.445	0	38	149.196	1045	2643	25	30	25.132	16.364	118.503	0.182	1.536	0.651	0.588
454	3027	19.765	10.158	0	68	358.233	1394	2644	60	99	97.779	39.416	106.627	0.296	2.481	0.403	0.762
455	68	23.779	11.402	3	51	33.556	3426	2657	8	12	10.974	7.890	73.200	0.759	1.391	0.719	0.850
456	96	47.635	12.692	18	84	36.971	2094	2672	10	12	12.701	9.624	76.132	0.883	1.320	0.758	0.910
457	3586	35.122	18.287	0	98	269.179	473	2673	64	79	82.087	55.622	112.757	0.622	1.476	0.678	0.915
458	792	53.380	24.633	2	114	120.225	239	2681	30	39	42.088	23.959	112.269	0.689	1.757	0.569	0.896
459	443	16.560	9.312	1	50	113.983	2470	2689	27	28	26.394	21.370	56.892	0.428	1.235	0.810	0.783
460	41	24.463	8.533	11	43	24.728	2006	2699	7	8	8.904	5.863	113.618	0.843	1.519	0.658	0.882
461	55	26.727	11.678	5	50	29.213	1293	2705	8	11	10.509	6.663	69.871	0.810	1.577	0.634	0.846
462	3162	44.057	23.484	0	118	293.078	2379	2706	62	83	72.252	55.721	100.068	0.463	1.297	0.771	0.789
463	102	49.461	18.087	12	100	42.627	143	2708	13	13	12.532	10.363	61.574	0.705	1.209	0.827	0.803
464	60	38.817	17.688	4	81	30.142	2542	2718	9	9	10.904	7.006	57.353	0.830	1.556	0.643	0.882
465	174	24.080	11.720	3	56	58.284	2869	2733	16	17	15.848	13.980	49.107	0.644	1.134	0.882	0.823
466	8640	23.117	11.583	0	69	512.357	1	2745	95	133	139.269	78.990	66.155	0.414	1.763	0.567	0.896
467	32	28.281	9.454	7	44	22.728	1040	2746	6	8	7.912	5.150	86.905	0.778	1.536	0.651	0.810
468	710	26.475	10.986	2	58	116.225	3717	2753	32	34	35.840	25.223	136.197	0.660	1.421	0.704	0.872
469	32	22.250	11.651	6	50	22.728	2327	2754	5	9	8.892	4.582	76.308	0.778	1.940	0.515	0.853
470	1116	22.455	10.817	0	65	249.765	3886	2777	35	77	70.033	20.290	103.653	0.225	3.452	0.290	0.643
471	289	16.779	8.525	1	46	106.711	1221	2789	18	26	24.483	15.029	97.684	0.319	1.629	0.614	0.696
472	816	31.447	15.490	0	86	142.610	2434	2795	35	41	39.929	26.020	137.344	0.504	1.535	0.652	0.798
473	109	45.211	16.766	6	99	41.799	2894	2803	10	15	14.757	9.404	96.174	0.784	1.569	0.637	0.876
474	32	22.281	10.154	1	38	21.071	2809	2809	7	5	7.354	5.540	168.358	0.906	1.327	0.753	0.955
475	57	21.877	10.488	1	46	31.799	1323	2814	8	12	12.460	5.825	61.981	0.708	2.139	0.467	0.838
476	15264	31.844	23.029	0	126	683.127	39	2828	152	171	162.113	119.884	106.552	0.411	1.352	0.740	0.820
477	725	36.057	15.908	3	98	143.539	1241	2828	35	42	42.114	21.919	59.256	0.442	1.921	0.520	0.756
478	633	48.872	20.993	2	100	103.154	1361	2833	28	34	34.085	23.646	56.582	0.748	1.441	0.694	0.900
479	85	29.529	10.639	4	53	37.799	3216	2843	10	12	12.064	8.971	74.866	0.748	1.345	0.744	0.833
480	27	26.963	9.975	8	48	21.556	1163	2844	6	8	7.267	4.730	81.270	0.730	1.536	0.651	0.740
481	16	16.250	7.750	7	29	15.899	3705	2844	4	6	5.740	3.549	126.493	0.795	1.617	0.618	0.800
482	34	13.412	7.423	2	28	36.042	3097	2845	9	11	9.625	4.498	66.444	0.329	2.140	0.467	0.519
483	412	15.845	8.722	0	45	161.581	3064	2848	34	36	35.815	14.647	48.479	0.198	2.445	0.409	0.628
484	884	33.407	12.640	1	76	128.953	2060	2854	39	36	37.193	30.262	167.363	0.668	1.229	0.814	0.871
485	44	20.932	9.532	1	41	29.556	281	2867	6	12	10.726	5.223	89.326	0.633	2.054	0.487	0.786
486	526	37.196	15.922	1	79	100.569	3830	2871	26	30	29.894	22.403	67.707	0.654	1.334	0.749	0.843
487	668	16.984	10.194	1	57	153.095	2255	2873	30	38	37.699	22.561	59.547	0.358	1.671	0.598	0.746
488	695	40.695	16.983	2	84	150.468	990	2883	23	59	59.285	14.926	80.281	0.386	3.972	0.252	0.735
489	2775	36.110	18.853	0	112	274.593	2714	2883	48	95	93.637	37.733	102.596	0.462	2.482	0.403	0.872
490	39	22.718	9.525	8	38	26.728	1661	2899	7	9	8.490	5.849	62.972	0.686	1.452	0.689	0.780
491	442	18.735	8.718	0	48	102.569	3815	2915	22	30	27.217	20.677	93.896	0.528	1.316	0.760	0.802
492	19	17.105	7.233	4	27	19.556	1699	2916	7	6	5.457	4.433	140.417	0.624	1.231	0.812	0.633
493	246	15.077	7.450	1	44	81.255	1831	2923	16	27	22.908	13.673	70.570	0.468	1.675	0.597	0.762
494	626	39.599	17.236	2	90	103.154	3667	2934	25	36	34.388	23.178	72.608	0.739	1.484	0.674	0.901
495	80	41.663	15.116	7	85	35.799	3158	2961	9	13	12.812	7.950	77.918	0.784	1.612	0.620	0.860
496	131	63.908	16.879	7	96	48.527	2663	2963	13	16	14.119	11.814	95.397	0.699	1.195	0.837	0.811
497	231	28.870	12.732	3	62	69.598	3350	2975	17	24	23.931	12.290	131.085	0.599	1.947	0.514	0.840
498	47	30.340	11.448	11	54	28.728	3653	2977	7	10	9.581	6.246	62.078	0.716	1.534	0.652	0.825
499	402	15.440	8.397	1	48	128.811	2331	2978	36	21	29.487	17.358	6.851	0.304	1.699	0.589	0.726
