 	Area	Mean	StdDev	Min	Max	Perim.	BX	BY	Width	Height	Major	Minor	Angle	Circ.	AR	Round	Solidity
1	205	84.415	38.198	5	159	65.456	1	1	17	21	21.406	12.194	59.715	0.601	1.755	0.570	0.899
2	75	24.533	10.454	4	47	36.385	27	1	14	8	13.342	7.157	5.231	0.712	1.864	0.536	0.852
3	1848	44.277	25.928	0	148	200.309	274	1	72	49	68.749	34.225	33.813	0.579	2.009	0.498	0.907
4	2665	51.832	37.798	0	156	311.581	349	1	127	32	118.806	28.561	2.551	0.345	4.160	0.240	0.851
5	1913	46.106	26.700	0	151	246.894	1256	1	94	32	82.642	29.473	10.828	0.394	2.804	0.357	0.861
6	21	20.143	7.933	4	35	26.728	3663	12	8	8	5.941	4.501	29.318	0.369	1.320	0.758	0.494
7	144	38.785	19.488	2	86	69.841	1318	15	16	25	24.102	7.607	60.313	0.371	3.168	0.316	0.673
8	26	16.115	8.076	0	33	32.971	3973	22	9	8	9.170	3.610	45.580	0.301	2.540	0.394	0.500
9	151	32.735	12.004	3	62	49.113	3904	35	14	15	15.326	12.545	47.444	0.787	1.222	0.819	0.860
10	19	11.105	4.748	3	21	30.971	1333	55	10	9	9.350	2.587	36.751	0.249	3.614	0.277	0.392
11	5907	20.316	10.486	0	74	432.558	2711	58	107	103	113.670	66.166	42.222	0.397	1.718	0.582	0.849
12	167	54.886	22.117	8	108	57.598	3539	65	20	17	23.191	9.169	37.055	0.633	2.529	0.395	0.821
13	183	49.978	14.932	1	92	51.941	3706	67	16	17	16.164	14.415	55.857	0.852	1.121	0.892	0.888
14	213	37.854	15.817	2	78	66.184	2145	89	19	20	19.349	14.016	134.091	0.611	1.381	0.724	0.793
15	246	59.919	20.986	8	110	66.083	2247	90	21	21	24.427	12.822	46.548	0.708	1.905	0.525	0.863
16	16	15.688	10.281	3	38	20.728	430	100	8	5	7.342	2.775	40.076	0.468	2.646	0.378	0.615
17	248	30.185	13.385	3	67	82.426	549	104	19	31	30.723	10.278	62.292	0.459	2.989	0.335	0.794
18	137	25.314	11.937	0	53	60.770	382	108	17	19	21.409	8.148	51.912	0.466	2.628	0.381	0.690
19	22	22.455	7.411	10	35	18.142	771	120	6	6	6.152	4.553	44.199	0.840	1.351	0.740	0.786
20	3268	41.307	22.115	0	119	303.563	2782	121	54	100	92.807	44.834	102.872	0.446	2.070	0.483	0.845
21	750	18.933	10.111	1	56	145.681	380	129	36	39	38.199	24.999	50.518	0.444	1.528	0.654	0.771
22	28523	20.342	11.394	0	73	1020.413	879	132	224	219	260.017	139.670	41.456	0.344	1.862	0.537	0.914
23	30	19.433	8.500	5	38	24.385	2959	138	8	8	9.436	4.048	51.371	0.634	2.331	0.429	0.723
24	73	36.068	13.126	8	65	35.799	818	142	11	10	12.477	7.449	33.946	0.716	1.675	0.597	0.830
25	161	15.516	8.823	1	41	67.841	499	153	19	20	22.485	9.117	44.656	0.440	2.466	0.405	0.690
26	24	27.167	12.349	5	46	18.142	1210	163	6	6	5.727	5.335	133.807	0.916	1.073	0.932	0.828
27	91	27.857	9.971	4	53	39.213	2111	176	12	12	12.278	9.437	151.758	0.744	1.301	0.769	0.820
28	192	38.797	15.737	2	75	65.941	2292	196	21	17	20.826	11.738	42.243	0.555	1.774	0.564	0.774
29	420	14.669	7.752	0	43	102.811	167	206	23	32	30.155	17.734	77.841	0.499	1.700	0.588	0.781
30	35	16.429	8.001	1	35	28.385	3819	209	9	9	9.332	4.775	40.770	0.546	1.954	0.512	0.667
31	1447	53.681	26.895	2	115	159.924	2696	233	39	54	51.746	35.604	84.044	0.711	1.453	0.688	0.914
32	22	14.091	7.640	3	31	22.728	2472	253	6	8	7.728	3.625	70.623	0.535	2.132	0.469	0.677
33	3180	40.539	22.975	0	124	318.434	468	254	72	104	110.693	36.578	57.306	0.394	3.026	0.330	0.811
34	63	25.714	11.452	3	55	32.385	2663	254	11	9	11.670	6.873	29.986	0.755	1.698	0.589	0.818
35	363	14.620	7.958	1	42	138.368	28	265	26	30	28.307	16.328	53.504	0.238	1.734	0.577	0.704
36	31	16.548	7.379	4	30	33.456	501	266	8	11	9.152	4.313	68.314	0.348	2.122	0.471	0.508
37	67	18.716	9.885	2	46	44.284	1238	267	15	11	13.259	6.434	29.405	0.429	2.061	0.485	0.641
38	31	16.065	8.835	2	43	25.799	145	276	9	8	10.945	3.606	44.384	0.585	3.035	0.329	0.738
39	20	8.000	4.425	0	19	26.142	612	280	9	6	6.947	3.665	13.897	0.368	1.895	0.528	0.526
40	90	41.822	16.063	2	85	40.284	234	305	13	13	15.626	7.333	50.868	0.697	2.131	0.469	0.826
41	26	19.577	7.457	5	33	18.728	1593	310	6	6	6.169	5.367	105.715	0.932	1.149	0.870	0.867
42	312	12.192	6.404	0	34	115.054	3504	331	27	25	26.341	15.081	51.742	0.296	1.747	0.573	0.667
43	176	24.767	9.917	4	61	58.770	403	334	20	16	19.412	11.544	37.543	0.640	1.682	0.595	0.817
44	165	48.158	14.239	13	75	49.698	3262	334	16	15	15.985	13.142	145.173	0.839	1.216	0.822	0.875
45	1581	28.848	14.528	0	84	233.279	2822	335	44	62	59.854	33.632	71.813	0.365	1.780	0.562	0.823
46	55	27.927	10.730	5	51	31.799	449	337	9	11	11.290	6.203	44.564	0.684	1.820	0.549	0.786
47	456	24.991	12.527	1	72	134.953	181	347	49	24	50.569	11.481	164.109	0.315	4.405	0.227	0.658
48	116	53.509	18.387	15	103	47.113	3370	367	14	14	15.307	9.649	44.692	0.657	1.586	0.630	0.811
49	406	66.608	24.554	5	139	84.669	3694	369	22	27	27.402	18.865	54.346	0.712	1.452	0.688	0.871
50	269	45.078	17.394	3	88	68.426	2610	371	23	18	21.576	15.874	161.676	0.722	1.359	0.736	0.847
51	233	50.412	17.141	5	93	70.426	1025	384	19	23	23.414	12.670	50.696	0.590	1.848	0.541	0.783
52	3822	21.395	10.359	0	66	333.505	3112	385	68	84	79.487	61.221	75.799	0.432	1.298	0.770	0.876
53	23	20.739	8.925	6	38	21.556	3616	391	7	7	6.508	4.499	57.519	0.622	1.446	0.691	0.687
54	2408	16.311	8.864	0	55	309.706	995	409	53	84	82.111	37.339	68.410	0.315	2.199	0.455	0.821
55	52	28.231	12.371	5	53	28.385	2366	410	8	10	9.518	6.956	62.458	0.811	1.368	0.731	0.832
56	50	24.500	10.051	2	47	36.042	310	421	13	10	11.209	5.680	31.028	0.484	1.973	0.507	0.658
57	125	65.000	17.034	5	105	43.456	274	438	14	13	12.814	12.420	115.073	0.832	1.032	0.969	0.853
58	598	37.219	15.992	1	90	147.681	771	447	28	48	44.769	17.007	72.797	0.345	2.632	0.380	0.678
59	112	36.857	14.076	4	67	40.284	3655	448	13	13	12.817	11.126	10.678	0.867	1.152	0.868	0.865
60	158	40.911	15.044	7	77	53.941	329	453	15	19	18.231	11.034	69.583	0.682	1.652	0.605	0.821
61	277	14.484	8.325	1	38	92.326	2114	457	26	19	25.787	13.677	24.944	0.408	1.885	0.530	0.747
62	110	50.727	15.940	11	82	46.527	20	467	14	15	15.114	9.267	52.821	0.639	1.631	0.613	0.786
63	43	33.605	10.404	11	63	28.142	3636	471	9	8	8.552	6.402	5.390	0.682	1.336	0.749	0.754
64	33	12.273	6.965	1	25	27.799	1608	477	9	9	8.900	4.721	49.039	0.537	1.885	0.530	0.673
65	66	21.667	10.266	7	49	50.870	2521	481	14	12	13.380	6.281	144.410	0.321	2.130	0.469	0.532
66	42	34.452	8.950	17	58	24.385	1116	486	8	8	7.650	6.990	29.436	0.888	1.094	0.914	0.832
67	40	28.425	10.340	9	56	26.971	3819	499	8	9	9.198	5.537	54.663	0.691	1.661	0.602	0.762
68	33	10.030	5.371	2	20	26.385	3127	504	8	9	8.596	4.888	68.849	0.596	1.759	0.569	0.660
69	594	33.914	16.067	4	75	130.368	2240	519	22	47	47.025	16.083	76.887	0.439	2.924	0.342	0.801
70	226	11.996	7.003	0	32	96.912	2766	519	22	23	17.737	16.223	29.406	0.302	1.093	0.915	0.608
71	54	29.759	11.237	9	58	40.042	1619	520	10	13	10.748	6.397	54.707	0.423	1.680	0.595	0.643
72	1130	19.574	12.451	0	76	259.765	3577	526	45	60	44.863	32.070	89.947	0.210	1.399	0.715	0.654
73	83	26.096	11.150	1	54	39.456	1958	543	12	13	12.359	8.550	51.581	0.670	1.445	0.692	0.783
74	2516	19.363	9.647	0	57	275.907	666	552	60	68	69.712	45.953	52.850	0.415	1.517	0.659	0.844
75	40	40.800	11.023	16	59	24.385	820	558	8	8	9.837	5.177	41.913	0.845	1.900	0.526	0.825
76	72	14.736	9.068	1	39	41.456	376	582	10	15	13.457	6.812	75.243	0.526	1.976	0.506	0.664
77	20	13.950	5.790	5	29	17.314	1419	582	4	7	6.404	3.976	84.107	0.838	1.610	0.621	0.833
78	222	28.428	13.325	1	70	80.669	3017	590	19	30	31.792	8.891	60.484	0.429	3.576	0.280	0.758
79	57	48.333	17.372	9	73	30.385	866	594	11	8	10.274	7.064	175.928	0.776	1.454	0.688	0.838
80	99	13.162	6.913	2	32	79.012	2240	600	23	15	13.766	9.156	21.661	0.199	1.503	0.665	0.478
81	178	42.073	14.153	4	75	59.598	2381	600	18	18	20.110	11.270	43.724	0.630	1.784	0.560	0.804
82	192	12.297	6.231	1	33	94.569	2219	609	24	21	18.684	13.084	131.599	0.270	1.428	0.700	0.591
83	97	19.433	8.222	3	38	56.284	907	612	14	17	13.566	9.104	76.322	0.385	1.490	0.671	0.622
84	60	8.633	5.796	1	23	41.213	2246	613	11	10	9.890	7.724	17.008	0.444	1.280	0.781	0.686
85	35	23.171	11.878	2	45	29.213	3972	618	8	9	7.225	6.168	133.079	0.515	1.171	0.854	0.667
86	2247	50.210	30.277	1	135	207.380	947	623	55	63	59.970	47.707	66.148	0.657	1.257	0.796	0.907
87	37	21.189	10.284	4	42	27.799	1343	628	8	10	9.658	4.878	52.776	0.602	1.980	0.505	0.712
88	102	16.461	7.971	2	37	49.698	1869	635	18	11	16.442	7.899	15.883	0.519	2.082	0.480	0.736
89	1159	28.803	14.110	1	78	180.409	846	636	43	46	45.094	32.725	55.906	0.447	1.378	0.726	0.837
90	1804	34.470	16.791	3	90	227.078	2693	642	42	72	71.109	32.301	71.461	0.440	2.201	0.454	0.848
91	36	21.056	7.910	4	32	25.556	1522	649	6	10	9.864	4.647	57.937	0.693	2.123	0.471	0.828
92	214	54.322	15.198	15	89	56.527	1241	665	18	16	17.956	15.175	176.310	0.842	1.183	0.845	0.890
93	191	37.932	18.608	2	87	63.941	1574	693	15	21	21.178	11.483	67.711	0.587	1.844	0.542	0.813
94	39	24.795	12.046	6	43	23.556	3341	698	8	7	8.673	5.725	31.224	0.883	1.515	0.660	0.857
95	517	46.199	21.331	2	104	92.326	3390	727	30	27	30.667	21.465	149.008	0.762	1.429	0.700	0.881
96	598	46.569	21.818	0	101	109.640	246	729	27	37	39.357	19.346	66.329	0.625	2.034	0.492	0.862
97	36	17.472	8.389	3	37	25.899	2865	735	11	4	10.738	4.269	175.649	0.674	2.515	0.398	0.911
98	16	18.375	6.120	8	27	15.314	2642	739	5	5	5.034	4.047	89.642	0.857	1.244	0.804	0.780
99	26	24.846	7.609	13	40	21.556	1447	754	6	8	7.713	4.292	66.218	0.703	1.797	0.556	0.754
100	214	45.855	16.973	7	88	60.770	1384	763	20	18	18.149	15.013	138.372	0.728	1.209	0.827	0.836
101	53	27.717	11.661	7	55	33.799	328	771	9	12	10.631	6.348	52.471	0.583	1.675	0.597	0.741
102	27	12.111	6.542	0	24	26.142	3744	781	7	7	6.837	5.028	118.738	0.496	1.360	0.736	0.659
103	108	37.056	14.638	7	67	40.042	1817	785	11	14	13.459	10.217	63.201	0.846	1.317	0.759	0.882
104	2300	37.215	24.896	0	141	373.747	1351	797	64	95	70.347	41.629	70.329	0.207	1.690	0.592	0.645
105	21	12.762	5.366	4	27	19.556	293	798	6	7	7.129	3.750	43.550	0.690	1.901	0.526	0.712
106	95	30.863	9.874	5	59	41.213	324	804	15	9	13.746	8.799	10.452	0.703	1.562	0.640	0.856
107	390	15.215	7.782	0	48	111.397	2737	810	24	30	26.724	18.581	60.790	0.395	1.438	0.695	0.755
108	256	52.586	18.939	4	91	67.012	3902	810	18	21	22.159	14.710	111.804	0.716	1.506	0.664	0.853
109	718	15.792	8.966	0	46	129.882	494	829	33	34	32.553	28.083	60.009	0.535	1.159	0.863	0.835
110	45	44.422	11.466	3	61	24.971	1193	835	9	7	8.351	6.861	27.615	0.907	1.217	0.822	0.849
111	224	18.335	10.036	1	53	78.426	1213	836	16	24	23.400	12.188	67.067	0.458	1.920	0.521	0.755
112	56	29.036	14.454	2	68	30.385	164	837	9	10	11.101	6.423	47.398	0.762	1.728	0.579	0.806
113	50	34.060	12.478	8	61	28.385	2815	849	10	8	9.486	6.711	38.897	0.780	1.414	0.707	0.813
114	134	38.828	11.380	8	64	46.042	1287	860	11	17	17.044	10.010	101.415	0.794	1.703	0.587	0.867
115	1031	37.171	17.742	0	99	159.924	1761	882	36	54	55.256	23.757	65.190	0.507	2.326	0.430	0.837
116	338	33.467	15.000	3	87	92.569	3297	899	27	28	34.048	12.640	49.347	0.496	2.694	0.371	0.802
117	123	31.789	11.721	4	59	48.870	2873	909	16	13	14.443	10.843	17.699	0.647	1.332	0.751	0.781
118	27	19.519	9.456	5	36	26.142	1899	915	5	11	9.479	3.627	85.644	0.496	2.614	0.383	0.692
119	363	41.388	18.396	2	89	78.083	2960	927	22	24	24.332	18.995	57.114	0.748	1.281	0.781	0.871
120	998	16.126	9.540	0	60	261.664	3007	927	36	62	57.928	21.936	68.475	0.183	2.641	0.379	0.695
121	17	15.824	6.136	7	27	17.314	1662	941	5	6	7.240	2.989	63.043	0.713	2.422	0.413	0.791
122	1137	51.686	24.443	1	119	144.024	3815	962	37	47	48.636	29.766	65.868	0.689	1.634	0.612	0.898
123	68	28.279	10.667	2	49	32.971	561	996	10	10	11.811	7.330	51.238	0.786	1.611	0.621	0.855
124	1016	16.588	9.621	0	63	187.380	996	997	40	42	46.578	27.773	48.239	0.364	1.677	0.596	0.798
125	61	33.508	13.741	7	57	30.142	1164	1000	9	9	9.602	8.089	119.466	0.844	1.187	0.842	0.878
126	38	17.684	8.114	3	32	30.627	1441	1010	7	11	9.083	5.327	78.479	0.509	1.705	0.586	0.661
127	540	41.969	17.067	0	99	97.740	3660	1022	34	25	34.999	19.645	23.543	0.710	1.782	0.561	0.870
128	299	58.896	21.223	7	111	69.012	67	1034	21	22	22.086	17.237	127.693	0.789	1.281	0.780	0.876
129	1848	43.414	20.366	1	117	260.492	1797	1035	78	42	71.980	32.689	7.588	0.342	2.202	0.454	0.705
130	22	10.227	6.377	2	24	21.556	3566	1041	7	7	7.778	3.601	47.117	0.595	2.160	0.463	0.638
131	51	21.686	9.999	4	44	29.799	3971	1056	9	10	9.736	6.670	48.352	0.722	1.460	0.685	0.785
132	34	14.794	7.062	0	31	33.213	1105	1058	7	13	10.216	4.238	74.283	0.387	2.411	0.415	0.618
133	2701	37.973	18.171	0	94	289.563	3035	1063	75	78	61.793	55.654	12.665	0.405	1.110	0.901	0.755
134	1304	36.189	17.487	1	100	191.966	3961	1063	33	69	67.254	24.687	75.626	0.445	2.724	0.367	0.838
135	2657	26.906	13.383	0	82	265.563	3823	1070	59	79	85.510	39.563	58.515	0.473	2.161	0.463	0.878
136	148	55.054	18.381	7	96	53.113	1644	1072	13	18	18.140	10.388	106.870	0.659	1.746	0.573	0.825
137	1133	13.929	7.773	0	47	209.380	3161	1084	38	48	45.333	31.822	66.514	0.325	1.425	0.702	0.789
138	9124	19.608	10.355	0	71	693.980	3509	1114	109	164	134.072	86.648	103.875	0.238	1.547	0.646	0.774
139	405	32.146	15.344	0	85	93.154	1839	1120	24	31	31.605	16.316	56.411	0.586	1.937	0.516	0.820
140	646	15.700	8.348	0	53	164.409	889	1121	36	40	36.675	22.427	59.452	0.300	1.635	0.612	0.720
141	776	38.714	15.563	2	82	151.196	2432	1131	23	57	53.136	18.595	91.916	0.427	2.858	0.350	0.752
142	185	23.238	11.813	0	57	71.941	3060	1148	13	28	24.358	9.670	97.088	0.449	2.519	0.397	0.725
143	1464	25.450	11.793	0	63	189.823	1177	1151	42	58	59.337	31.414	65.252	0.511	1.889	0.529	0.866
144	63	43.365	12.269	13	62	31.213	3374	1155	10	10	9.012	8.901	94.731	0.813	1.013	0.988	0.808
145	196	42.444	13.885	2	88	55.941	3773	1163	15	20	18.738	13.318	82.945	0.787	1.407	0.711	0.873
146	26353	18.547	10.646	0	73	949.945	2539	1164	204	214	213.272	157.328	48.988	0.367	1.356	0.738	0.897
147	87	11.103	6.136	1	27	58.284	2893	1171	15	16	11.418	9.702	65.750	0.322	1.177	0.850	0.574
148	338	55.639	24.642	1	110	82.083	153	1173	25	26	30.645	14.043	41.818	0.630	2.182	0.458	0.849
149	336	26.024	13.232	0	69	106.569	71	1174	18	36	33.770	12.668	81.458	0.372	2.666	0.375	0.683
150	71	18.606	8.636	1	41	36.870	3290	1180	10	14	14.147	6.390	62.159	0.656	2.214	0.452	0.776
151	2147	17.640	11.365	0	71	261.421	829	1181	61	56	61.491	44.456	39.400	0.395	1.383	0.723	0.838
152	160	42.006	15.962	4	77	51.941	3960	1186	17	16	19.295	10.558	44.740	0.745	1.827	0.547	0.858
153	46	21.587	8.831	5	38	28.385	1216	1198	10	8	9.237	6.341	39.155	0.717	1.457	0.686	0.760
154	790	43.315	20.550	0	102	146.024	57	1212	33	55	58.181	17.288	61.878	0.466	3.365	0.297	0.821
155	33	17.515	7.898	4	37	24.142	1865	1212	6	9	9.212	4.561	78.821	0.711	2.020	0.495	0.795
156	379	45.077	18.331	2	98	80.083	3012	1212	27	21	27.514	17.538	19.686	0.743	1.569	0.637	0.891
157	528	16.451	9.583	1	50	131.539	1417	1235	31	34	36.492	18.422	50.512	0.383	1.981	0.505	0.791
158	10029	39.221	27.077	0	158	487.044	892	1261	137	125	117.049	109.094	4.974	0.531	1.073	0.932	0.863
159	53	36.509	11.830	10	55	29.213	840	1264	10	9	9.681	6.970	29.326	0.780	1.389	0.720	0.797
160	308	62.864	22.258	3	111	68.426	3040	1270	20	23	21.142	18.548	83.763	0.827	1.140	0.877	0.893
161	73	39.000	16.476	4	76	40.284	89	1272	11	13	11.031	8.426	63.281	0.565	1.309	0.764	0.709
162	38	13.868	6.991	4	35	35.213	3005	1272	8	12	9.376	5.160	61.728	0.385	1.817	0.550	0.594
163	1220	14.570	8.416	0	55	234.350	2936	1281	43	50	45.759	33.946	57.711	0.279	1.348	0.742	0.768
164	206	46.553	18.649	8	99	59.698	2885	1285	15	21	21.616	12.134	68.827	0.726	1.781	0.561	0.858
165	391	46.813	17.492	5	91	81.841	302	1286	23	24	26.089	19.082	58.447	0.734	1.367	0.731	0.892
166	42	28.000	12.780	4	51	28.971	430	1303	8	9	7.644	6.996	69.323	0.629	1.093	0.915	0.778
167	40	29.525	10.185	12	50	26.728	1215	1307	7	9	8.897	5.724	74.125	0.704	1.554	0.643	0.816
168	1850	13.943	7.522	0	49	334.049	2200	1309	49	65	54.824	42.965	83.818	0.208	1.276	0.784	0.751
169	56	27.321	13.574	3	61	27.556	153	1327	9	8	8.608	8.283	39.938	0.927	1.039	0.962	0.903
170	1365	15.890	8.480	0	49	209.865	3433	1328	50	47	49.418	35.169	51.855	0.389	1.405	0.712	0.812
171	408	42.096	14.839	5	83	84.669	1194	1329	22	26	25.806	20.130	96.078	0.715	1.282	0.780	0.886
172	402	36.973	18.019	2	102	94.912	2267	1337	24	31	28.765	17.794	117.306	0.561	1.617	0.619	0.791
173	358	30.749	13.528	2	63	77.355	3270	1341	25	21	23.140	19.698	10.892	0.752	1.175	0.851	0.875
174	113	16.991	8.149	3	50	44.042	2858	1345	13	14	15.435	9.321	49.944	0.732	1.656	0.604	0.834
175	252	15.952	9.239	0	50	137.196	1042	1349	25	26	19.406	16.534	50.099	0.168	1.174	0.852	0.558
176	109	55.780	15.812	16	96	39.799	295	1363	11	13	13.615	10.193	62.070	0.865	1.336	0.749	0.905
177	743	19.028	9.296	1	53	166.995	1302	1371	31	44	37.131	25.478	79.981	0.335	1.457	0.686	0.752
178	18	24.667	8.303	7	42	22.385	1224	1373	6	7	6.825	3.358	110.489	0.451	2.033	0.492	0.571
179	95	28.832	12.206	8	60	43.456	2985	1378	14	12	15.246	7.934	147.416	0.632	1.922	0.520	0.815
180	137	24.584	10.577	2	58	72.284	3989	1389	10	28	23.289	7.490	89.312	0.329	3.109	0.322	0.719
181	40	21.750	11.024	1	47	30.971	1869	1400	7	12	10.883	4.680	64.377	0.524	2.326	0.430	0.721
182	103	42.942	15.134	8	79	40.042	1066	1413	12	13	13.299	9.861	49.960	0.807	1.349	0.742	0.851
183	43	31.047	14.051	2	54	24.385	783	1421	7	9	8.601	6.366	74.528	0.909	1.351	0.740	0.851
184	914	43.513	22.493	2	103	171.095	866	1436	37	53	49.793	23.372	77.587	0.392	2.130	0.469	0.698
185	75	21.693	9.374	5	50	38.627	1691	1436	12	10	11.674	8.180	142.143	0.632	1.427	0.701	0.773
186	546	23.383	12.200	1	65	127.054	411	1442	28	37	35.562	19.549	60.958	0.425	1.819	0.550	0.783
187	583	58.796	28.421	5	129	111.397	607	1443	40	24	39.760	18.669	16.010	0.590	2.130	0.470	0.859
188	1698	14.032	7.523	0	42	257.765	1420	1444	54	48	52.705	41.020	32.472	0.321	1.285	0.778	0.828
189	73	13.356	7.649	1	36	40.870	3852	1445	11	13	11.374	8.172	117.043	0.549	1.392	0.718	0.695
190	199	10.869	6.370	0	32	109.882	3137	1453	22	22	18.311	13.837	39.006	0.207	1.323	0.756	0.550
191	103	25.641	11.143	5	56	45.113	1870	1474	14	15	16.391	8.001	50.184	0.636	2.049	0.488	0.772
192	161	33.106	14.212	3	70	53.113	543	1475	16	16	16.976	12.075	133.656	0.717	1.406	0.711	0.824
193	163	23.018	10.498	3	56	80.669	2644	1480	24	13	22.621	9.175	168.289	0.315	2.466	0.406	0.683
194	223	11.359	6.552	0	32	121.740	2913	1480	24	23	21.156	13.421	37.781	0.189	1.576	0.634	0.585
195	1292	41.425	19.906	2	118	159.095	601	1484	38	53	51.814	31.749	81.777	0.641	1.632	0.613	0.846
196	19	9.789	4.328	4	19	25.314	1425	1490	8	5	6.761	3.578	157.809	0.373	1.890	0.529	0.567
197	28	10.571	4.333	3	19	26.971	1535	1501	8	7	6.686	5.332	41.367	0.484	1.254	0.798	0.644
198	31	11.452	8.358	1	29	51.698	2917	1503	15	8	9.459	4.173	5.553	0.146	2.267	0.441	0.339
199	210	38.057	16.153	1	74	76.426	1197	1508	15	25	24.948	10.717	76.570	0.452	2.328	0.430	0.782
200	132	17.879	8.665	1	42	65.598	2910	1513	18	14	18.410	9.129	29.470	0.385	2.017	0.496	0.695
201	106	44.302	15.422	11	85	41.456	3166	1514	11	15	12.194	11.068	82.635	0.775	1.102	0.908	0.845
202	2580	33.871	14.875	0	89	245.522	1074	1526	65	68	74.139	44.308	48.458	0.538	1.673	0.598	0.883
203	25	13.040	7.453	4	28	26.971	16	1537	7	10	10.805	2.946	116.109	0.432	3.668	0.273	0.588
204	48	25.479	11.487	5	52	26.971	1246	1547	8	9	8.426	7.253	93.921	0.829	1.162	0.861	0.828
205	31	18.290	9.184	4	38	29.213	1765	1547	8	9	8.312	4.749	52.009	0.456	1.750	0.571	0.639
206	17	19.647	11.247	4	41	15.899	1310	1549	6	4	6.575	3.292	24.595	0.845	1.997	0.501	0.829
207	105	20.095	10.783	2	52	67.355	3659	1549	11	22	18.355	7.284	71.172	0.291	2.520	0.397	0.648
208	41	18.098	8.983	2	46	35.213	3173	1552	8	11	8.174	6.386	120.535	0.416	1.280	0.781	0.621
209	20	26.250	10.015	4	45	17.314	1369	1556	5	6	5.695	4.472	93.723	0.838	1.274	0.785	0.833
210	243	16.457	8.794	1	47	83.154	1965	1557	19	26	24.298	12.733	69.337	0.442	1.908	0.524	0.725
211	71	26.803	10.710	5	47	33.799	2948	1559	9	12	12.062	7.495	121.125	0.781	1.609	0.621	0.855
212	221	31.167	12.866	2	70	72.426	1306	1563	16	25	20.101	13.999	86.452	0.529	1.436	0.696	0.794
213	421	40.043	17.607	1	89	104.811	2388	1568	25	36	36.457	14.703	59.321	0.482	2.480	0.403	0.800
214	113	16.619	8.775	1	40	45.456	1387	1569	13	14	14.127	10.184	49.943	0.687	1.387	0.721	0.822
215	20	22.750	8.123	11	42	17.556	1049	1570	7	5	5.759	4.422	5.008	0.815	1.302	0.768	0.755
216	21	13.048	6.561	1	28	34.385	1981	1570	9	12	10.381	2.576	46.398	0.223	4.030	0.248	0.393
217	398	48.382	17.896	5	97	89.012	1795	1572	21	28	27.545	18.397	84.801	0.631	1.497	0.668	0.870
218	1038	22.117	10.867	0	58	152.024	3837	1575	42	38	39.955	33.078	30.840	0.564	1.208	0.828	0.864
219	191	68.094	20.491	10	110	58.426	2049	1582	17	20	19.117	12.721	54.480	0.703	1.503	0.665	0.832
220	170	22.612	10.458	3	55	62.770	3594	1596	19	18	22.044	9.819	40.304	0.542	2.245	0.445	0.778
221	2831	51.644	35.405	0	142	215.581	2827	1598	59	60	62.748	57.445	122.837	0.765	1.092	0.915	0.944
222	48	29.708	11.204	3	54	27.213	1263	1611	9	9	9.681	6.313	134.491	0.815	1.533	0.652	0.814
223	4712	46.057	29.599	0	130	280.978	3448	1621	72	91	94.431	63.533	117.112	0.750	1.486	0.673	0.949
224	25	34.040	10.911	13	51	18.971	833	1637	6	7	5.743	5.542	143.130	0.873	1.036	0.965	0.769
225	161	45.050	16.683	0	82	53.113	1711	1641	16	17	16.407	12.494	54.450	0.717	1.313	0.761	0.826
226	61	25.574	11.154	1	51	32.971	3277	1650	9	11	9.679	8.025	70.033	0.705	1.206	0.829	0.787
227	398	31.206	14.052	2	74	124.225	2228	1654	35	35	42.195	12.010	45.554	0.324	3.513	0.285	0.693
228	75	41.373	16.706	4	77	34.971	2303	1662	11	10	11.850	8.058	50.158	0.771	1.471	0.680	0.852
229	219	47.717	17.304	8	88	63.113	1287	1666	17	21	21.192	13.158	102.188	0.691	1.611	0.621	0.844
230	55	39.291	14.421	8	63	28.142	2074	1682	9	8	9.379	7.467	34.429	0.873	1.256	0.796	0.880
231	412	54.255	20.785	1	111	87.255	3878	1685	21	31	29.660	17.686	73.569	0.680	1.677	0.596	0.875
232	1382	18.679	9.037	0	49	192.995	1553	1695	41	51	48.858	36.015	71.336	0.466	1.357	0.737	0.851
233	427	13.913	7.607	0	38	173.095	538	1697	28	39	31.955	17.013	115.449	0.179	1.878	0.532	0.578
234	55	31.382	12.108	7	55	28.385	887	1706	10	8	9.897	7.076	21.179	0.858	1.399	0.715	0.840
235	13672	24.882	17.331	0	137	1049.727	1054	1713	161	218	164.088	106.088	114.217	0.156	1.547	0.647	0.643
236	155	39.581	14.137	2	74	49.698	578	1715	15	16	14.520	13.591	81.361	0.789	1.068	0.936	0.847
237	18	9.778	4.181	0	17	17.899	2826	1715	7	4	6.431	3.564	4.429	0.706	1.805	0.554	0.783
238	803	15.134	7.819	0	42	177.238	2810	1716	37	40	33.628	30.404	82.724	0.321	1.106	0.904	0.731
239	766	13.316	8.016	0	58	172.752	3849	1727	42	36	38.313	25.456	34.554	0.323	1.505	0.664	0.751
240	819	53.223	24.969	0	118	235.882	1	1728	17	101	75.427	13.825	89.107	0.185	5.456	0.183	0.808
241	58	25.707	10.203	4	50	32.385	1484	1729	8	12	11.535	6.402	73.613	0.695	1.802	0.555	0.811
242	50	18.440	6.861	5	35	27.556	473	1731	8	9	8.779	7.252	103.029	0.827	1.211	0.826	0.833
243	898	43.615	19.810	2	107	128.711	3127	1736	40	33	37.928	30.146	176.475	0.681	1.258	0.795	0.880
244	111	50.559	16.626	21	94	44.870	2979	1752	15	12	14.758	9.576	19.015	0.693	1.541	0.649	0.819
245	19	22.316	12.051	4	43	19.556	396	1766	6	5	5.537	4.369	144.992	0.624	1.268	0.789	0.704
246	1657	22.345	13.682	0	84	201.723	2768	1766	54	50	52.237	40.388	32.449	0.512	1.293	0.773	0.854
247	675	29.927	13.773	1	81	111.882	708	1776	30	37	34.272	25.077	83.783	0.678	1.367	0.732	0.860
248	1459	21.067	10.294	0	61	202.309	2715	1791	40	53	51.247	36.249	78.209	0.448	1.414	0.707	0.864
249	53	15.943	8.531	1	38	30.385	428	1799	10	9	8.775	7.690	14.260	0.721	1.141	0.876	0.768
250	206	24.063	11.584	2	61	65.598	1556	1808	15	23	20.358	12.884	76.878	0.602	1.580	0.633	0.788
251	87	43.356	15.853	9	83	38.385	84	1812	9	14	13.870	7.987	81.552	0.742	1.737	0.576	0.841
252	66	26.924	11.866	4	57	32.627	3764	1815	11	10	11.050	7.605	150.358	0.779	1.453	0.688	0.815
253	90	32.767	13.741	5	66	38.870	2679	1816	12	11	11.955	9.585	168.140	0.749	1.247	0.802	0.826
254	631	13.013	6.942	0	38	205.480	3035	1824	33	37	31.041	25.882	80.233	0.188	1.199	0.834	0.689
255	79	28.532	12.583	3	63	36.042	643	1836	11	12	11.242	8.947	119.252	0.764	1.256	0.796	0.802
256	2835	32.736	16.359	0	94	284.392	1907	1841	56	85	83.804	43.072	77.675	0.440	1.946	0.514	0.828
257	27	14.778	6.441	3	26	24.971	1233	1849	5	10	8.950	3.841	80.388	0.544	2.330	0.429	0.692
258	844	51.717	27.857	1	125	123.054	2047	1857	27	44	41.682	25.781	97.541	0.700	1.617	0.619	0.908
259	758	45.557	22.693	1	100	120.468	3880	1861	32	38	33.218	29.054	115.903	0.656	1.143	0.875	0.863
260	233	27.897	12.007	0	73	79.255	3014	1865	20	24	27.453	10.806	116.894	0.466	2.540	0.394	0.729
261	92	31.913	13.026	0	60	45.456	2128	1869	11	17	13.590	8.620	80.332	0.560	1.577	0.634	0.745
262	85	18.294	11.425	0	43	53.113	2127	1889	11	18	16.783	6.449	97.079	0.379	2.603	0.384	0.627
263	294	13.585	7.742	1	40	135.782	1003	1893	23	31	23.570	15.881	69.809	0.200	1.484	0.674	0.562
264	24	12.500	7.247	1	28	20.142	3953	1894	6	7	6.929	4.410	67.517	0.743	1.571	0.636	0.762
265	399	16.085	7.920	0	40	107.983	2457	1896	27	26	25.580	19.860	36.180	0.430	1.288	0.776	0.773
266	56	19.000	8.162	4	35	36.971	1510	1897	9	13	8.888	8.022	82.574	0.515	1.108	0.903	0.663
267	1571	47.206	25.859	1	147	173.823	2517	1897	54	47	57.403	34.846	148.435	0.653	1.647	0.607	0.893
268	552	41.522	24.473	1	120	103.640	3262	1901	24	36	31.713	22.162	82.047	0.646	1.431	0.699	0.876
269	1236	30.394	15.657	0	90	174.409	1668	1908	35	56	55.276	28.470	76.459	0.511	1.942	0.515	0.875
270	17	12.294	7.166	2	24	15.314	1021	1913	6	4	6.235	3.472	168.149	0.911	1.796	0.557	0.829
271	48	23.333	9.844	1	49	29.213	2261	1917	10	8	9.356	6.532	5.273	0.707	1.432	0.698	0.780
272	342	49.982	18.891	8	94	86.669	1107	1931	21	26	24.057	18.101	63.672	0.572	1.329	0.752	0.811
273	17	12.000	8.711	1	30	24.385	1734	1950	6	8	6.843	3.163	113.500	0.359	2.163	0.462	0.493
274	35	20.514	7.898	3	31	24.385	1055	1964	8	8	8.694	5.126	137.370	0.740	1.696	0.590	0.778
275	34	15.706	7.396	4	31	23.556	1665	1972	7	8	7.500	5.772	91.799	0.770	1.299	0.770	0.791
276	890	15.373	7.867	0	51	173.338	264	1978	34	40	38.348	29.550	66.015	0.372	1.298	0.771	0.803
277	60	31.233	15.513	4	64	32.385	1944	1988	9	10	10.478	7.291	71.671	0.719	1.437	0.696	0.795
278	20	5.650	3.100	1	12	20.728	824	1999	7	5	7.111	3.581	170.826	0.585	1.986	0.504	0.690
279	44	14.455	7.777	1	34	38.971	2228	2004	6	15	14.162	3.956	82.720	0.364	3.580	0.279	0.652
280	53	36.736	8.465	17	58	38.728	3993	2004	6	16	14.905	4.528	88.666	0.444	3.292	0.304	0.779
281	17	17.353	9.817	2	36	15.314	584	2021	4	6	5.599	3.866	80.101	0.911	1.448	0.691	0.829
282	115	27.965	13.787	4	80	46.284	956	2037	11	17	14.680	9.974	101.755	0.675	1.472	0.679	0.830
283	1089	43.019	19.928	2	103	148.752	2638	2056	44	39	42.428	32.680	26.120	0.618	1.298	0.770	0.859
284	1662	36.535	17.762	1	94	200.309	2800	2057	54	54	49.177	43.031	14.660	0.521	1.143	0.875	0.799
285	1089	16.831	8.468	0	50	182.995	3371	2066	39	47	41.976	33.032	78.171	0.409	1.271	0.787	0.795
286	506	24.528	11.811	0	59	161.095	1312	2070	31	41	37.461	17.198	117.496	0.245	2.178	0.459	0.616
287	133	47.526	17.953	7	92	46.870	1588	2077	13	16	16.121	10.504	119.310	0.761	1.535	0.652	0.850
288	411	13.248	7.660	0	43	145.782	204	2101	29	29	24.787	21.112	71.614	0.243	1.174	0.852	0.674
289	609	13.491	7.886	0	56	207.966	3000	2101	31	38	29.204	26.551	111.878	0.177	1.100	0.909	0.672
290	21	10.190	6.424	5	27	27.556	2751	2107	7	9	6.215	4.302	90.599	0.348	1.445	0.692	0.512
291	4922	40.949	24.246	0	129	463.387	2827	2125	100	103	103.758	60.399	127.918	0.288	1.718	0.582	0.750
292	610	16.428	8.961	1	52	145.196	1478	2126	29	39	33.036	23.510	108.418	0.364	1.405	0.712	0.749
293	1685	25.630	11.915	1	68	200.208	2532	2129	44	60	55.547	38.623	89.440	0.528	1.438	0.695	0.867
294	54	11.648	5.436	1	27	42.870	3358	2132	13	10	10.468	6.568	14.129	0.369	1.594	0.627	0.571
295	159	48.792	13.938	2	75	54.770	3661	2140	16	17	14.483	13.978	57.698	0.666	1.036	0.965	0.787
296	1137	17.651	10.211	0	61	172.409	214	2141	50	37	46.094	31.407	161.852	0.481	1.468	0.681	0.838
297	387	11.264	7.030	0	39	163.196	2694	2142	32	29	24.156	20.398	74.681	0.183	1.184	0.844	0.579
298	51	22.980	8.432	5	39	29.799	3712	2143	9	10	10.325	6.289	136.084	0.722	1.642	0.609	0.785
299	17	11.471	5.293	2	20	19.899	1265	2144	8	4	6.186	3.499	18.152	0.539	1.768	0.566	0.694
300	444	40.446	15.861	4	79	91.598	3793	2145	21	29	28.783	19.641	108.721	0.665	1.465	0.682	0.878
301	445	13.780	6.688	1	36	169.338	1258	2146	32	31	27.247	20.794	133.621	0.195	1.310	0.763	0.565
302	187	27.369	11.664	1	60	61.941	2123	2148	15	21	22.813	10.437	113.857	0.612	2.186	0.458	0.829
303	44	15.182	7.665	3	31	36.627	2042	2149	8	10	8.863	6.321	93.651	0.412	1.402	0.713	0.677
304	38	34.763	8.845	15	51	24.142	3593	2171	6	9	8.657	5.589	94.290	0.819	1.549	0.646	0.854
305	524	13.345	7.039	0	34	123.782	851	2175	27	33	29.320	22.755	95.033	0.430	1.289	0.776	0.778
306	31	23.194	9.642	5	43	21.314	2498	2181	6	7	7.189	5.491	105.194	0.858	1.309	0.764	0.886
307	1640	19.771	10.322	0	66	282.492	2928	2192	48	68	56.296	37.092	73.695	0.258	1.518	0.659	0.720
308	163	32.012	11.491	1	65	50.770	2787	2202	17	16	15.707	13.213	56.730	0.795	1.189	0.841	0.858
309	58	25.828	14.703	4	66	38.284	615	2206	10	11	8.938	8.262	81.041	0.497	1.082	0.924	0.655
310	412	16.779	8.068	0	42	99.983	3775	2217	24	28	26.670	19.669	122.740	0.518	1.356	0.738	0.821
311	40	33.975	10.545	8	55	24.728	2622	2224	7	8	7.932	6.421	66.532	0.822	1.235	0.809	0.842
312	263	36.730	14.272	2	68	66.184	606	2233	22	18	21.371	15.669	173.508	0.755	1.364	0.733	0.875
313	176	49.568	15.572	6	86	52.527	376	2235	17	15	16.682	13.433	168.545	0.802	1.242	0.805	0.865
314	567	52.806	22.961	11	129	104.711	2115	2236	30	34	31.185	23.150	67.492	0.650	1.347	0.742	0.844
315	17	14.235	7.996	3	28	16.728	3247	2241	5	6	6.436	3.363	61.315	0.763	1.914	0.523	0.739
316	156	24.840	9.199	3	55	51.941	3078	2273	14	18	18.149	10.944	75.204	0.727	1.658	0.603	0.830
317	49	25.388	13.825	2	58	30.042	783	2276	10	10	11.007	5.668	137.233	0.682	1.942	0.515	0.748
318	78	39.782	14.010	13	71	33.556	1547	2282	9	11	11.407	8.706	92.991	0.870	1.310	0.763	0.907
319	38	23.605	10.260	1	41	23.556	2899	2283	8	7	8.292	5.835	45.172	0.861	1.421	0.704	0.835
320	51	12.941	6.497	1	30	31.556	3331	2287	12	7	11.620	5.588	18.416	0.644	2.079	0.481	0.791
321	204	39.211	13.427	5	73	61.941	3225	2288	14	23	21.003	12.367	78.323	0.668	1.698	0.589	0.834
322	515	32.136	13.314	3	68	106.569	1098	2292	25	33	28.168	23.278	86.101	0.570	1.210	0.826	0.835
323	47	17.191	7.646	5	32	35.799	2244	2299	10	11	10.367	5.772	124.929	0.461	1.796	0.557	0.662
324	37	19.514	8.451	5	36	24.971	1195	2305	7	9	8.424	5.593	114.189	0.746	1.506	0.664	0.831
325	116	49.448	18.212	8	90	47.698	2405	2306	16	11	15.816	9.338	165.153	0.641	1.694	0.590	0.811
326	123	39.618	13.450	8	66	43.456	2937	2313	14	12	13.749	11.390	5.201	0.818	1.207	0.828	0.869
327	41	16.878	7.580	0	33	28.385	2179	2322	9	9	10.321	5.058	138.855	0.639	2.040	0.490	0.745
328	120	51.633	12.749	10	82	41.698	643	2325	13	14	12.922	11.824	120.957	0.867	1.093	0.915	0.870
329	20	23.300	8.761	4	34	17.314	2701	2351	5	6	5.411	4.706	144.536	0.838	1.150	0.870	0.833
330	105	28.733	12.687	5	58	51.941	1018	2357	13	18	17.981	7.435	128.161	0.489	2.419	0.413	0.727
331	47	26.681	11.614	2	49	33.213	1354	2357	9	10	9.111	6.568	119.972	0.535	1.387	0.721	0.676
332	421	18.202	8.608	0	42	117.054	1731	2358	30	28	26.092	20.544	32.498	0.386	1.270	0.787	0.727
333	69	20.478	7.285	4	39	32.627	2902	2362	10	11	10.261	8.562	133.351	0.815	1.198	0.834	0.821
334	47	14.468	6.934	2	28	40.870	1962	2367	10	11	9.530	6.280	122.253	0.354	1.518	0.659	0.580
335	71	25.817	13.549	1	60	33.799	1765	2368	13	8	11.958	7.560	1.510	0.781	1.582	0.632	0.821
336	1799	51.928	30.064	0	145	175.095	3771	2379	42	57	59.110	38.751	101.745	0.737	1.525	0.656	0.913
337	86	39.570	13.566	8	69	39.213	3587	2380	12	12	12.185	8.986	127.501	0.703	1.356	0.737	0.789
338	41	20.415	6.996	1	37	26.142	3315	2381	10	6	9.696	5.384	16.467	0.754	1.801	0.555	0.828
339	37	25.892	11.370	2	47	26.971	2297	2403	6	11	9.566	4.925	85.325	0.639	1.942	0.515	0.755
340	124	32.476	13.511	2	67	46.770	1470	2409	17	14	15.503	10.184	144.587	0.712	1.522	0.657	0.795
341	84	11.750	7.140	1	34	46.870	2944	2420	11	15	12.784	8.366	76.050	0.481	1.528	0.654	0.700
342	83	30.771	13.924	2	63	38.870	3638	2426	9	15	12.898	8.194	98.559	0.690	1.574	0.635	0.794
343	64	29.031	12.472	2	62	35.556	3993	2432	6	15	14.723	5.535	100.274	0.636	2.660	0.376	0.877
344	408	64.314	22.495	2	112	82.669	3345	2443	21	30	29.251	17.759	80.266	0.750	1.647	0.607	0.884
345	19	23.105	11.666	4	53	16.485	2043	2463	4	6	5.767	4.195	93.962	0.879	1.375	0.727	0.884
346	747	54.914	20.609	7	114	118.468	2749	2504	40	29	38.427	24.751	2.743	0.669	1.553	0.644	0.876
347	47	41.894	16.863	13	82	30.627	356	2507	10	10	8.948	6.688	153.534	0.630	1.338	0.747	0.723
348	50	13.120	7.406	4	34	44.527	1958	2507	10	14	13.250	4.805	64.672	0.317	2.758	0.363	0.538
349	1165	39.627	16.415	2	89	156.853	449	2510	47	44	54.038	27.449	138.191	0.595	1.969	0.508	0.861
350	128	28.844	12.937	1	62	50.870	3426	2521	11	18	17.293	9.424	104.554	0.622	1.835	0.545	0.821
351	243	51.222	18.226	2	104	66.426	351	2524	25	16	21.866	14.150	176.823	0.692	1.545	0.647	0.851
352	171	22.181	11.982	0	63	65.598	1272	2525	17	21	21.826	9.976	52.783	0.499	2.188	0.457	0.732
353	25	15.240	7.928	0	33	19.314	1309	2525	7	5	6.802	4.680	157.270	0.842	1.453	0.688	0.877
354	68	40.676	14.433	11	86	30.627	3173	2532	10	10	9.606	9.013	161.570	0.911	1.066	0.938	0.861
355	1436	28.423	12.232	1	71	187.480	1017	2546	43	46	45.407	40.266	98.562	0.513	1.128	0.887	0.886
356	2663	40.873	21.360	0	125	298.735	469	2551	77	73	74.342	45.609	37.091	0.375	1.630	0.613	0.714
357	40	17.400	9.535	3	45	27.556	1276	2569	11	6	8.604	5.919	168.058	0.662	1.454	0.688	0.792
358	1181	23.242	10.776	1	64	168.995	1721	2570	46	41	41.288	36.419	8.494	0.520	1.134	0.882	0.833
359	45	46.178	12.558	25	68	41.314	1	2590	4	19	16.082	3.563	93.095	0.331	4.514	0.222	0.804
360	191	30.262	10.181	4	54	59.941	1936	2595	20	14	19.048	12.767	2.603	0.668	1.492	0.670	0.840
361	143	49.839	14.045	8	82	47.698	2207	2606	15	14	14.603	12.468	30.085	0.790	1.171	0.854	0.846
362	60	47.783	14.566	8	72	30.971	624	2617	10	9	9.796	7.799	164.676	0.786	1.256	0.796	0.839
363	10789	35.772	23.154	0	136	565.713	3339	2627	139	137	151.520	90.661	131.313	0.424	1.671	0.598	0.835
364	41	36.878	12.715	8	57	24.385	2890	2630	7	9	8.971	5.819	118.286	0.866	1.542	0.649	0.845
365	183	28.153	10.953	1	52	62.770	475	2650	15	20	17.493	13.320	95.428	0.584	1.313	0.761	0.792
366	341	52.742	20.068	3	95	75.598	2035	2651	20	26	26.773	16.217	111.448	0.750	1.651	0.606	0.881
367	2356	20.785	10.172	0	57	235.137	891	2674	67	56	61.629	48.675	169.955	0.535	1.266	0.790	0.858
368	4936	25.419	11.400	0	71	411.103	2910	2692	98	80	90.387	69.531	17.480	0.367	1.300	0.769	0.859
369	365	27.795	12.159	2	59	89.154	2516	2695	21	32	29.998	15.492	75.634	0.577	1.936	0.516	0.804
370	3157	38.826	20.117	1	126	318.191	1669	2708	83	79	87.733	45.816	141.516	0.392	1.915	0.522	0.745
371	121	42.579	14.342	9	68	53.698	1013	2728	15	13	13.802	11.163	166.977	0.527	1.236	0.809	0.778
372	67	22.224	10.039	2	55	39.698	2201	2729	10	15	15.377	5.548	114.550	0.534	2.772	0.361	0.694
373	428	44.063	15.072	7	87	86.083	35	2749	28	23	28.361	19.215	22.912	0.726	1.476	0.678	0.888
374	74	24.500	11.669	3	54	38.870	3875	2764	12	13	14.348	6.567	134.114	0.615	2.185	0.458	0.775
375	373	29.504	12.871	0	61	99.397	2490	2772	18	35	34.848	13.628	102.475	0.474	2.557	0.391	0.796
376	616	14.901	7.998	0	48	122.468	501	2775	34	30	31.702	24.740	143.535	0.516	1.281	0.780	0.806
377	16	16.750	5.196	6	23	19.314	757	2776	4	8	8.111	2.512	101.901	0.539	3.229	0.310	0.711
378	4634	48.256	32.922	0	166	331.706	671	2778	102	75	105.005	56.190	155.440	0.529	1.869	0.535	0.859
379	361	45.820	23.573	5	107	90.326	2909	2803	29	25	31.529	14.578	145.985	0.556	2.163	0.462	0.779
380	254	27.701	11.767	2	58	79.154	1397	2813	23	25	27.900	11.592	133.098	0.509	2.407	0.415	0.818
381	678	57.619	26.898	1	136	131.296	3890	2816	32	39	33.902	25.463	117.793	0.494	1.331	0.751	0.749
382	123	52.447	17.684	9	87	44.870	105	2821	13	15	14.662	10.681	139.507	0.768	1.373	0.728	0.837
383	25	24.880	12.924	7	47	19.314	241	2822	6	6	6.190	5.142	144.422	0.842	1.204	0.831	0.847
384	103	13.272	5.836	1	32	40.042	3297	2827	13	12	12.324	10.641	40.777	0.807	1.158	0.863	0.821
385	38	16.132	10.246	0	46	25.556	2426	2829	6	10	9.250	5.231	97.615	0.731	1.768	0.565	0.800
386	179	21.793	11.090	2	61	60.770	1769	2831	14	22	21.660	10.522	63.521	0.609	2.058	0.486	0.840
387	24	14.417	5.941	6	27	22.142	1312	2835	7	7	6.207	4.923	22.558	0.615	1.261	0.793	0.686
388	930	44.690	18.755	1	110	136.953	2855	2840	34	42	38.179	31.015	89.413	0.623	1.231	0.812	0.856
389	175	9.726	6.753	0	36	113.983	2241	2865	21	22	17.569	12.683	144.824	0.169	1.385	0.722	0.525
390	2819	26.297	12.332	1	66	293.120	3115	2866	64	76	75.341	47.641	115.728	0.412	1.581	0.632	0.859
391	369	43.165	15.695	4	80	88.569	2891	2887	26	29	26.626	17.645	50.552	0.591	1.509	0.663	0.800
392	3362	33.044	16.761	0	99	301.362	595	2891	62	95	93.749	45.660	112.598	0.465	2.053	0.487	0.842
393	362	17.489	8.868	0	47	85.841	2715	2903	27	21	25.326	18.199	159.819	0.617	1.392	0.719	0.834
394	125	44.512	12.710	17	71	46.284	989	2907	13	16	14.905	10.678	97.295	0.733	1.396	0.716	0.822
395	40	30.225	13.318	8	70	24.385	312	2922	8	8	8.950	5.690	137.647	0.845	1.573	0.636	0.808
396	1313	28.027	21.003	0	90	273.563	3665	2929	60	53	63.956	26.139	143.165	0.220	2.447	0.409	0.680
397	995	51.143	21.258	0	105	156.167	2844	2935	36	53	52.461	24.149	111.359	0.513	2.172	0.460	0.805
398	16	14.188	6.755	4	24	17.314	47	2937	5	6	5.549	3.671	105.401	0.671	1.512	0.662	0.711
399	471	35.253	14.529	3	80	100.811	1141	2938	26	29	26.886	22.305	69.712	0.582	1.205	0.830	0.846
400	335	59.818	21.252	5	98	75.012	215	2943	22	22	23.310	18.299	138.790	0.748	1.274	0.785	0.874
401	183	62.148	18.525	17	102	52.870	1861	2943	14	18	17.249	13.508	82.566	0.823	1.277	0.783	0.884
402	2031	19.037	9.520	0	71	202.267	2017	2952	54	47	53.319	48.499	163.945	0.624	1.099	0.910	0.918
403	81	26.938	12.126	1	52	36.385	939	2967	12	10	12.063	8.549	4.071	0.769	1.411	0.709	0.835
404	32	32.500	13.368	8	59	21.556	559	2972	6	8	7.392	5.512	76.875	0.865	1.341	0.746	0.831
405	40	33.825	13.930	2	62	24.385	3764	2985	8	8	7.800	6.529	136.164	0.845	1.195	0.837	0.808
406	141	32.965	11.203	4	59	50.627	1918	2988	19	11	18.212	9.858	175.653	0.691	1.847	0.541	0.884
407	53	33.208	12.150	6	62	26.728	2540	2989	8	8	8.581	7.864	100.378	0.932	1.091	0.917	0.914
408	58	90.793	22.112	34	139	46.971	1878	2993	21	6	16.143	4.575	175.201	0.330	3.529	0.283	0.739
409	32	24.375	11.141	2	42	20.485	1413	2994	7	5	7.569	5.383	175.599	0.958	1.406	0.711	0.955
