 	Area	Mean	StdDev	Min	Max	Perim.	BX	BY	Width	Height	Major	Minor	Angle	Circ.	AR	Round	Solidity
1	33	28.879	11.554	5	51	25.314	116	1	9	6	7.724	5.440	164.177	0.647	1.420	0.704	0.767
2	142	51.232	16.790	10	98	50.627	306	1	18	12	16.177	11.177	4.691	0.696	1.447	0.691	0.863
3	3958	35.056	17.599	0	102	461.931	1385	1	85	174	196.606	25.632	66.482	0.233	7.670	0.130	0.835
4	774	15.147	8.630	1	50	211.823	1841	1	36	54	56.211	17.532	64.069	0.217	3.206	0.312	0.722
5	3372	20.578	10.490	0	73	365.848	3913	1	59	105	110.015	39.025	70.861	0.317	2.819	0.355	0.817
6	124	22.444	10.225	0	46	55.113	3289	26	12	21	19.868	7.946	71.561	0.513	2.500	0.400	0.765
7	39	16.231	8.349	4	35	25.556	3832	30	7	9	10.618	4.677	55.757	0.750	2.270	0.440	0.821
8	257	35.276	13.361	2	72	80.912	3631	38	21	25	27.946	11.709	52.784	0.493	2.387	0.419	0.816
9	134	20.724	10.406	2	48	66.770	1135	43	11	26	26.343	6.477	74.174	0.378	4.067	0.246	0.738
10	100	40.730	17.956	5	83	46.527	1204	71	13	17	19.249	6.614	58.957	0.580	2.910	0.344	0.772
11	69	26.942	10.026	5	52	37.213	1836	73	11	11	10.469	8.392	48.237	0.626	1.248	0.802	0.767
12	49	40.061	12.414	19	66	29.213	2565	79	8	11	11.955	5.219	59.646	0.722	2.291	0.437	0.817
13	121	57.066	12.451	20	87	40.627	600	101	12	13	13.399	11.498	70.641	0.921	1.165	0.858	0.906
14	1800	19.468	12.878	0	80	270.007	2431	134	63	68	74.526	30.752	53.480	0.310	2.423	0.413	0.758
15	68	39.691	16.281	10	76	34.627	3664	157	11	11	13.256	6.531	46.871	0.713	2.030	0.493	0.824
16	1712	16.272	8.885	0	52	263.421	965	158	47	56	53.547	40.708	66.788	0.310	1.315	0.760	0.830
17	975	17.254	8.986	1	54	198.309	204	192	40	51	55.399	22.409	56.546	0.312	2.472	0.404	0.769
18	199	10.116	5.553	0	25	121.882	3064	215	23	26	20.923	12.110	71.891	0.168	1.728	0.579	0.460
19	2367	15.891	8.332	0	56	290.635	3722	216	61	61	61.168	49.271	44.513	0.352	1.241	0.806	0.830
20	37	13.892	6.432	3	34	32.971	2004	225	8	10	7.063	6.670	5.836	0.428	1.059	0.944	0.643
21	34	12.706	5.911	2	26	35.213	3073	233	10	12	11.920	3.632	44.068	0.345	3.282	0.305	0.562
22	102	28.441	13.974	1	65	50.284	1959	235	8	20	17.868	7.269	86.558	0.507	2.458	0.407	0.756
23	148	27.959	14.149	0	65	61.012	24	244	17	22	24.235	7.776	55.918	0.500	3.117	0.321	0.765
24	430	54.228	21.982	7	120	91.640	3832	259	26	32	33.741	16.227	53.601	0.643	2.079	0.481	0.861
25	113	39.593	14.630	8	72	42.042	2656	271	13	13	15.252	9.433	49.860	0.803	1.617	0.619	0.859
26	24	18.208	8.758	1	35	17.899	1866	278	6	5	5.854	5.220	36.955	0.941	1.121	0.892	0.889
27	115	30.852	13.513	3	58	45.941	3910	278	15	13	13.289	11.019	25.932	0.685	1.206	0.829	0.807
28	261	40.839	15.063	3	74	75.255	981	282	24	23	29.301	11.341	39.385	0.579	2.584	0.387	0.819
29	411	31.360	14.611	2	76	122.125	511	284	26	48	51.344	10.192	62.357	0.346	5.038	0.199	0.790
30	167	12.850	6.901	2	31	80.326	42	292	19	19	18.736	11.349	47.030	0.325	1.651	0.606	0.668
31	42	15.667	7.479	3	31	34.627	1569	307	8	14	12.986	4.118	67.067	0.440	3.154	0.317	0.683
32	21	9.381	5.861	1	21	30.728	42	314	13	4	9.833	2.719	6.722	0.279	3.616	0.277	0.592
33	20	13.600	7.528	4	28	21.556	3294	317	8	6	6.171	4.127	30.086	0.541	1.495	0.669	0.645
34	53	12.396	8.377	0	36	37.456	1549	322	10	13	15.304	4.409	58.934	0.475	3.471	0.288	0.671
35	4309	40.217	22.230	0	114	414.333	3936	351	63	127	112.801	48.638	78.121	0.315	2.319	0.431	0.834
36	465	12.548	6.992	0	37	133.296	3794	359	31	30	29.446	20.106	46.680	0.329	1.465	0.683	0.725
37	48	27.938	10.889	1	46	32.385	2094	366	9	11	12.637	4.836	63.999	0.575	2.613	0.383	0.750
38	285	64.561	20.265	3	127	65.841	1529	378	21	21	21.795	16.650	40.385	0.826	1.309	0.764	0.900
39	72	24.125	9.894	8	49	36.385	954	381	9	13	11.840	7.743	69.919	0.683	1.529	0.654	0.796
40	78	29.077	14.966	3	65	35.456	1582	388	12	11	11.646	8.528	38.770	0.780	1.366	0.732	0.812
41	111	48.964	17.335	14	86	40.627	2322	408	11	14	12.937	10.924	86.099	0.845	1.184	0.844	0.877
42	630	37.668	20.617	1	105	135.782	1317	409	31	49	43.283	18.533	66.569	0.429	2.336	0.428	0.772
43	63	32.714	13.877	6	65	37.213	145	433	8	15	14.372	5.581	66.516	0.572	2.575	0.388	0.750
44	59	26.492	15.149	0	68	35.556	1463	433	9	12	12.266	6.125	68.300	0.586	2.003	0.499	0.766
45	130	34.477	15.229	1	69	52.284	2671	440	14	18	19.751	8.380	51.020	0.598	2.357	0.424	0.795
46	267	29.637	15.568	0	73	82.669	1583	451	19	32	32.595	10.430	62.522	0.491	3.125	0.320	0.799
47	74	22.216	9.983	2	52	37.213	406	456	10	13	13.654	6.901	63.304	0.672	1.979	0.505	0.813
48	26	9.500	4.062	2	20	24.142	2716	460	5	9	9.005	3.676	82.482	0.561	2.449	0.408	0.684
49	27	23.519	8.785	8	38	22.142	3087	462	7	7	9.120	3.769	50.991	0.692	2.420	0.413	0.750
50	159	14.679	7.988	0	40	98.326	3781	463	24	21	18.308	11.058	31.642	0.207	1.656	0.604	0.465
51	97	40.866	15.946	7	75	45.456	1115	467	11	17	18.753	6.586	59.492	0.590	2.848	0.351	0.819
52	27	10.481	5.760	1	29	41.213	2716	468	12	10	6.464	5.319	5.707	0.200	1.215	0.823	0.362
53	29	17.103	8.104	4	36	32.627	1834	469	8	9	8.669	4.259	61.845	0.342	2.035	0.491	0.552
54	16	10.375	5.572	2	19	19.899	3796	476	6	6	5.950	3.424	24.950	0.508	1.738	0.576	0.615
55	55	11.327	6.968	1	30	44.870	2712	481	15	7	13.394	5.229	0.847	0.343	2.562	0.390	0.615
56	34	18.235	9.758	1	39	35.213	3571	500	10	8	9.141	4.736	25.032	0.345	1.930	0.518	0.571
57	1421	15.047	8.255	0	49	208.693	2820	504	47	47	49.487	36.560	45.367	0.410	1.354	0.739	0.840
58	21	33.048	12.436	7	57	22.142	3565	512	7	7	7.715	3.466	37.664	0.538	2.226	0.449	0.627
59	30	32.667	13.089	4	50	20.142	2627	530	6	7	6.944	5.501	56.290	0.929	1.262	0.792	0.857
60	4650	49.455	34.581	0	161	312.635	1415	535	93	87	103.705	57.090	41.148	0.598	1.817	0.551	0.908
61	1267	41.310	21.235	1	106	264.836	1114	545	52	98	94.460	17.078	64.636	0.227	5.531	0.181	0.750
62	331	31.018	15.862	2	83	97.397	1713	558	33	25	37.337	11.288	35.456	0.438	3.308	0.302	0.764
63	41	26.049	11.567	7	52	26.971	395	559	9	7	9.711	5.376	23.875	0.708	1.807	0.554	0.812
64	98	19.143	10.420	2	48	67.598	215	569	23	11	21.578	5.783	164.813	0.270	3.731	0.268	0.607
65	10300	24.766	11.888	0	73	549.713	1536	569	132	151	174.756	75.044	53.495	0.428	2.329	0.429	0.920
66	10153	26.602	15.082	0	116	668.767	623	570	137	168	183.367	70.499	53.366	0.285	2.601	0.384	0.847
67	226	34.097	15.478	3	74	66.426	3632	589	18	22	25.095	11.467	54.543	0.644	2.189	0.457	0.837
68	36	11.278	3.318	5	19	26.142	3969	599	6	10	8.523	5.378	71.881	0.662	1.585	0.631	0.783
69	134	35.045	17.249	1	70	65.598	3367	609	15	26	26.706	6.388	68.453	0.391	4.180	0.239	0.711
70	156	27.712	12.396	0	56	73.497	3456	610	17	28	30.465	6.520	60.656	0.363	4.673	0.214	0.746
71	992	14.408	8.182	0	53	255.179	2642	627	41	53	45.120	27.993	58.719	0.191	1.612	0.620	0.660
72	50	13.900	7.028	1	31	42.627	1447	634	9	17	18.106	3.516	69.398	0.346	5.150	0.194	0.680
73	189	28.222	11.659	2	59	61.598	2620	643	17	22	22.269	10.806	52.786	0.626	2.061	0.485	0.797
74	2532	19.453	10.129	0	64	265.321	3531	651	61	80	83.525	38.598	57.049	0.452	2.164	0.462	0.872
75	57	38.263	12.780	8	64	30.385	3671	651	9	10	9.234	7.860	11.119	0.776	1.175	0.851	0.803
76	260	20.438	10.252	1	51	83.497	1641	657	17	31	27.046	12.240	70.016	0.469	2.210	0.453	0.757
77	20	12.100	5.476	2	20	24.142	3288	659	10	4	7.860	3.240	169.528	0.431	2.426	0.412	0.645
78	3513	17.108	9.204	0	59	487.186	3194	660	109	98	124.016	36.067	43.103	0.186	3.438	0.291	0.723
79	161	18.342	9.201	0	48	73.598	3909	665	16	25	22.673	9.041	58.936	0.374	2.508	0.399	0.636
80	21	32.095	11.140	14	53	17.314	3651	672	7	4	6.630	4.033	169.648	0.880	1.644	0.608	0.875
81	893	14.614	7.922	0	44	200.066	1901	686	40	43	44.292	25.670	47.065	0.280	1.725	0.580	0.771
82	16	22.312	10.524	7	41	16.485	3383	687	4	6	5.945	3.427	71.377	0.740	1.735	0.576	0.821
83	18	16.111	8.491	1	29	16.142	2359	731	5	6	6.260	3.661	56.995	0.868	1.710	0.585	0.750
84	8677	23.509	12.335	0	73	581.269	772	750	123	162	177.207	62.345	53.058	0.323	2.842	0.352	0.887
85	16	18.125	5.476	5	28	16.485	3457	761	7	3	7.054	2.888	11.538	0.740	2.443	0.409	0.865
86	38	33.263	15.079	8	69	26.385	652	765	7	10	10.242	4.724	65.854	0.686	2.168	0.461	0.784
87	5849	37.806	20.817	0	112	457.286	3470	773	101	143	144.814	51.426	55.803	0.351	2.816	0.355	0.824
88	16	16.500	11.955	2	44	20.728	2619	777	8	4	7.560	2.695	15.810	0.468	2.805	0.356	0.640
89	291	60.247	26.128	4	105	67.497	2036	786	24	20	22.356	16.574	29.488	0.803	1.349	0.741	0.887
90	16	23.688	11.312	7	40	16.728	2407	787	6	5	6.461	3.153	31.882	0.719	2.049	0.488	0.727
91	79	10.519	6.292	2	28	49.213	479	788	14	12	11.830	8.503	45.996	0.410	1.391	0.719	0.648
92	32	37.625	8.654	20	53	21.314	57	798	7	6	6.609	6.165	170.550	0.885	1.072	0.933	0.865
93	19	10.316	4.785	0	19	24.728	475	802	5	10	7.671	3.154	89.601	0.390	2.432	0.411	0.559
94	62	47.919	15.994	8	80	30.042	2741	802	11	9	10.784	7.320	35.770	0.863	1.473	0.679	0.861
95	37	22.054	11.254	4	55	29.799	1147	818	6	11	9.319	5.055	85.892	0.524	1.843	0.543	0.712
96	95	41.758	13.451	10	71	40.042	1424	831	11	14	13.735	8.806	62.277	0.745	1.560	0.641	0.830
97	273	47.894	20.607	0	96	75.255	3894	845	18	24	23.269	14.938	61.270	0.606	1.558	0.642	0.852
98	3106	17.841	9.858	0	57	300.777	383	867	84	66	79.619	49.670	26.342	0.431	1.603	0.624	0.832
99	410	48.537	19.187	5	101	86.326	155	872	25	27	31.128	16.770	43.820	0.691	1.856	0.539	0.874
100	152	50.717	18.525	8	101	52.284	3818	876	17	15	19.738	9.805	37.336	0.699	2.013	0.497	0.864
101	116	21.181	9.852	3	46	63.598	251	890	17	18	20.208	7.309	52.546	0.360	2.765	0.362	0.646
102	66	43.773	12.733	14	68	32.627	3251	901	10	11	9.918	8.473	106.439	0.779	1.171	0.854	0.810
103	3447	27.457	15.485	0	85	340.676	2362	919	62	98	97.304	45.105	63.976	0.373	2.157	0.464	0.843
104	42	32.119	13.271	4	51	24.142	354	922	8	7	8.529	6.270	29.604	0.906	1.360	0.735	0.884
105	25	14.960	7.722	1	32	21.556	3570	925	7	7	7.729	4.119	41.567	0.676	1.877	0.533	0.735
106	136	19.257	8.375	1	41	69.255	2107	929	19	25	29.085	5.954	57.529	0.356	4.885	0.205	0.680
107	138	27.493	13.572	1	75	53.941	645	939	18	14	18.702	9.395	32.983	0.596	1.991	0.502	0.807
108	61	34.328	13.952	4	57	35.213	1053	939	12	9	11.491	6.759	36.963	0.618	1.700	0.588	0.767
109	696	51.602	20.248	1	106	108.225	1665	953	32	32	33.144	26.737	36.739	0.747	1.240	0.807	0.893
110	445	43.578	24.277	1	99	117.640	2244	958	34	28	30.347	18.671	4.228	0.404	1.625	0.615	0.672
111	32022	21.854	17.053	0	105	1025.342	666	970	204	277	290.029	140.578	62.403	0.383	2.063	0.485	0.918
112	2090	18.871	9.836	0	53	252.593	3060	986	61	57	66.347	40.108	37.934	0.412	1.654	0.605	0.865
113	18	11.333	5.871	1	22	15.314	2419	993	5	5	5.034	4.553	167.340	0.965	1.106	0.904	0.837
114	81	32.667	11.905	9	55	34.971	153	996	11	10	11.303	9.124	3.552	0.832	1.239	0.807	0.866
115	880	32.180	16.337	0	80	149.439	552	1011	38	50	56.176	19.945	55.582	0.495	2.816	0.355	0.854
116	63	11.127	5.890	0	24	57.698	3748	1034	16	14	14.828	5.410	33.896	0.238	2.741	0.365	0.508
117	59	31.898	11.723	9	61	31.799	3569	1047	11	9	10.660	7.047	32.754	0.733	1.513	0.661	0.792
118	90	19.089	9.134	2	43	44.284	953	1061	14	14	17.278	6.632	49.404	0.577	2.605	0.384	0.800
119	87	21.333	9.974	4	51	39.213	1040	1067	9	13	12.901	8.586	83.948	0.711	1.503	0.666	0.853
120	83	40.084	11.527	12	65	37.213	84	1103	14	9	12.571	8.407	3.255	0.753	1.495	0.669	0.830
121	10896	28.882	15.940	0	100	650.767	1246	1119	147	183	207.431	66.881	48.037	0.323	3.101	0.322	0.874
122	35	20.000	10.505	3	48	23.799	1703	1142	7	9	7.700	5.787	60.732	0.777	1.330	0.752	0.778
123	31	8.419	4.617	0	17	33.556	63	1144	6	13	8.767	4.502	86.238	0.346	1.947	0.514	0.574
124	16	13.875	8.951	2	33	15.314	2431	1145	6	4	5.601	3.637	26.986	0.857	1.540	0.649	0.821
125	66	11.894	7.058	2	30	46.042	2694	1148	11	13	10.167	8.265	71.361	0.391	1.230	0.813	0.629
126	663	59.630	31.118	2	138	109.740	302	1160	32	31	31.973	26.402	31.386	0.692	1.211	0.826	0.886
127	24	8.750	4.336	2	18	20.142	2694	1161	7	6	6.273	4.872	5.647	0.743	1.288	0.777	0.800
128	46	35.348	11.298	15	57	28.627	3064	1163	9	10	10.833	5.406	56.229	0.705	2.004	0.499	0.767
129	199	57.754	19.867	5	99	59.941	2229	1183	18	19	21.718	11.667	48.921	0.696	1.862	0.537	0.843
130	633	45.962	21.112	1	106	109.154	3123	1183	30	31	34.943	23.065	59.040	0.668	1.515	0.660	0.864
131	84	22.000	9.442	6	47	47.941	1111	1187	13	18	21.189	5.047	56.916	0.459	4.198	0.238	0.740
132	19	19.632	8.970	5	34	15.899	1108	1205	4	6	5.936	4.076	100.233	0.944	1.456	0.687	0.884
133	16	15.375	7.201	4	27	16.142	409	1209	6	5	4.711	4.324	26.736	0.772	1.090	0.918	0.744
134	59	25.932	12.233	4	49	30.627	1527	1210	10	10	9.630	7.801	129.713	0.790	1.234	0.810	0.797
135	184	29.120	13.872	1	67	66.770	1	1223	15	23	21.855	10.720	67.531	0.519	2.039	0.491	0.795
136	77	68.532	17.658	3	96	34.627	186	1225	11	10	11.694	8.384	34.184	0.807	1.395	0.717	0.851
137	475	41.301	18.781	1	87	89.740	3751	1241	32	22	30.161	20.052	6.629	0.741	1.504	0.665	0.890
138	2661	42.499	22.731	0	125	287.362	1	1244	78	88	96.306	35.181	50.218	0.405	2.737	0.365	0.820
139	30	34.167	9.976	10	60	21.556	191	1244	7	7	9.213	4.146	40.662	0.811	2.222	0.450	0.857
140	16	10.812	5.833	2	23	21.799	3882	1295	7	8	9.457	2.154	45.806	0.423	4.390	0.228	0.582
141	62	38.855	15.658	6	76	39.698	3698	1300	10	15	13.569	5.818	57.281	0.494	2.332	0.429	0.729
142	63	36.254	13.448	2	70	32.971	3766	1301	8	10	10.607	7.563	67.861	0.728	1.403	0.713	0.863
143	55	43.891	14.665	4	76	27.799	1179	1305	9	9	9.166	7.640	51.933	0.894	1.200	0.834	0.853
144	2190	33.357	23.474	0	127	283.806	1232	1313	54	75	66.590	41.874	71.488	0.342	1.590	0.629	0.793
145	1035	74.959	35.161	1	191	175.480	396	1319	42	54	58.554	22.506	54.599	0.422	2.602	0.384	0.824
146	53	45.830	19.712	13	84	28.971	3685	1321	9	9	9.648	6.994	48.436	0.794	1.379	0.725	0.809
147	838	48.469	23.604	1	131	127.296	72	1325	36	37	38.823	27.483	44.081	0.650	1.413	0.708	0.872
148	228	51.127	19.978	3	86	65.841	3878	1333	19	22	24.125	12.033	49.815	0.661	2.005	0.499	0.857
149	177	41.028	19.308	4	89	72.669	674	1345	17	27	28.740	7.841	62.305	0.421	3.665	0.273	0.766
150	26	26.115	13.773	8	54	20.142	2059	1383	7	6	6.870	4.819	33.387	0.805	1.426	0.701	0.800
151	45	15.711	7.990	0	33	35.213	2844	1385	11	9	7.816	7.331	175.067	0.456	1.066	0.938	0.643
152	23	9.348	3.379	4	14	21.556	1336	1390	7	7	8.293	3.531	46.024	0.622	2.348	0.426	0.687
153	295	12.647	6.882	0	32	138.024	2828	1391	29	26	25.984	14.455	49.986	0.195	1.798	0.556	0.628
154	17	15.059	5.006	7	22	16.142	1799	1402	6	5	6.559	3.300	39.728	0.820	1.987	0.503	0.791
155	460	16.798	8.743	1	44	135.882	3324	1405	27	34	36.041	16.251	53.768	0.313	2.218	0.451	0.746
156	1955	26.409	15.084	0	81	233.279	235	1430	47	78	75.111	33.140	63.170	0.451	2.266	0.441	0.862
157	99	26.283	12.004	4	58	44.870	2318	1434	12	15	16.550	7.616	50.313	0.618	2.173	0.460	0.783
158	600	31.027	16.210	0	94	185.238	3892	1437	42	59	63.955	11.945	61.014	0.220	5.354	0.187	0.605
159	55	39.345	14.697	4	63	29.799	1241	1456	9	10	10.145	6.902	51.497	0.778	1.470	0.680	0.803
160	170	22.671	10.708	3	52	60.184	770	1462	15	22	20.623	10.496	65.318	0.590	1.965	0.509	0.771
161	28	12.107	5.152	2	21	35.213	2579	1470	8	11	8.402	4.243	68.588	0.284	1.980	0.505	0.455
162	55	45.764	20.524	4	84	32.971	522	1474	9	11	9.141	7.661	57.551	0.636	1.193	0.838	0.748
163	30	20.900	9.767	2	42	25.556	3531	1489	9	5	8.436	4.528	3.239	0.577	1.863	0.537	0.759
164	174	14.339	7.685	0	42	72.426	2711	1494	17	23	22.644	9.784	59.246	0.417	2.314	0.432	0.684
165	70	17.143	7.906	4	43	63.841	3827	1496	17	16	12.534	7.111	47.830	0.216	1.763	0.567	0.411
166	301	30.980	12.670	1	69	81.255	2777	1498	28	19	28.982	13.224	164.994	0.573	2.192	0.456	0.834
167	28	19.643	9.121	4	38	22.971	3507	1500	8	7	8.708	4.094	138.584	0.667	2.127	0.470	0.767
168	763	18.855	10.800	0	62	180.409	3856	1515	37	40	40.578	23.941	55.298	0.295	1.695	0.590	0.744
169	1004	23.005	11.807	0	67	150.510	1303	1517	40	45	40.248	31.761	63.603	0.557	1.267	0.789	0.836
170	33	17.697	9.793	4	38	22.728	3577	1520	5	9	8.653	4.856	68.039	0.803	1.782	0.561	0.880
171	665	14.674	8.117	0	46	177.823	946	1528	41	32	36.886	22.954	25.072	0.264	1.607	0.622	0.694
172	108	20.361	10.491	1	49	55.113	996	1528	18	14	17.937	7.666	41.800	0.447	2.340	0.427	0.704
173	574	16.801	8.519	0	51	147.439	476	1531	30	43	40.782	17.920	58.933	0.332	2.276	0.439	0.750
174	94	34.617	15.020	1	79	58.426	345	1535	16	20	21.223	5.639	54.353	0.346	3.763	0.266	0.669
175	32	24.781	9.150	1	43	24.971	633	1548	7	9	10.933	3.727	54.502	0.645	2.934	0.341	0.744
176	25	9.280	4.929	1	20	22.142	962	1559	7	7	7.853	4.053	44.278	0.641	1.937	0.516	0.714
177	37	32.000	9.933	11	52	27.799	2111	1578	8	9	7.065	6.668	105.620	0.602	1.059	0.944	0.698
178	72	41.778	14.579	9	73	31.213	3703	1579	10	10	10.484	8.744	53.587	0.929	1.199	0.834	0.883
179	66	55.182	22.394	1	96	31.213	2631	1599	11	8	10.954	7.671	176.283	0.851	1.428	0.700	0.857
180	76	42.355	15.956	2	77	34.627	3473	1605	10	12	12.552	7.709	63.135	0.796	1.628	0.614	0.854
181	209	22.909	11.418	1	68	66.770	234	1609	18	23	25.302	10.517	51.754	0.589	2.406	0.416	0.823
182	853	18.749	9.183	0	49	141.196	159	1614	35	41	41.094	26.429	57.477	0.538	1.555	0.643	0.847
183	2131	39.290	23.965	1	129	283.463	238	1629	64	93	82.265	32.982	61.076	0.333	2.494	0.401	0.712
184	2173	21.274	10.986	0	76	260.836	3091	1635	71	67	84.062	32.913	38.987	0.401	2.554	0.392	0.841
185	74	52.514	19.175	2	89	32.971	1950	1658	10	10	10.709	8.799	35.665	0.855	1.217	0.822	0.886
186	194	40.474	14.214	10	83	54.527	512	1670	18	16	17.587	14.045	17.353	0.820	1.252	0.799	0.872
187	466	29.948	13.680	3	70	103.296	206	1673	27	33	34.277	17.310	53.809	0.549	1.980	0.505	0.809
188	3583	30.392	13.587	1	72	313.605	2716	1676	83	85	100.562	45.365	43.186	0.458	2.217	0.451	0.890
189	113	41.186	15.632	6	78	45.113	383	1677	16	13	17.641	8.156	34.232	0.698	2.163	0.462	0.807
190	338	47.639	20.080	2	101	94.912	1624	1696	22	33	32.587	13.207	58.070	0.472	2.467	0.405	0.806
191	92	14.804	7.662	2	36	44.284	3776	1699	13	14	15.550	7.533	52.972	0.590	2.064	0.484	0.776
192	458	14.317	7.442	0	38	170.167	635	1705	32	38	34.715	16.798	62.763	0.199	2.067	0.484	0.616
193	2259	22.541	10.774	0	60	242.250	2948	1715	54	70	74.096	38.818	58.324	0.484	1.909	0.524	0.877
194	173	17.983	9.639	1	43	59.941	909	1725	15	22	20.041	10.991	69.033	0.605	1.823	0.548	0.788
195	222	20.509	11.429	1	59	99.983	171	1727	23	32	27.066	10.443	52.915	0.279	2.592	0.386	0.631
196	505	15.042	8.146	0	45	138.610	1358	1734	33	35	37.386	17.198	52.300	0.330	2.174	0.460	0.703
197	62	31.887	12.666	8	65	38.042	579	1744	9	13	11.116	7.102	104.081	0.538	1.565	0.639	0.705
198	4086	42.450	23.191	1	139	405.345	3096	1745	93	85	93.483	55.651	28.815	0.313	1.680	0.595	0.723
199	50	19.780	9.704	1	40	30.385	2149	1751	9	9	8.958	7.106	18.642	0.681	1.261	0.793	0.763
200	18	16.667	6.589	5	26	18.728	2897	1752	8	4	7.178	3.193	164.783	0.645	2.248	0.445	0.750
201	73	44.425	17.527	2	74	31.799	489	1754	10	10	11.610	8.006	41.867	0.907	1.450	0.690	0.885
202	250	12.864	6.662	0	36	129.539	2845	1755	26	23	21.322	14.929	35.499	0.187	1.428	0.700	0.564
203	54	18.222	10.432	2	48	28.142	2879	1761	9	8	10.237	6.716	31.962	0.857	1.524	0.656	0.871
204	46	15.696	9.475	2	42	29.213	2827	1769	9	10	9.426	6.214	47.982	0.677	1.517	0.659	0.760
205	211	42.118	20.824	4	99	80.569	147	1775	25	27	35.559	7.555	49.221	0.408	4.707	0.212	0.786
206	120	22.433	8.711	4	44	45.456	680	1777	13	15	17.175	8.896	49.752	0.730	1.931	0.518	0.851
207	181	29.481	14.981	1	68	55.113	2798	1786	16	17	19.488	11.826	50.299	0.749	1.648	0.607	0.866
208	63	31.524	12.403	3	63	38.042	3177	1786	10	13	12.994	6.173	52.084	0.547	2.105	0.475	0.720
209	28	8.036	4.460	1	18	26.385	3513	1796	6	9	7.844	4.545	108.063	0.505	1.726	0.579	0.683
210	136	72.022	19.249	24	119	46.527	2040	1805	14	16	17.375	9.966	52.132	0.789	1.743	0.574	0.866
211	171	34.281	12.978	3	80	56.184	921	1816	17	17	17.122	12.716	42.428	0.681	1.347	0.743	0.820
212	469	42.947	19.785	4	122	148.024	2599	1832	41	37	40.158	14.870	38.060	0.269	2.701	0.370	0.570
213	946	45.338	20.423	2	106	156.752	1112	1833	41	48	51.003	23.616	44.599	0.484	2.160	0.463	0.787
214	47	13.979	6.736	1	31	28.971	2642	1849	9	8	8.618	6.944	76.222	0.704	1.241	0.806	0.777
215	51	10.686	8.629	0	41	38.042	2912	1854	12	11	13.200	4.919	30.947	0.443	2.683	0.373	0.614
216	2414	21.198	10.515	0	62	242.936	317	1855	63	57	66.187	46.438	34.774	0.514	1.425	0.702	0.878
217	91	43.066	13.168	11	68	38.627	755	1860	12	12	12.309	9.413	75.507	0.766	1.308	0.765	0.812
218	433	25.021	11.850	0	65	109.154	2678	1871	21	38	38.338	14.380	65.689	0.457	2.666	0.375	0.817
219	25	16.960	7.080	7	33	20.971	3505	1880	6	8	6.740	4.723	88.558	0.714	1.427	0.701	0.725
220	44	33.705	10.461	13	63	25.556	999	1910	8	8	7.616	7.356	61.038	0.847	1.035	0.966	0.830
221	5551	22.289	10.504	0	71	395.789	1487	1910	97	95	113.931	62.035	48.477	0.445	1.837	0.544	0.892
222	3160	15.561	8.377	0	54	385.304	2022	1911	83	102	100.624	39.985	51.616	0.267	2.517	0.397	0.728
223	22	15.591	9.475	1	33	30.385	3760	1911	7	9	6.998	4.003	50.046	0.299	1.748	0.572	0.524
224	2737	21.228	10.641	0	65	309.463	2973	1927	64	88	90.340	38.575	57.645	0.359	2.342	0.427	0.839
225	1369	45.327	23.364	1	126	156.409	2361	1933	44	54	50.195	34.726	66.427	0.703	1.445	0.692	0.892
226	2393	50.878	34.111	1	152	257.179	84	1942	46	83	75.595	40.305	85.230	0.455	1.876	0.533	0.819
227	501	38.699	17.824	1	97	133.539	368	1969	32	41	41.340	15.430	113.954	0.353	2.679	0.373	0.624
228	600	13.960	7.790	0	40	176.995	1417	1989	33	34	31.030	24.620	47.628	0.241	1.260	0.793	0.722
229	40	15.125	8.172	2	34	38.627	3715	1995	12	9	8.365	6.088	161.230	0.337	1.374	0.728	0.548
230	39	13.974	6.900	2	30	44.870	3711	2003	14	9	11.299	4.395	164.075	0.243	2.571	0.389	0.476
231	25	25.160	12.287	5	45	20.142	2868	2009	7	6	7.486	4.252	32.280	0.774	1.761	0.568	0.794
232	31	10.839	7.010	1	25	22.142	3706	2011	8	6	8.766	4.503	153.511	0.795	1.947	0.514	0.805
233	56	14.054	7.325	1	32	40.870	2156	2028	11	12	11.313	6.303	58.503	0.421	1.795	0.557	0.647
234	8195	19.834	10.029	0	66	594.583	3534	2038	125	144	150.146	69.494	49.911	0.291	2.161	0.463	0.820
235	78	26.410	10.210	1	52	40.870	1881	2039	13	13	14.774	6.722	36.155	0.587	2.198	0.455	0.761
236	2131	23.403	18.093	0	101	277.664	1392	2045	56	66	60.908	44.547	88.061	0.347	1.367	0.731	0.835
237	2699	31.171	16.182	1	94	300.777	3754	2071	65	92	101.305	33.922	59.492	0.375	2.986	0.335	0.871
238	17	18.882	8.950	4	30	20.728	1494	2114	6	7	7.465	2.900	45.145	0.497	2.574	0.388	0.630
239	27	25.037	7.182	12	43	21.314	47	2124	6	7	7.054	4.874	48.812	0.747	1.447	0.691	0.806
240	29	20.103	7.622	7	39	24.385	834	2132	7	9	10.667	3.461	54.711	0.613	3.082	0.324	0.753
241	18	12.722	4.625	5	21	30.728	1965	2148	7	11	6.943	3.301	119.926	0.240	2.103	0.475	0.396
242	397	14.385	8.053	0	39	133.782	1937	2152	28	35	33.828	14.943	49.874	0.279	2.264	0.442	0.683
243	14221	24.999	13.277	0	85	801.176	1226	2162	149	234	250.675	72.232	61.237	0.278	3.470	0.288	0.870
244	40	14.650	5.236	3	26	26.142	239	2163	8	8	8.181	6.225	133.878	0.736	1.314	0.761	0.784
245	264	29.462	14.223	2	79	83.255	1767	2170	18	32	31.826	10.562	65.026	0.479	3.013	0.332	0.795
246	391	49.780	22.653	1	103	105.640	2517	2196	21	36	31.039	16.039	90.707	0.440	1.935	0.517	0.720
247	477	40.751	18.594	4	100	90.912	1012	2199	25	29	28.586	21.246	64.582	0.725	1.345	0.743	0.881
248	37	36.486	10.882	17	69	25.799	705	2202	8	9	8.159	5.774	89.048	0.699	1.413	0.708	0.733
249	80	64.975	20.462	22	119	36.042	2983	2206	11	12	12.254	8.312	64.538	0.774	1.474	0.678	0.833
250	4279	34.570	20.574	0	123	328.434	1436	2210	70	107	107.742	50.567	64.862	0.498	2.131	0.469	0.895
251	54	27.111	10.024	5	44	29.556	420	2232	10	8	10.156	6.770	18.439	0.777	1.500	0.667	0.831
252	66	20.833	10.292	1	52	46.042	364	2250	11	12	11.309	7.431	37.320	0.391	1.522	0.657	0.660
253	138	58.167	21.803	5	94	50.284	1052	2251	13	18	19.572	8.978	57.111	0.686	2.180	0.459	0.860
254	17	13.941	8.664	4	35	22.142	553	2257	7	6	6.924	3.126	55.564	0.436	2.215	0.451	0.567
255	23	12.348	7.030	1	27	18.485	439	2265	4	7	6.867	4.264	103.698	0.846	1.610	0.621	0.920
256	27	9.259	4.399	1	19	32.142	541	2269	10	7	8.372	4.106	31.603	0.328	2.039	0.491	0.540
257	30	30.767	10.804	8	50	22.971	67	2271	7	8	8.070	4.733	59.960	0.714	1.705	0.586	0.769
258	98	15.500	7.772	2	34	48.284	3487	2292	12	18	15.744	7.926	70.346	0.528	1.986	0.503	0.715
259	29	18.897	8.587	1	35	27.799	1011	2296	6	11	10.194	3.622	72.442	0.472	2.815	0.355	0.652
260	66	25.212	11.396	3	46	32.627	476	2301	12	9	11.975	7.017	172.258	0.779	1.707	0.586	0.810
261	19	20.053	9.378	2	35	20.728	1653	2304	6	7	7.737	3.127	53.957	0.556	2.474	0.404	0.704
262	137	42.752	15.267	11	75	51.355	3006	2311	17	16	20.486	8.515	40.801	0.653	2.406	0.416	0.828
263	345	12.817	7.064	1	36	202.066	721	2322	33	38	34.392	12.773	55.791	0.106	2.693	0.371	0.481
264	1948	40.097	24.248	0	131	324.191	421	2347	52	97	95.074	26.088	67.110	0.233	3.644	0.274	0.745
265	174	18.897	9.466	1	46	73.841	835	2363	20	24	25.160	8.805	54.121	0.401	2.857	0.350	0.684
266	53	33.358	11.282	12	55	29.799	249	2374	9	10	9.512	7.094	50.355	0.750	1.341	0.746	0.785
267	169	45.302	19.759	5	80	57.698	3475	2396	14	19	19.445	11.066	56.452	0.638	1.757	0.569	0.841
268	882	50.482	22.915	4	118	164.752	567	2418	44	50	55.205	20.342	48.078	0.408	2.714	0.368	0.771
269	12401	21.075	10.984	0	72	564.884	3691	2435	139	132	144.959	108.923	37.685	0.488	1.331	0.751	0.922
270	1327	33.898	20.853	0	97	216.167	1	2437	29	79	71.611	23.594	78.827	0.357	3.035	0.329	0.849
271	23	12.870	5.562	4	25	27.556	972	2439	6	8	6.484	4.516	117.818	0.381	1.436	0.697	0.575
272	71	39.986	14.307	4	72	35.213	3354	2442	9	13	13.911	6.499	65.184	0.720	2.141	0.467	0.855
273	545	66.697	25.494	5	122	94.083	3222	2462	25	30	30.033	23.105	75.408	0.774	1.300	0.769	0.906
274	16	22.438	9.953	1	35	15.899	510	2472	4	6	6.044	3.370	113.813	0.795	1.793	0.558	0.821
275	625	40.925	18.165	4	85	132.711	950	2482	32	31	33.098	24.043	31.897	0.446	1.377	0.726	0.759
276	87	26.552	10.838	3	48	40.042	328	2490	11	14	14.803	7.483	56.409	0.682	1.978	0.506	0.813
277	5382	39.397	24.590	0	117	367.747	3083	2490	97	81	94.243	72.712	168.004	0.500	1.296	0.772	0.858
278	1657	15.456	8.738	0	52	226.693	2476	2494	51	49	46.315	45.553	161.254	0.405	1.017	0.984	0.840
279	715	31.800	17.455	2	110	135.439	336	2499	32	46	49.084	18.547	58.776	0.490	2.646	0.378	0.840
280	63	26.667	9.857	4	46	39.213	560	2513	8	14	12.090	6.635	75.842	0.515	1.822	0.549	0.733
281	4584	35.121	29.120	0	146	498.115	527	2545	88	124	129.690	45.004	58.771	0.232	2.882	0.347	0.758
282	171	60.942	21.837	7	98	50.527	2046	2548	17	15	17.337	12.558	29.995	0.842	1.381	0.724	0.891
283	471	13.887	7.574	1	46	188.066	251	2574	35	38	30.087	19.932	51.367	0.167	1.509	0.662	0.580
284	20	14.550	6.637	3	28	22.728	627	2587	5	9	6.714	3.793	80.112	0.487	1.770	0.565	0.625
285	2786	39.668	19.236	0	117	336.333	3756	2593	81	111	125.445	28.277	54.213	0.309	4.436	0.225	0.757
286	26	12.308	6.898	3	31	21.071	965	2615	4	8	7.581	4.367	80.707	0.736	1.736	0.576	0.897
287	27	6.259	3.493	2	15	37.556	958	2619	7	11	7.550	4.554	101.394	0.241	1.658	0.603	0.470
288	63	28.063	10.882	4	47	35.556	2430	2628	7	13	13.311	6.026	80.632	0.626	2.209	0.453	0.818
289	24	7.458	3.388	0	14	21.556	956	2633	9	5	8.777	3.482	10.299	0.649	2.521	0.397	0.738
290	27	11.037	5.728	3	26	19.314	968	2634	7	5	7.457	4.610	167.582	0.910	1.618	0.618	0.871
291	49	11.857	6.831	1	29	40.042	459	2637	9	14	10.083	6.187	92.243	0.384	1.630	0.614	0.570
292	1894	43.467	23.076	1	106	194.551	1532	2638	53	56	55.539	43.420	54.519	0.629	1.279	0.782	0.877
293	35118	23.861	29.391	0	161	933.963	2309	2641	160	312	282.360	158.357	82.810	0.506	1.783	0.561	0.926
294	20	11.750	7.926	2	29	26.971	6	2649	10	7	7.856	3.241	37.333	0.346	2.424	0.413	0.488
295	35	11.571	7.301	2	28	29.556	23	2652	6	12	10.716	4.159	106.036	0.503	2.577	0.388	0.686
296	41	14.293	7.547	1	34	43.213	458	2654	11	11	10.034	5.202	53.656	0.276	1.929	0.518	0.500
297	4735	44.050	31.222	0	138	321.605	2856	2656	85	84	88.609	68.038	134.115	0.575	1.302	0.768	0.905
298	181	14.072	7.955	0	41	133.539	14	2658	27	25	20.724	11.120	52.123	0.128	1.864	0.537	0.391
299	20	13.300	5.930	4	23	22.971	6	2663	8	6	6.249	4.075	178.430	0.476	1.533	0.652	0.606
300	18	10.167	6.758	0	19	16.728	54	2665	5	6	5.733	3.997	101.113	0.808	1.434	0.697	0.766
301	62	27.435	10.505	2	50	32.385	882	2665	9	11	11.202	7.047	53.208	0.743	1.590	0.629	0.827
302	22	14.136	5.549	5	26	25.314	36	2666	9	5	7.012	3.995	28.376	0.431	1.755	0.570	0.629
303	413	41.489	21.779	1	102	123.296	305	2673	20	44	39.111	13.445	71.923	0.341	2.909	0.344	0.730
304	248	30.185	12.338	1	62	66.527	273	2675	17	21	19.117	16.518	96.888	0.704	1.157	0.864	0.866
305	149	20.859	11.234	0	57	65.255	3382	2675	16	21	21.078	9.000	58.755	0.440	2.342	0.427	0.727
306	702	50.614	21.691	1	114	144.610	2764	2676	27	56	51.999	17.189	68.478	0.422	3.025	0.331	0.836
307	73	24.027	11.272	3	52	43.213	675	2689	12	14	16.040	5.795	60.115	0.491	2.768	0.361	0.741
308	1032	39.370	17.517	1	91	205.581	785	2704	37	75	75.067	17.504	65.223	0.307	4.288	0.233	0.753
309	35	9.771	4.312	4	20	41.556	1	2713	16	8	10.775	4.136	12.101	0.255	2.606	0.384	0.455
310	46	10.239	6.893	2	30	51.355	32	2713	16	9	12.520	4.678	170.845	0.219	2.676	0.374	0.453
311	31	14.548	6.318	1	26	32.385	18	2718	10	9	8.644	4.566	139.240	0.371	1.893	0.528	0.508
312	46	11.674	6.583	3	31	63.113	31	2721	12	18	13.793	4.246	110.461	0.145	3.248	0.308	0.365
313	146	37.007	16.701	3	75	70.770	3472	2730	12	29	26.487	7.018	68.012	0.366	3.774	0.265	0.762
314	90	11.722	5.485	1	28	78.669	1	2736	24	11	16.313	7.025	175.850	0.183	2.322	0.431	0.475
315	35	22.686	8.781	3	41	24.385	3079	2738	8	8	7.631	5.839	160.416	0.740	1.307	0.765	0.745
316	29	9.000	4.536	2	17	34.485	42	2740	4	15	13.059	2.828	78.631	0.306	4.618	0.217	0.652
317	33	9.333	4.188	2	20	43.456	26	2744	13	9	8.904	4.719	176.067	0.220	1.887	0.530	0.402
318	19028	13.300	7.683	0	65	1145.661	1	2751	118	248	249.583	97.071	94.603	0.182	2.571	0.389	0.817
319	337	46.733	18.013	3	91	79.497	3215	2757	18	27	26.096	16.442	97.598	0.670	1.587	0.630	0.858
320	94	31.383	13.097	6	58	41.213	2570	2760	8	17	15.796	7.577	92.231	0.695	2.085	0.480	0.874
321	223	15.274	7.672	0	35	85.841	849	2771	17	25	23.053	12.316	68.952	0.380	1.872	0.534	0.723
322	88	26.432	11.404	1	55	42.627	3405	2780	10	16	15.805	7.089	67.402	0.609	2.229	0.449	0.793
323	328	17.521	9.344	0	51	146.125	3073	2783	22	44	42.697	9.781	70.527	0.193	4.365	0.229	0.609
324	355	27.518	13.474	0	83	94.426	3002	2794	19	34	34.201	13.216	65.512	0.500	2.588	0.386	0.834
325	30	9.400	6.425	2	24	34.627	263	2801	10	8	8.721	4.380	36.391	0.314	1.991	0.502	0.508
326	116	36.957	14.660	6	77	50.870	1889	2801	16	15	16.487	8.958	134.595	0.563	1.840	0.543	0.744
327	21	11.762	4.857	5	21	17.657	266	2811	7	3	7.899	3.385	0.000	0.846	2.333	0.429	1.000
328	88	8.420	5.225	1	24	83.841	254	2813	25	14	18.918	5.923	172.226	0.157	3.194	0.313	0.366
329	26	10.346	4.971	4	20	21.556	520	2814	8	6	7.408	4.468	155.271	0.703	1.658	0.603	0.732
330	129	18.380	9.508	1	48	70.184	284	2818	13	22	17.926	9.163	79.185	0.329	1.956	0.511	0.614
331	20	11.250	5.514	5	21	17.314	401	2818	6	5	5.453	4.669	168.583	0.838	1.168	0.856	0.800
332	22	10.864	4.324	5	21	33.314	234	2819	6	13	9.257	3.026	68.392	0.249	3.059	0.327	0.484
333	19	12.368	6.792	1	29	29.314	465	2822	8	8	6.182	3.913	54.751	0.278	1.580	0.633	0.458
334	17	9.412	4.032	3	18	22.971	264	2825	7	6	5.341	4.053	141.475	0.405	1.318	0.759	0.548
335	29	11.172	5.326	3	20	32.385	257	2829	7	11	7.928	4.657	70.819	0.347	1.702	0.587	0.569
336	19	3.895	1.595	0	8	23.314	240	2830	5	9	7.559	3.201	78.830	0.439	2.362	0.423	0.594
337	31	9.000	5.893	2	22	34.385	213	2834	8	9	8.424	4.685	43.865	0.329	1.798	0.556	0.564
338	18	10.333	7.038	2	27	31.556	290	2839	6	11	6.963	3.291	98.300	0.227	2.116	0.473	0.404
339	24	12.417	5.038	4	23	28.142	232	2851	8	9	5.837	5.236	103.886	0.381	1.115	0.897	0.527
340	41	15.146	7.248	2	27	45.456	221	2852	12	13	8.574	6.089	98.367	0.249	1.408	0.710	0.416
341	26	12.231	7.506	3	30	32.385	280	2853	7	10	8.482	3.903	87.296	0.312	2.173	0.460	0.495
342	29	7.621	4.865	2	20	29.799	196	2857	11	6	9.231	4.000	173.150	0.410	2.308	0.433	0.624
343	33	11.667	6.498	2	28	31.799	392	2858	10	9	11.965	3.512	35.078	0.410	3.407	0.293	0.589
344	17	17.176	5.897	3	27	16.485	352	2859	6	4	6.213	3.484	0.000	0.786	1.784	0.561	0.829
345	18	10.444	5.216	2	19	23.314	416	2859	6	8	7.883	2.907	118.485	0.416	2.712	0.369	0.632
346	25	15.240	5.456	5	29	32.627	297	2861	6	11	9.767	3.259	101.096	0.295	2.997	0.334	0.446
347	47	7.170	4.077	1	16	39.456	229	2863	11	10	8.999	6.650	157.790	0.379	1.353	0.739	0.563
348	55	5.182	4.464	0	21	46.042	193	2865	16	7	13.328	5.254	13.345	0.326	2.537	0.394	0.604
349	18	13.944	6.743	5	34	19.899	345	2865	6	6	5.037	4.550	25.898	0.571	1.107	0.903	0.679
350	23	9.391	3.474	2	14	22.728	331	2866	7	7	7.340	3.990	43.418	0.560	1.840	0.544	0.657
351	653	39.841	18.156	0	89	113.882	2531	2867	31	32	30.440	27.314	50.500	0.633	1.114	0.897	0.863
352	21	14.667	8.163	4	36	22.142	680	2868	5	9	7.916	3.378	75.620	0.538	2.343	0.427	0.646
353	21	11.714	6.497	1	23	21.556	361	2877	6	7	7.012	3.813	121.933	0.568	1.839	0.544	0.656
354	62	11.758	7.999	1	30	53.113	287	2878	16	13	10.450	7.554	169.775	0.276	1.383	0.723	0.500
355	507	17.278	8.757	0	48	184.995	3729	2878	29	61	58.524	11.030	67.240	0.186	5.306	0.188	0.657
356	19	14.263	6.072	7	28	24.728	353	2879	7	8	7.447	3.248	42.233	0.390	2.293	0.436	0.551
357	88	25.625	12.992	4	56	48.284	109	2881	14	13	13.088	8.561	46.018	0.474	1.529	0.654	0.685
358	26	14.308	6.291	6	27	26.142	326	2881	9	6	8.209	4.033	16.262	0.478	2.036	0.491	0.634
359	24	9.042	5.684	0	19	26.728	385	2890	6	10	9.606	3.181	115.394	0.422	3.020	0.331	0.593
360	42	7.619	4.400	2	18	45.456	335	2895	16	9	13.790	3.878	170.842	0.255	3.556	0.281	0.426
361	121	13.017	8.211	1	37	102.326	281	2897	20	21	17.472	8.818	49.537	0.145	1.981	0.505	0.480
362	18	6.778	3.001	1	11	16.485	377	2898	5	5	5.820	3.938	28.228	0.832	1.478	0.677	0.857
363	20	14.150	10.629	2	33	19.314	353	2899	8	4	8.074	3.154	14.062	0.674	2.560	0.391	0.784
364	112	8.339	6.501	0	29	84.326	314	2900	14	25	18.649	7.647	102.151	0.198	2.439	0.410	0.468
365	22	10.000	4.680	4	19	28.142	305	2901	5	10	9.397	2.981	78.539	0.349	3.153	0.317	0.579
366	18	20.833	8.347	5	34	16.485	3589	2904	4	6	6.588	3.479	100.886	0.832	1.894	0.528	0.878
367	28	8.607	2.910	2	16	34.385	342	2905	12	6	9.529	3.741	178.581	0.298	2.547	0.393	0.514
368	46	10.957	5.590	1	29	31.213	376	2907	9	10	8.713	6.722	107.080	0.593	1.296	0.771	0.697
369	71	14.507	6.702	2	32	64.184	352	2910	23	9	18.173	4.974	171.553	0.217	3.653	0.274	0.455
370	43	12.767	6.007	3	25	37.213	336	2913	12	8	10.954	4.998	9.715	0.390	2.192	0.456	0.593
371	37	10.703	5.049	0	21	25.314	343	2921	8	6	8.157	5.775	21.241	0.726	1.413	0.708	0.841
372	59	11.627	5.991	3	26	65.113	392	2921	15	14	10.394	7.227	14.340	0.175	1.438	0.695	0.356
373	49	9.020	5.305	0	21	40.627	456	2928	12	11	10.808	5.772	28.971	0.373	1.872	0.534	0.533
374	18	13.278	6.676	4	30	26.385	425	2929	7	6	5.995	3.823	164.529	0.325	1.568	0.638	0.537
375	34	14.471	7.423	1	29	37.213	435	2932	11	8	8.738	4.954	1.581	0.309	1.764	0.567	0.479
376	17	13.059	4.789	5	23	17.556	497	2932	6	6	4.957	4.366	78.159	0.693	1.135	0.881	0.694
377	523	27.849	12.391	0	69	133.196	757	2935	34	30	32.403	20.551	144.653	0.370	1.577	0.634	0.743
378	52	9.442	5.799	0	25	58.284	459	2941	16	13	10.531	6.287	19.442	0.192	1.675	0.597	0.395
379	26	12.654	6.046	2	26	34.971	511	2942	7	12	9.110	3.634	83.468	0.267	2.507	0.399	0.460
380	238	10.845	6.253	0	31	182.752	443	2945	48	22	28.313	10.703	170.763	0.090	2.645	0.378	0.360
381	32	13.719	5.018	5	24	40.042	501	2951	13	8	7.979	5.106	8.390	0.251	1.563	0.640	0.485
382	679	43.094	23.449	0	121	125.154	2377	2960	29	39	36.819	23.480	87.578	0.545	1.568	0.638	0.840
383	19	11.579	5.728	4	22	20.142	408	2962	6	6	6.882	3.515	131.109	0.589	1.958	0.511	0.679
384	467	31.152	16.548	1	79	106.669	558	2969	25	30	32.059	18.547	64.847	0.516	1.729	0.579	0.816
385	44	10.068	6.245	1	28	60.527	433	2970	9	22	15.725	3.563	105.201	0.151	4.414	0.227	0.324
386	28	8.107	5.600	1	22	28.385	449	2973	7	9	8.408	4.240	72.105	0.437	1.983	0.504	0.577
387	160	25.575	11.708	1	54	71.598	3705	2974	15	25	25.904	7.864	67.037	0.392	3.294	0.304	0.697
388	21	12.667	5.774	2	23	29.556	423	2975	8	8	8.142	3.284	32.219	0.302	2.479	0.403	0.483
389	26	7.615	4.683	0	18	32.971	455	2977	8	10	7.940	4.169	68.246	0.301	1.904	0.525	0.464
390	17	14.176	10.754	3	37	27.556	475	2977	10	7	8.627	2.509	156.918	0.281	3.439	0.291	0.415
391	19	8.211	5.073	1	20	33.799	465	2983	13	5	10.752	2.250	13.889	0.209	4.779	0.209	0.442
392	61	10.148	4.538	1	19	64.284	407	2987	15	12	11.483	6.764	132.541	0.185	1.698	0.589	0.473
393	33	14.667	8.268	2	30	43.213	449	2988	8	11	6.892	6.097	100.080	0.222	1.130	0.885	0.455
394	49	15.388	7.979	3	37	58.870	374	2993	22	6	16.722	3.731	175.473	0.178	4.482	0.223	0.497
395	17	7.941	5.006	2	19	20.728	429	2993	8	4	7.743	2.795	5.587	0.497	2.770	0.361	0.680
