 	Area	Mean	StdDev	Min	Max	Perim.	BX	BY	Width	Height	Major	Minor	Angle	Circ.	AR	Round	Solidity
1	2950	42.285	25.790	0	143	248.350	741	1	59	76	76.806	48.903	63.900	0.601	1.571	0.637	0.900
2	876	29.124	13.750	1	70	165.095	1013	1	26	53	55.857	19.968	77.111	0.404	2.797	0.357	0.834
3	72	10.292	5.388	1	27	34.385	1150	1	10	11	12.811	7.156	48.493	0.765	1.790	0.559	0.818
4	2341	37.090	19.286	0	94	247.765	2740	1	53	83	75.658	39.396	112.670	0.479	1.920	0.521	0.825
5	6826	39.640	24.458	0	139	495.245	3452	1	76	142	138.228	62.875	74.390	0.350	2.198	0.455	0.844
6	21	15.619	7.067	4	31	17.314	987	19	5	6	6.694	3.994	62.507	0.880	1.676	0.597	0.824
7	57	18.632	11.742	1	53	32.627	1792	24	9	11	10.396	6.981	78.392	0.673	1.489	0.672	0.750
8	75	29.427	14.383	8	66	34.627	1437	48	10	12	11.614	8.222	60.747	0.786	1.412	0.708	0.824
9	171	31.959	11.399	7	70	54.284	3898	49	16	17	17.369	12.535	58.817	0.729	1.386	0.722	0.847
10	117	19.171	9.566	1	53	74.083	2794	50	16	28	27.211	5.475	60.273	0.268	4.971	0.201	0.626
11	681	55.160	24.968	2	117	124.912	1636	74	21	51	49.321	17.580	77.412	0.548	2.806	0.356	0.880
12	759	22.692	10.875	0	57	165.095	733	109	32	50	47.419	20.380	63.812	0.350	2.327	0.430	0.782
13	494	20.771	10.303	1	53	128.125	1803	114	22	41	38.572	16.307	69.123	0.378	2.365	0.423	0.771
14	40	12.375	6.920	0	33	28.385	1416	118	7	11	9.242	5.510	72.655	0.624	1.677	0.596	0.741
15	6038	32.635	18.240	0	108	468.759	1003	125	79	146	122.195	62.914	92.732	0.345	1.942	0.515	0.782
16	78	20.231	11.076	2	46	46.284	74	134	10	16	15.242	6.516	102.504	0.458	2.339	0.427	0.650
17	87	14.851	8.719	1	46	46.870	2169	137	12	14	13.121	8.443	70.945	0.498	1.554	0.643	0.710
18	224	34.826	13.253	3	73	61.698	179	144	16	20	19.785	14.415	70.146	0.739	1.373	0.729	0.860
19	34	17.206	10.084	0	39	27.556	1167	146	6	11	10.555	4.101	73.667	0.563	2.574	0.389	0.716
20	2272	43.529	25.436	0	132	238.936	1699	152	45	87	76.127	38.000	82.620	0.500	2.003	0.499	0.867
21	485	35.097	14.492	1	87	110.569	3736	161	19	41	38.897	15.876	81.015	0.499	2.450	0.408	0.816
22	1202	31.448	15.109	1	75	220.693	1641	163	32	73	68.891	22.215	74.334	0.310	3.101	0.322	0.796
23	38	17.921	7.394	4	33	25.314	145	203	5	10	10.176	4.755	74.044	0.745	2.140	0.467	0.884
24	79	31.646	14.059	1	69	39.213	1776	211	10	14	12.572	8.001	93.987	0.646	1.571	0.636	0.790
25	106	30.132	11.596	5	62	41.456	1404	233	11	14	12.999	10.382	97.927	0.775	1.252	0.799	0.845
26	4639	19.412	11.180	0	78	382.960	1562	233	65	107	100.198	58.949	77.230	0.397	1.700	0.588	0.874
27	6100	19.206	9.694	0	74	500.600	929	243	74	140	128.003	60.676	81.338	0.306	2.110	0.474	0.854
28	368	25.943	13.789	1	76	98.326	2830	243	17	37	31.141	15.046	94.007	0.478	2.070	0.483	0.792
29	350	33.426	15.133	1	76	87.113	1	253	14	34	33.023	13.495	89.034	0.580	2.447	0.409	0.893
30	54	14.556	7.427	1	38	36.385	1278	293	11	10	10.349	6.644	52.414	0.513	1.558	0.642	0.679
31	498	39.902	19.521	1	115	101.154	3491	320	25	30	27.701	22.890	99.970	0.612	1.210	0.826	0.838
32	20540	18.750	10.271	0	71	989.502	3252	325	166	216	194.774	134.270	58.809	0.264	1.451	0.689	0.869
33	72	20.389	8.818	2	42	38.627	116	330	8	14	13.264	6.911	71.663	0.606	1.919	0.521	0.809
34	1775	20.887	10.613	0	77	225.865	240	330	39	77	72.764	31.059	74.591	0.437	2.343	0.427	0.852
35	75	24.480	9.879	0	46	35.556	1257	331	10	11	11.693	8.166	103.538	0.745	1.432	0.698	0.833
36	747	41.111	17.684	2	95	121.054	424	333	34	32	36.783	25.857	30.302	0.641	1.423	0.703	0.874
37	1667	19.086	9.818	0	56	332.576	2909	333	48	71	58.128	36.514	88.063	0.189	1.592	0.628	0.711
38	130	29.523	12.384	2	63	48.870	2357	339	13	17	16.737	9.890	105.216	0.684	1.692	0.591	0.800
39	1298	17.253	9.281	0	60	216.208	741	342	35	68	64.876	25.474	72.015	0.349	2.547	0.393	0.803
40	44	12.591	7.839	2	31	41.799	2945	344	9	16	13.685	4.094	66.709	0.316	3.343	0.299	0.537
41	145	36.145	15.580	1	75	54.284	1986	377	12	19	17.242	10.708	92.347	0.618	1.610	0.621	0.797
42	2360	17.854	8.895	0	49	279.563	3952	393	43	86	82.851	36.268	77.926	0.379	2.284	0.438	0.852
43	17	18.647	5.601	7	31	26.728	2151	395	9	7	6.550	3.304	27.943	0.299	1.982	0.504	0.436
44	78	15.372	6.849	3	31	56.527	2145	402	10	18	14.138	7.025	71.437	0.307	2.013	0.497	0.584
45	35	22.229	11.022	5	52	22.485	351	408	5	8	8.516	5.233	87.458	0.870	1.627	0.615	0.933
46	300	19.800	10.206	1	50	107.154	192	415	28	24	28.883	13.225	149.115	0.328	2.184	0.458	0.708
47	1742	27.095	13.890	0	80	255.765	1355	429	38	88	82.384	26.923	76.626	0.335	3.060	0.327	0.803
48	39	15.359	8.576	2	33	30.385	79	430	9	10	11.405	4.354	58.795	0.531	2.620	0.382	0.655
49	1221	49.634	23.330	3	110	160.853	1200	432	31	59	55.165	28.181	91.096	0.593	1.957	0.511	0.884
50	30	14.900	6.588	3	29	29.799	721	441	7	10	7.093	5.386	86.373	0.425	1.317	0.759	0.600
51	350	28.391	13.999	2	76	113.054	88	449	19	44	36.879	12.084	70.024	0.344	3.052	0.328	0.701
52	1391	43.777	20.817	1	104	196.652	2581	462	37	68	66.315	26.707	72.341	0.452	2.483	0.403	0.855
53	131	19.702	10.308	1	49	50.527	3850	464	17	13	15.491	10.767	165.337	0.645	1.439	0.695	0.782
54	654	16.521	9.340	0	65	189.966	1071	468	26	58	52.733	15.791	72.825	0.228	3.339	0.299	0.670
55	236	36.136	13.613	6	78	75.255	884	491	15	27	24.144	12.446	94.707	0.524	1.940	0.515	0.796
56	160	25.200	9.403	4	47	60.184	2387	499	13	22	20.833	9.779	104.535	0.555	2.131	0.469	0.800
57	97	25.010	10.289	1	51	44.042	3578	502	9	17	14.542	8.493	86.656	0.628	1.712	0.584	0.815
58	30	14.767	6.388	3	27	35.799	2803	504	10	7	7.860	4.859	23.463	0.294	1.618	0.618	0.545
59	976	27.926	14.909	1	72	190.167	3118	508	26	66	64.506	19.265	78.482	0.339	3.348	0.299	0.828
60	59	14.203	6.381	3	31	41.456	2807	511	11	11	9.535	7.879	82.325	0.431	1.210	0.826	0.624
61	81	31.679	12.447	6	61	39.799	2329	515	9	15	15.234	6.770	72.151	0.643	2.250	0.444	0.810
62	1711	26.994	14.393	0	80	217.137	406	520	39	76	75.015	29.041	74.364	0.456	2.583	0.387	0.877
63	78	33.910	11.215	15	63	38.627	3648	524	11	12	10.990	9.037	91.343	0.657	1.216	0.822	0.772
64	42	26.524	11.286	4	48	27.799	3627	549	9	9	7.977	6.704	37.765	0.683	1.190	0.840	0.724
65	131	32.939	13.683	6	74	55.113	3194	559	11	21	18.941	8.806	94.667	0.542	2.151	0.465	0.749
66	955	39.584	17.746	0	99	144.610	2450	563	34	45	43.130	28.193	111.699	0.574	1.530	0.654	0.855
67	20	13.550	6.353	4	26	17.899	2661	578	4	7	6.398	3.980	96.988	0.784	1.608	0.622	0.833
68	218	25.358	12.602	0	63	66.184	2045	587	16	24	21.069	13.174	98.640	0.625	1.599	0.625	0.796
69	30	17.700	9.094	1	38	22.971	3839	588	6	8	7.605	5.023	99.657	0.714	1.514	0.660	0.759
70	310	31.452	15.505	2	71	102.569	1159	597	18	40	39.911	9.890	72.712	0.370	4.036	0.248	0.765
71	179	27.765	11.711	0	61	55.456	2751	619	16	16	19.361	11.772	132.963	0.731	1.645	0.608	0.859
72	39	10.462	6.688	1	30	40.971	193	625	8	11	8.341	5.953	94.326	0.292	1.401	0.714	0.591
73	17	16.235	8.850	3	35	20.485	181	630	4	8	5.640	3.838	98.985	0.509	1.469	0.681	0.694
74	463	30.734	14.252	3	68	93.740	3356	630	19	35	33.641	17.524	99.696	0.662	1.920	0.521	0.882
75	76	18.750	8.476	2	36	40.042	3027	633	9	14	13.011	7.437	89.698	0.596	1.750	0.572	0.768
76	119	30.235	13.075	4	65	49.113	3478	636	13	16	13.481	11.239	73.407	0.620	1.200	0.834	0.773
77	68	11.132	5.997	0	25	61.113	181	640	18	11	13.319	6.501	153.225	0.229	2.049	0.488	0.477
78	175	29.886	12.309	2	66	59.456	3435	656	11	23	20.939	10.641	88.661	0.622	1.968	0.508	0.868
79	1127	37.374	17.804	1	101	177.823	3504	669	28	64	61.151	23.466	79.560	0.448	2.606	0.384	0.848
80	46	26.826	9.236	6	45	26.728	1233	691	6	10	9.994	5.860	102.903	0.809	1.705	0.586	0.876
81	49	20.592	8.326	6	41	34.385	3017	697	6	13	12.341	5.055	98.517	0.521	2.441	0.410	0.742
82	246	37.000	13.808	6	69	69.355	537	700	16	26	25.019	12.519	65.967	0.643	1.999	0.500	0.842
83	490	40.896	19.161	1	91	98.326	1350	707	24	34	32.877	18.976	111.494	0.637	1.733	0.577	0.856
84	2296	15.428	8.182	0	50	336.090	254	723	47	84	75.047	38.954	93.609	0.255	1.927	0.519	0.788
85	57	21.842	9.356	4	48	30.142	2663	726	7	11	11.503	6.309	83.020	0.788	1.823	0.548	0.870
86	708	45.049	21.389	1	110	148.610	3827	732	21	52	49.253	18.302	84.733	0.403	2.691	0.372	0.838
87	159	18.975	9.195	2	48	65.941	1170	745	13	23	19.663	10.296	72.585	0.460	1.910	0.524	0.757
88	44	21.886	10.473	2	40	24.728	3165	758	8	7	8.150	6.874	20.580	0.904	1.186	0.844	0.889
89	9869	21.437	11.542	0	75	697.838	870	764	103	168	149.513	84.044	100.921	0.255	1.779	0.562	0.770
90	581	23.410	10.024	0	54	180.811	3986	769	13	76	64.904	11.398	88.710	0.223	5.695	0.176	0.786
91	1117	47.499	22.780	1	118	170.853	115	776	34	54	50.905	27.939	75.439	0.481	1.822	0.549	0.824
92	25	6.320	3.955	2	21	24.385	1967	776	7	8	8.257	3.855	63.882	0.528	2.142	0.467	0.625
93	3103	36.420	18.955	1	100	323.120	2162	783	67	88	75.482	52.342	97.042	0.373	1.442	0.693	0.776
94	18	13.611	6.757	1	25	18.728	2161	784	5	7	6.206	3.693	87.239	0.645	1.680	0.595	0.692
95	23	24.174	11.484	2	44	22.728	374	797	5	9	7.658	3.824	76.989	0.560	2.002	0.499	0.719
96	7467	22.177	12.279	0	77	509.730	2543	808	87	121	114.890	82.751	101.450	0.361	1.388	0.720	0.873
97	3196	43.865	31.196	0	140	255.664	2363	821	77	62	73.122	55.651	161.717	0.614	1.314	0.761	0.890
98	17	19.647	5.012	12	28	18.728	3139	839	6	6	5.436	3.982	129.996	0.609	1.365	0.732	0.654
99	71	29.254	9.522	8	50	33.556	390	854	8	12	11.481	7.874	103.563	0.792	1.458	0.686	0.855
100	2818	16.842	9.129	0	58	347.019	975	874	53	84	77.814	46.110	107.404	0.294	1.688	0.593	0.846
101	4376	20.643	9.935	0	83	407.931	497	880	67	100	95.817	58.149	73.544	0.330	1.648	0.607	0.853
102	54	32.981	12.176	4	61	31.213	375	883	8	12	10.684	6.435	107.127	0.697	1.660	0.602	0.783
103	94	24.436	10.602	5	55	45.698	1629	887	13	14	14.175	8.443	128.486	0.566	1.679	0.596	0.767
104	986	36.825	18.796	1	88	131.196	156	891	40	40	37.751	33.255	152.177	0.720	1.135	0.881	0.889
105	115	43.235	15.619	7	75	45.456	3597	908	12	15	14.109	10.378	82.351	0.699	1.359	0.736	0.827
106	1804	47.055	24.061	2	125	228.066	1764	917	28	90	90.426	25.401	85.945	0.436	3.560	0.281	0.880
107	26	25.308	9.561	8	49	19.899	3567	925	5	6	6.733	4.916	77.949	0.825	1.370	0.730	0.881
108	30	18.133	8.939	2	40	23.314	3247	955	6	8	6.654	5.741	73.259	0.694	1.159	0.863	0.769
109	25	24.120	9.266	11	43	23.314	3795	957	4	10	8.488	3.750	84.248	0.578	2.263	0.442	0.794
110	108	22.417	10.914	2	51	50.284	787	964	10	19	18.028	7.628	76.848	0.537	2.364	0.423	0.771
111	1317	43.743	22.711	2	114	206.551	1006	982	42	62	53.940	31.087	87.389	0.388	1.735	0.576	0.784
112	403	66.985	26.121	7	121	84.426	3813	998	18	33	31.516	16.281	84.022	0.710	1.936	0.517	0.909
113	191	56.141	18.756	8	105	57.113	338	1056	16	17	17.161	14.171	123.028	0.736	1.211	0.826	0.864
114	79	27.582	9.774	9	55	40.870	1573	1056	9	15	14.166	7.101	85.661	0.594	1.995	0.501	0.763
115	312	32.522	13.533	2	73	87.841	3406	1061	17	31	30.401	13.067	82.266	0.508	2.326	0.430	0.814
116	7344	20.264	10.466	0	71	568.541	947	1108	84	146	144.177	64.855	107.450	0.286	2.223	0.450	0.863
117	22	19.727	8.691	4	36	18.728	259	1119	5	7	7.162	3.911	56.556	0.788	1.831	0.546	0.772
118	19	14.000	6.464	5	23	20.142	3451	1127	4	8	7.537	3.210	101.446	0.589	2.348	0.426	0.717
119	821	32.857	16.337	1	84	148.510	772	1135	32	52	42.400	24.654	113.205	0.468	1.720	0.581	0.781
120	74	44.662	18.967	5	83	35.456	3351	1135	12	11	10.817	8.711	146.851	0.740	1.242	0.805	0.804
121	28	12.643	5.201	1	23	31.799	1921	1137	7	10	8.807	4.048	69.124	0.348	2.176	0.460	0.560
122	461	32.837	14.548	2	75	92.912	3024	1170	20	35	33.791	17.370	77.405	0.671	1.945	0.514	0.885
123	78	13.077	8.778	0	41	59.698	921	1189	12	20	17.368	5.718	67.518	0.275	3.037	0.329	0.527
124	1613	13.802	7.895	0	52	395.203	321	1198	58	67	54.125	37.944	56.846	0.130	1.426	0.701	0.669
125	17	8.294	4.497	3	19	29.314	316	1201	11	6	7.492	2.889	35.110	0.249	2.593	0.386	0.410
126	269	25.606	13.931	3	80	79.841	95	1213	16	27	26.197	13.074	82.857	0.530	2.004	0.499	0.797
127	14690	40.678	25.133	0	142	862.389	822	1225	169	198	185.119	101.037	132.448	0.248	1.832	0.546	0.712
128	204	26.074	12.480	3	74	59.012	3808	1226	15	22	20.836	12.466	84.322	0.736	1.671	0.598	0.845
129	254	68.051	22.501	2	125	61.113	1388	1227	17	20	20.153	16.048	96.983	0.855	1.256	0.796	0.906
130	392	29.370	15.618	0	68	89.841	1897	1232	29	20	30.798	16.206	170.564	0.610	1.900	0.526	0.832
131	3906	46.389	26.491	1	136	313.806	3066	1238	55	119	111.384	44.650	80.529	0.498	2.495	0.401	0.874
132	15471	23.827	14.196	0	95	765.151	3354	1256	124	181	164.305	119.889	89.101	0.332	1.370	0.730	0.827
133	16	5.062	5.507	0	21	15.899	197	1265	4	6	6.598	3.088	108.406	0.795	2.137	0.468	0.842
134	37	17.108	7.582	3	33	26.971	1342	1277	9	8	7.102	6.633	177.833	0.639	1.071	0.934	0.712
135	1637	41.888	21.114	0	127	203.037	86	1279	41	70	66.388	31.395	104.297	0.499	2.115	0.473	0.843
136	185	32.281	13.613	0	71	68.184	2152	1279	12	26	24.195	9.736	81.437	0.500	2.485	0.402	0.768
137	48	16.688	7.529	3	31	31.799	1325	1280	8	12	10.660	5.733	80.328	0.597	1.859	0.538	0.722
138	31	22.516	14.644	6	69	30.971	797	1294	8	8	6.967	5.665	100.085	0.406	1.230	0.813	0.596
139	65	34.169	9.946	12	56	30.971	2209	1305	10	9	9.496	8.715	40.489	0.852	1.090	0.918	0.855
140	173	24.347	12.005	0	62	76.184	1837	1308	15	27	20.546	10.721	79.212	0.375	1.916	0.522	0.684
141	72	13.819	8.182	1	40	55.355	555	1326	11	18	13.329	6.877	82.390	0.295	1.938	0.516	0.529
142	569	12.325	6.552	1	37	163.924	1352	1341	29	40	39.225	18.469	69.317	0.266	2.124	0.471	0.697
143	309	22.272	9.472	3	52	98.083	1795	1352	15	33	30.032	13.101	85.657	0.404	2.292	0.436	0.784
144	485	38.509	16.446	1	89	103.740	2232	1371	30	27	34.302	18.002	38.613	0.566	1.905	0.525	0.849
145	119	25.387	11.100	1	56	50.870	77	1379	16	15	19.395	7.812	134.392	0.578	2.483	0.403	0.753
146	198	27.884	12.431	4	65	60.527	2449	1379	18	16	17.902	14.083	1.435	0.679	1.271	0.787	0.832
147	187	39.112	16.082	0	83	64.527	1439	1401	13	24	23.094	10.310	85.726	0.564	2.240	0.446	0.797
148	46	22.152	9.312	3	43	28.385	520	1407	7	11	9.598	6.102	100.825	0.717	1.573	0.636	0.780
149	96	51.271	16.574	9	89	43.456	2100	1413	11	14	13.170	9.281	107.570	0.639	1.419	0.705	0.803
150	353	35.983	14.880	4	72	96.569	270	1431	22	32	31.503	14.267	116.460	0.476	2.208	0.453	0.777
151	80	36.500	18.675	7	93	40.627	3540	1436	8	16	14.511	7.020	93.890	0.609	2.067	0.484	0.800
152	5282	32.702	18.462	0	95	330.049	1041	1438	77	100	94.853	70.902	75.429	0.609	1.338	0.747	0.898
153	136	44.368	13.573	4	75	49.113	1350	1442	15	16	14.081	12.298	142.564	0.709	1.145	0.873	0.805
154	76	47.961	13.592	8	72	33.556	995	1449	10	10	11.103	8.716	53.979	0.848	1.274	0.785	0.894
155	84	23.048	9.802	2	46	37.799	542	1465	10	13	12.501	8.556	105.409	0.739	1.461	0.684	0.816
156	31	34.194	14.662	8	75	21.314	918	1466	7	6	6.728	5.866	168.528	0.858	1.147	0.872	0.849
157	1462	38.417	19.655	1	114	174.267	476	1468	40	64	61.890	30.077	109.959	0.605	2.058	0.486	0.862
158	602	13.387	7.579	0	42	200.652	1406	1488	32	41	32.584	23.524	49.393	0.188	1.385	0.722	0.652
159	91	34.066	13.129	10	73	43.456	138	1497	9	16	15.146	7.650	90.432	0.606	1.980	0.505	0.788
160	16	20.375	8.570	0	32	17.314	1490	1543	5	6	5.347	3.810	44.697	0.671	1.404	0.712	0.727
161	54	34.944	18.614	2	82	28.385	622	1544	8	10	9.255	7.429	73.321	0.842	1.246	0.803	0.857
162	52	16.231	8.604	3	39	43.698	3086	1549	12	10	9.173	7.218	166.600	0.342	1.271	0.787	0.598
163	45	17.644	9.516	4	42	26.142	1484	1559	7	9	8.650	6.624	120.556	0.827	1.306	0.766	0.865
164	451	30.361	14.255	2	74	112.225	3883	1563	33	34	35.789	16.045	137.600	0.450	2.231	0.448	0.737
165	1097	44.440	20.772	0	106	192.167	1161	1568	37	63	60.530	23.075	71.206	0.373	2.623	0.381	0.703
166	291	31.107	12.708	3	70	78.083	343	1581	24	24	28.730	12.896	135.773	0.600	2.228	0.449	0.820
167	378	38.669	17.585	2	92	90.426	251	1585	18	34	29.939	16.076	91.606	0.581	1.862	0.537	0.834
168	21	20.619	8.328	8	34	19.314	2103	1592	5	7	6.852	3.902	76.009	0.707	1.756	0.570	0.750
169	10668	36.814	23.660	0	130	719.495	1693	1617	132	173	165.172	82.235	118.879	0.259	2.009	0.498	0.741
170	1317	16.760	8.617	1	53	173.581	1823	1621	42	50	43.883	38.212	102.651	0.549	1.148	0.871	0.849
171	44	31.795	13.232	8	59	26.142	1033	1652	6	10	9.983	5.612	97.590	0.809	1.779	0.562	0.863
172	1545	59.776	29.061	1	136	175.338	1442	1659	45	51	54.251	36.261	56.855	0.632	1.496	0.668	0.888
173	1123	16.666	9.077	1	59	184.652	895	1673	32	54	49.935	28.634	87.959	0.414	1.744	0.573	0.836
174	516	48.068	21.314	1	102	96.569	3209	1673	27	30	28.543	23.018	60.496	0.695	1.240	0.806	0.864
175	1149	23.394	11.714	0	74	180.894	806	1679	29	64	61.164	23.919	87.223	0.441	2.557	0.391	0.820
176	138	36.442	12.058	5	65	50.284	3865	1702	13	18	17.065	10.297	70.440	0.686	1.657	0.603	0.809
177	138	31.471	12.318	4	62	52.527	383	1709	17	15	18.509	9.493	146.413	0.629	1.950	0.513	0.784
178	3320	18.054	10.242	0	60	373.546	1502	1713	60	96	90.780	46.565	104.094	0.299	1.950	0.513	0.837
179	3831	38.909	24.462	0	141	383.304	113	1716	81	82	79.447	61.397	142.572	0.328	1.294	0.773	0.790
180	186	50.108	21.294	4	102	54.284	1024	1746	13	20	19.296	12.273	95.594	0.793	1.572	0.636	0.905
181	599	15.691	8.693	0	45	192.409	321	1753	32	34	30.916	24.669	52.572	0.203	1.253	0.798	0.669
182	449	29.902	13.060	0	71	87.841	23	1777	29	23	28.623	19.973	155.190	0.731	1.433	0.698	0.875
183	7382	34.485	20.222	0	120	500.257	350	1777	87	135	127.180	73.903	78.245	0.371	1.721	0.581	0.859
184	2025	34.049	16.827	0	90	226.108	1429	1827	56	55	59.767	43.139	42.337	0.498	1.385	0.722	0.868
185	71	22.958	13.293	4	70	44.284	1240	1828	13	14	14.177	6.376	41.182	0.455	2.223	0.450	0.670
186	1341	45.685	24.837	1	111	190.752	764	1833	36	64	56.411	30.267	83.977	0.463	1.864	0.537	0.823
187	226	18.159	9.841	1	51	76.184	2906	1835	17	23	22.530	12.772	77.038	0.489	1.764	0.567	0.750
188	102	16.078	7.926	1	35	49.113	33	1838	10	18	16.045	8.094	94.124	0.531	1.982	0.504	0.739
189	649	43.478	19.557	1	101	113.539	907	1839	30	35	32.220	25.647	111.293	0.633	1.256	0.796	0.832
190	70	25.814	10.965	1	53	41.213	675	1842	7	16	14.463	6.162	89.816	0.518	2.347	0.426	0.773
191	202	32.243	14.578	2	87	68.426	2520	1850	19	22	24.334	10.569	136.296	0.542	2.302	0.434	0.784
192	31	16.355	7.614	4	32	27.556	2838	1854	7	10	7.446	5.301	68.134	0.513	1.405	0.712	0.653
193	36	25.556	8.637	5	46	23.899	507	1856	6	8	7.239	6.332	78.836	0.792	1.143	0.875	0.857
194	1552	35.368	17.124	1	94	230.936	2320	1874	49	58	48.556	40.697	53.368	0.366	1.193	0.838	0.786
195	25	15.240	8.927	3	39	34.142	1423	1877	9	11	7.232	4.401	51.425	0.270	1.643	0.609	0.424
196	23	9.435	4.804	3	24	28.385	1416	1881	7	10	8.388	3.491	116.340	0.359	2.403	0.416	0.489
197	20	22.750	9.164	4	40	20.728	2231	1886	7	6	6.735	3.781	140.348	0.585	1.781	0.561	0.678
198	58	18.914	8.073	5	37	34.385	2676	1895	7	14	14.059	5.253	77.856	0.616	2.676	0.374	0.817
199	16	9.125	4.380	2	16	26.142	690	1906	5	9	6.520	3.125	92.139	0.294	2.087	0.479	0.464
200	41	23.463	9.927	7	45	28.385	336	1915	10	8	8.134	6.418	30.052	0.639	1.267	0.789	0.719
201	161	15.087	8.645	1	46	71.012	328	1927	13	24	20.986	9.768	79.851	0.401	2.148	0.465	0.697
202	250	83.364	28.675	11	145	62.770	1198	1931	17	21	20.977	15.175	64.322	0.797	1.382	0.723	0.887
203	44	9.000	5.126	1	21	51.698	687	1932	17	11	13.460	4.162	25.811	0.207	3.234	0.309	0.413
204	16	11.500	6.387	1	21	22.485	658	1939	10	3	11.079	1.839	7.628	0.398	6.026	0.166	0.696
205	18	11.389	6.185	4	28	15.657	697	1953	3	6	6.770	3.385	90.000	0.923	2.000	0.500	1.000
206	55	34.145	11.653	8	55	29.799	3619	1953	8	11	10.397	6.735	74.639	0.778	1.544	0.648	0.803
207	422	26.242	12.319	0	60	97.740	441	1956	22	33	28.865	18.614	92.871	0.555	1.551	0.645	0.822
208	34	10.294	8.040	0	35	27.799	2536	1967	8	8	7.951	5.445	119.761	0.553	1.460	0.685	0.680
209	7616	30.827	17.466	0	110	521.914	2794	1970	117	104	112.649	86.081	24.060	0.351	1.309	0.764	0.836
210	31	9.323	5.540	1	22	26.971	687	1976	9	8	7.777	5.075	36.013	0.536	1.532	0.653	0.697
211	16	6.562	3.140	1	11	20.728	746	1976	5	7	6.087	3.347	85.385	0.468	1.819	0.550	0.582
212	28	18.571	12.155	2	48	20.142	1666	1977	6	7	6.911	5.159	118.926	0.867	1.340	0.746	0.848
213	30	14.933	8.855	4	38	20.142	783	1979	7	6	7.491	5.099	40.452	0.929	1.469	0.681	0.857
214	39	12.872	6.342	3	26	36.042	703	1982	9	10	8.666	5.730	129.900	0.377	1.512	0.661	0.578
215	20	12.850	7.132	4	30	20.728	767	1983	6	7	5.357	4.754	99.447	0.585	1.127	0.887	0.656
216	30	13.500	6.442	4	26	22.485	1976	1983	5	8	7.655	4.990	110.410	0.746	1.534	0.652	0.882
217	2158	37.730	21.396	0	102	209.480	1130	1985	40	74	73.233	37.519	96.535	0.618	1.952	0.512	0.912
218	18	11.278	4.775	4	20	19.899	719	1986	8	4	6.517	3.517	9.116	0.571	1.853	0.540	0.720
219	17	11.471	4.515	3	17	22.142	727	1987	7	7	6.192	3.496	140.315	0.436	1.771	0.565	0.567
220	17	9.941	5.273	0	20	24.728	781	1989	9	6	6.812	3.177	150.058	0.349	2.144	0.466	0.531
221	17	8.824	5.823	3	23	16.485	793	1991	6	4	5.435	3.982	177.006	0.786	1.365	0.733	0.829
222	160	10.544	5.700	0	27	108.569	705	1992	23	18	17.111	11.906	160.821	0.171	1.437	0.696	0.487
223	200	16.000	7.606	0	39	74.184	2291	1992	18	23	20.960	12.149	123.261	0.457	1.725	0.580	0.714
224	107	14.140	6.874	3	34	83.255	732	1993	13	23	18.022	7.560	85.894	0.194	2.384	0.419	0.498
225	71	18.732	8.732	1	41	49.213	855	1993	12	10	10.965	8.245	47.386	0.368	1.330	0.752	0.670
226	25	14.160	6.229	4	31	36.385	757	1994	8	12	8.139	3.911	119.481	0.237	2.081	0.480	0.439
227	170	12.871	7.581	0	38	67.355	673	1998	15	21	16.423	13.180	103.588	0.471	1.246	0.803	0.719
228	39	13.974	7.822	3	36	38.971	815	1998	13	9	10.826	4.587	19.893	0.323	2.360	0.424	0.523
229	47	10.213	7.259	1	30	30.971	2253	1999	10	9	11.788	5.077	34.366	0.616	2.322	0.431	0.746
230	23	12.478	7.597	0	32	22.971	808	2004	8	7	8.604	3.404	135.832	0.548	2.528	0.396	0.648
231	20	9.950	7.473	1	31	16.728	841	2006	5	6	6.279	4.056	49.687	0.898	1.548	0.646	0.800
232	21	12.762	4.979	3	21	25.556	831	2011	9	6	7.536	3.548	11.603	0.404	2.124	0.471	0.553
233	16	10.000	4.531	3	18	22.142	766	2014	8	6	7.113	2.864	36.676	0.410	2.483	0.403	0.552
234	21	14.286	6.543	4	27	18.728	737	2018	7	5	6.358	4.206	7.685	0.752	1.512	0.662	0.764
235	21	13.333	6.159	5	28	35.213	826	2018	11	8	8.728	3.064	43.246	0.213	2.849	0.351	0.396
236	18	9.500	3.714	2	14	17.899	641	2025	6	5	5.930	3.865	162.298	0.706	1.534	0.652	0.750
237	173	17.867	7.750	0	36	68.426	1613	2029	18	22	19.819	11.114	128.517	0.464	1.783	0.561	0.684
238	471	11.938	7.037	0	38	153.095	3544	2030	28	34	27.789	21.581	89.047	0.253	1.288	0.777	0.678
239	166	31.313	16.127	1	77	78.770	508	2036	19	19	16.642	12.700	89.437	0.336	1.310	0.763	0.648
240	17	10.529	3.760	4	17	22.728	1824	2039	6	8	6.541	3.309	52.526	0.414	1.976	0.506	0.567
241	23	11.435	4.143	5	22	20.142	632	2040	7	6	6.665	4.394	6.063	0.712	1.517	0.659	0.719
242	19	13.158	9.651	0	32	22.728	858	2041	7	5	6.687	3.618	178.979	0.462	1.848	0.541	0.633
243	56	19.107	7.458	6	40	31.213	2514	2041	9	11	9.941	7.172	69.009	0.722	1.386	0.721	0.789
244	79	13.937	8.052	1	40	62.284	649	2043	13	17	13.143	7.653	115.069	0.256	1.717	0.582	0.551
245	16	8.000	4.590	2	19	24.728	884	2043	9	6	6.940	2.936	155.383	0.329	2.364	0.423	0.492
246	469	30.013	13.652	1	71	102.326	985	2052	28	27	27.686	21.569	147.879	0.563	1.284	0.779	0.817
247	16	16.062	7.690	6	31	19.314	697	2055	6	6	7.320	2.783	35.689	0.539	2.630	0.380	0.615
248	25	13.760	5.918	2	24	37.213	857	2055	10	8	7.574	4.203	171.846	0.227	1.802	0.555	0.388
249	24	5.958	3.928	0	16	26.971	841	2057	7	9	8.348	3.661	62.048	0.415	2.280	0.439	0.558
250	25	10.000	4.425	0	18	27.556	719	2065	8	8	8.291	3.839	143.471	0.414	2.160	0.463	0.568
251	114	38.807	13.831	7	73	45.698	2145	2070	12	14	13.628	10.651	77.426	0.686	1.279	0.782	0.820
252	71	9.352	5.188	3	25	75.012	825	2078	10	24	17.262	5.237	85.922	0.159	3.296	0.303	0.434
253	18	14.500	4.246	7	23	26.728	748	2081	7	6	5.562	4.121	177.859	0.317	1.350	0.741	0.507
254	30	10.133	6.279	2	28	49.698	810	2083	11	12	7.887	4.843	61.642	0.153	1.628	0.614	0.316
255	71	12.239	6.677	1	33	81.598	750	2084	19	15	11.130	8.122	31.393	0.134	1.370	0.730	0.359
256	22	9.182	5.917	2	21	34.627	791	2084	13	9	12.474	2.246	30.501	0.231	5.555	0.180	0.440
257	33	12.576	7.159	1	27	28.728	777	2085	11	6	9.823	4.278	22.911	0.502	2.296	0.435	0.688
258	1039	49.128	20.921	0	105	149.196	2942	2087	41	41	43.593	30.347	130.010	0.587	1.436	0.696	0.875
259	36	18.972	9.437	4	42	28.971	1082	2090	7	11	8.386	5.466	113.250	0.539	1.534	0.652	0.686
260	44	13.068	8.563	0	38	44.627	767	2097	12	12	10.831	5.173	134.937	0.278	2.094	0.478	0.473
261	259	12.653	7.599	1	39	122.125	388	2099	25	24	25.058	13.160	45.168	0.218	1.904	0.525	0.623
262	134	29.896	14.758	0	68	57.355	457	2101	15	15	13.378	12.753	6.178	0.512	1.049	0.953	0.751
263	18	7.778	4.008	2	17	26.385	799	2103	9	7	7.283	3.147	33.334	0.325	2.314	0.432	0.439
264	234	15.150	6.981	1	41	102.770	1	2108	11	40	32.702	9.111	89.632	0.278	3.589	0.279	0.715
265	90	45.400	15.454	7	90	38.870	1322	2110	11	14	11.821	9.694	70.497	0.749	1.219	0.820	0.818
266	388	51.585	21.189	3	104	89.355	1358	2113	15	35	35.764	13.813	97.721	0.611	2.589	0.386	0.886
267	33	16.515	7.018	4	29	24.728	2622	2113	9	6	8.868	4.738	27.697	0.678	1.872	0.534	0.795
268	556	28.068	15.087	3	85	129.882	3126	2115	24	38	37.540	18.858	94.322	0.414	1.991	0.502	0.706
269	259	29.471	13.541	2	76	67.598	2002	2118	18	24	21.914	15.048	73.817	0.712	1.456	0.687	0.840
270	97	30.691	12.560	5	61	43.456	1000	2133	12	15	12.741	9.693	68.648	0.645	1.314	0.761	0.764
271	20	15.500	6.589	3	26	18.728	2860	2136	6	6	5.699	4.468	51.879	0.717	1.276	0.784	0.769
272	929	21.510	11.167	0	65	155.924	1525	2139	44	36	47.490	24.907	154.961	0.480	1.907	0.524	0.822
273	24	9.000	4.836	4	19	25.556	2631	2139	8	6	6.604	4.627	165.473	0.462	1.427	0.701	0.615
274	186	57.554	19.059	5	102	50.284	1471	2141	15	16	16.517	14.338	46.160	0.924	1.152	0.868	0.923
275	20	9.300	5.162	3	20	18.728	1009	2144	7	5	6.342	4.015	178.691	0.717	1.579	0.633	0.727
276	3107	22.782	10.220	0	67	255.907	1305	2155	67	69	66.985	59.058	140.863	0.596	1.134	0.882	0.900
277	1298	19.245	9.166	1	54	169.782	1837	2158	42	49	46.145	35.815	109.875	0.566	1.288	0.776	0.860
278	1752	17.742	9.152	0	52	286.978	2917	2160	42	70	63.742	34.996	79.780	0.267	1.821	0.549	0.801
279	18	11.778	6.283	4	27	22.728	81	2191	5	8	5.966	3.841	124.423	0.438	1.553	0.644	0.600
280	343	40.545	17.641	2	78	92.912	1497	2194	27	28	30.389	14.371	140.664	0.499	2.115	0.473	0.742
281	1171	35.375	16.634	1	100	175.338	1538	2222	26	64	63.937	23.319	91.195	0.479	2.742	0.365	0.847
282	58	45.069	10.357	19	65	28.385	1490	2236	8	10	9.568	7.718	106.282	0.905	1.240	0.807	0.885
283	320	56.944	25.324	4	124	77.255	743	2243	20	25	25.880	15.743	126.597	0.674	1.644	0.608	0.872
284	1248	50.285	22.175	2	124	154.853	27	2247	42	40	45.062	35.263	28.177	0.654	1.278	0.783	0.878
285	494	43.921	19.321	3	104	118.953	75	2249	31	29	29.927	21.017	147.799	0.439	1.424	0.702	0.752
286	450	35.878	13.842	0	80	101.397	1114	2249	28	28	25.663	22.327	95.026	0.550	1.149	0.870	0.823
287	883	14.131	8.427	0	46	203.966	2945	2286	40	41	39.718	28.306	127.787	0.267	1.403	0.713	0.716
288	293	19.123	9.688	0	49	104.225	2369	2318	22	30	22.157	16.837	73.653	0.339	1.316	0.760	0.682
289	30	14.067	5.508	1	26	37.799	2471	2319	7	11	7.623	5.011	93.590	0.264	1.521	0.657	0.492
290	25	11.600	7.217	1	27	28.971	2029	2327	10	8	10.354	3.074	32.890	0.374	3.368	0.297	0.549
291	317	48.874	16.455	4	91	73.841	3342	2330	18	26	23.273	17.343	83.135	0.731	1.342	0.745	0.874
292	305	79.807	30.054	7	140	70.184	280	2341	25	18	26.892	14.441	23.273	0.778	1.862	0.537	0.908
293	121	28.198	12.676	3	62	56.426	659	2341	20	17	22.852	6.742	40.645	0.478	3.390	0.295	0.725
294	25	6.920	4.051	1	16	18.142	2729	2346	6	6	6.014	5.293	173.553	0.954	1.136	0.880	0.833
295	4431	16.846	9.081	0	58	459.931	3107	2349	79	106	89.512	63.028	112.262	0.263	1.420	0.704	0.788
296	45	21.578	10.259	2	50	36.042	118	2350	11	9	9.674	5.923	26.818	0.435	1.633	0.612	0.634
297	50	22.300	9.401	6	37	28.385	1918	2354	9	9	9.450	6.737	39.515	0.780	1.403	0.713	0.800
298	1771	16.041	9.025	0	48	260.250	2697	2354	46	59	56.471	39.930	67.893	0.329	1.414	0.707	0.822
299	72	16.083	8.873	2	41	71.598	2799	2355	14	18	11.759	7.796	103.678	0.176	1.508	0.663	0.427
300	18	18.278	7.737	4	33	18.728	2002	2356	5	7	6.446	3.556	60.021	0.645	1.813	0.552	0.720
301	98	45.490	12.369	11	70	40.042	1322	2367	13	12	13.120	9.511	31.839	0.768	1.379	0.725	0.834
302	78	30.513	10.276	9	63	36.385	1423	2376	10	12	12.018	8.264	70.575	0.740	1.454	0.688	0.817
303	1671	45.627	22.765	0	115	198.894	1329	2379	48	53	53.717	39.607	123.912	0.531	1.356	0.737	0.834
304	77	28.974	10.149	2	47	36.627	3341	2382	12	11	11.337	8.648	171.226	0.721	1.311	0.763	0.778
305	1883	49.122	22.138	1	110	206.208	3386	2387	63	57	55.645	43.086	145.862	0.556	1.292	0.774	0.841
306	54	13.537	6.185	3	31	46.870	2819	2395	8	17	14.034	4.899	100.038	0.309	2.864	0.349	0.593
307	761	14.925	8.263	0	47	157.924	3479	2396	40	34	36.676	26.419	29.078	0.383	1.388	0.720	0.759
308	694	55.942	23.311	2	120	111.296	215	2405	37	33	37.281	23.702	144.043	0.704	1.573	0.636	0.866
309	110	59.155	16.842	20	101	41.799	1542	2405	10	15	14.799	9.464	78.906	0.791	1.564	0.639	0.870
310	18	9.722	4.226	1	19	18.142	3316	2414	6	6	6.340	3.615	34.099	0.687	1.754	0.570	0.720
311	43	49.837	13.393	11	76	23.556	629	2425	7	8	7.964	6.875	93.730	0.974	1.158	0.863	0.878
312	52	27.058	13.588	4	55	27.556	3438	2432	8	9	9.450	7.006	50.141	0.861	1.349	0.741	0.867
313	58	66.172	17.391	34	109	48.142	1	2442	5	22	17.422	4.239	93.740	0.314	4.110	0.243	0.758
314	18	10.500	7.278	2	26	19.314	2083	2451	6	6	5.462	4.196	129.512	0.606	1.302	0.768	0.692
315	43	20.721	10.266	1	43	28.385	232	2453	8	10	8.116	6.746	101.427	0.671	1.203	0.831	0.741
316	19978	28.560	20.987	0	146	831.561	2644	2458	146	229	196.155	129.677	81.590	0.363	1.513	0.661	0.812
317	36	25.278	10.951	4	50	22.971	16	2470	8	7	7.521	6.094	31.974	0.857	1.234	0.810	0.837
318	89	21.270	9.927	2	45	42.385	2892	2471	9	15	13.895	8.156	105.323	0.623	1.704	0.587	0.820
319	97	30.577	13.172	1	63	39.456	3890	2479	13	12	12.722	9.708	33.556	0.783	1.310	0.763	0.826
320	2158	23.598	12.048	1	73	233.865	3201	2483	54	60	59.485	46.190	67.818	0.496	1.288	0.776	0.858
321	26	18.462	7.633	1	34	20.728	3943	2490	7	6	7.216	4.587	151.585	0.760	1.573	0.636	0.788
322	28	25.179	8.857	9	42	19.556	1388	2495	7	6	7.812	4.564	29.520	0.920	1.712	0.584	0.836
323	323	25.731	11.814	2	57	88.326	1477	2503	20	28	25.820	15.928	88.697	0.520	1.621	0.617	0.732
324	793	17.651	9.147	1	51	178.167	2842	2504	35	47	41.696	24.215	64.829	0.314	1.722	0.581	0.752
325	209	45.234	14.974	5	84	59.355	3113	2505	20	15	20.195	13.177	17.690	0.745	1.533	0.652	0.862
326	17	12.235	6.119	3	23	16.485	3529	2506	3	7	7.435	2.911	101.310	0.786	2.554	0.392	0.895
327	112	31.071	13.324	4	60	48.870	301	2519	13	14	12.815	11.128	7.890	0.589	1.152	0.868	0.775
328	133	50.940	15.647	9	84	45.698	560	2519	16	13	17.055	9.929	29.013	0.800	1.718	0.582	0.875
329	80	31.750	14.175	5	64	36.042	2115	2526	12	11	10.944	9.308	125.828	0.774	1.176	0.850	0.792
330	64	33.594	15.225	5	80	32.385	1957	2530	8	11	10.375	7.854	67.752	0.767	1.321	0.757	0.853
331	181	64.934	19.165	18	101	52.870	2481	2530	13	19	18.014	12.793	90.288	0.814	1.408	0.710	0.898
332	557	62.072	24.076	2	113	96.326	1383	2533	29	27	30.122	23.544	150.179	0.754	1.279	0.782	0.883
333	39	7.744	3.424	3	14	26.728	1952	2565	6	10	10.197	4.870	93.378	0.686	2.094	0.478	0.796
334	331	52.662	20.402	1	108	76.184	1360	2566	23	20	22.417	18.800	158.964	0.717	1.192	0.839	0.887
335	16	23.500	9.647	3	35	14.485	2579	2566	4	5	5.137	3.966	90.000	0.958	1.295	0.772	0.889
336	16	13.250	6.181	4	25	17.314	2133	2574	4	7	6.809	2.992	70.282	0.671	2.276	0.439	0.744
337	74	21.419	10.174	2	44	48.284	2188	2574	10	15	13.038	7.226	79.404	0.399	1.804	0.554	0.658
338	21	30.095	10.005	12	47	16.728	195	2575	6	5	5.832	4.585	27.791	0.943	1.272	0.786	0.824
339	16	13.312	5.375	3	20	20.142	1959	2577	7	6	7.415	2.748	40.001	0.496	2.699	0.371	0.561
340	436	48.805	22.865	4	100	85.497	1089	2579	24	27	29.061	19.103	53.672	0.750	1.521	0.657	0.898
341	199	45.141	15.502	13	99	62.426	448	2580	18	19	16.491	15.364	62.467	0.642	1.073	0.932	0.809
342	127	39.598	15.660	0	79	46.870	3040	2580	11	18	17.590	9.193	79.361	0.726	1.914	0.523	0.849
343	86	38.930	20.591	2	88	40.042	1	2582	11	13	11.322	9.671	87.775	0.674	1.171	0.854	0.804
344	408	50.973	21.494	4	103	86.912	2556	2583	23	27	25.367	20.479	104.230	0.679	1.239	0.807	0.863
345	22	12.500	6.323	2	25	22.728	1960	2586	7	7	5.465	5.126	8.817	0.535	1.066	0.938	0.647
346	24	12.583	6.128	5	29	20.728	2152	2591	7	6	7.034	4.344	38.432	0.702	1.619	0.618	0.774
347	142	32.423	12.738	4	69	52.284	2827	2596	13	17	16.555	10.921	81.795	0.653	1.516	0.660	0.821
348	1232	41.729	21.150	2	115	165.681	696	2601	46	43	45.285	34.639	26.978	0.564	1.307	0.765	0.841
349	298	16.047	8.555	0	40	97.841	2439	2602	22	23	19.959	19.010	107.728	0.391	1.050	0.952	0.742
350	9466	35.142	22.157	0	136	766.850	1990	2609	115	174	136.191	88.497	99.991	0.202	1.539	0.650	0.730
351	3404	49.330	26.962	0	137	294.392	503	2612	65	91	88.091	49.200	116.170	0.494	1.790	0.559	0.835
352	1023	34.752	19.830	1	102	211.279	278	2623	33	67	62.369	20.884	79.685	0.288	2.986	0.335	0.664
353	118	35.144	14.604	7	66	43.456	1206	2636	11	15	14.944	10.054	103.690	0.785	1.486	0.673	0.868
354	41	23.585	7.173	8	42	24.971	1687	2638	7	9	9.275	5.628	75.029	0.826	1.648	0.607	0.837
355	16	18.562	12.925	7	51	17.899	2568	2641	4	7	6.300	3.234	103.537	0.628	1.948	0.513	0.762
356	252	14.956	7.608	0	41	101.397	3920	2660	21	26	18.588	17.262	73.329	0.308	1.077	0.929	0.658
357	78	44.705	13.567	7	76	35.456	3560	2682	10	13	12.035	8.252	92.380	0.780	1.458	0.686	0.812
358	39	22.128	12.338	1	46	34.971	2162	2683	9	11	9.136	5.435	129.762	0.401	1.681	0.595	0.634
359	392	13.737	7.435	0	39	140.368	1198	2689	30	27	23.912	20.873	18.977	0.250	1.146	0.873	0.662
360	60	30.633	9.003	10	53	33.799	1871	2692	12	9	9.577	7.977	153.560	0.660	1.201	0.833	0.750
361	1217	50.800	25.362	0	136	166.024	1315	2694	55	41	59.460	26.060	29.494	0.555	2.282	0.438	0.848
362	126	67.214	19.696	17	108	44.870	993	2699	12	16	14.985	10.706	71.069	0.786	1.400	0.714	0.863
363	634	14.722	8.145	0	42	172.409	2137	2703	38	31	30.971	26.065	17.299	0.268	1.188	0.842	0.719
364	37	20.378	7.661	4	34	24.971	783	2719	8	8	9.468	4.976	42.592	0.746	1.903	0.526	0.796
365	223	53.175	19.800	5	93	63.113	565	2720	17	20	21.991	12.911	53.642	0.704	1.703	0.587	0.876
366	598	49.296	21.277	2	101	103.740	3018	2731	34	25	34.088	22.336	163.294	0.698	1.526	0.655	0.884
367	33	23.121	6.767	8	35	22.142	1629	2734	6	8	7.213	5.826	87.253	0.846	1.238	0.808	0.835
368	179	62.721	21.521	6	111	55.355	2593	2742	16	19	20.714	11.003	52.669	0.734	1.883	0.531	0.871
369	26	17.885	7.056	5	30	20.728	2873	2747	7	6	7.254	4.564	44.546	0.760	1.589	0.629	0.788
370	41	11.634	8.236	2	33	32.142	3937	2750	5	13	12.964	4.027	98.913	0.499	3.220	0.311	0.759
371	32	26.938	11.387	4	54	24.385	1783	2763	8	8	8.770	4.646	43.632	0.676	1.888	0.530	0.753
372	5329	25.704	13.038	0	80	404.174	2654	2771	96	102	119.676	56.695	44.066	0.410	2.111	0.474	0.854
373	425	18.151	8.862	1	47	110.569	396	2772	24	33	26.489	20.428	60.806	0.437	1.297	0.771	0.746
374	5620	21.422	10.282	0	65	487.286	935	2792	132	85	129.428	55.286	158.601	0.297	2.341	0.427	0.771
375	53	20.943	7.086	1	34	28.971	1637	2796	9	9	8.933	7.554	49.173	0.794	1.182	0.846	0.841
376	385	48.216	17.086	8	101	85.841	3692	2807	21	28	24.631	19.901	102.240	0.657	1.238	0.808	0.844
377	323	15.604	8.706	0	42	92.083	2615	2810	24	24	20.939	19.641	77.571	0.479	1.066	0.938	0.756
378	271	17.919	7.928	1	40	86.426	3421	2815	20	27	23.221	14.859	85.459	0.456	1.563	0.640	0.707
379	220	57.459	22.064	6	118	57.941	166	2817	17	18	18.207	15.385	64.265	0.823	1.183	0.845	0.891
380	77	37.169	11.951	16	74	34.971	1762	2822	10	11	12.557	7.807	54.404	0.791	1.608	0.622	0.880
381	37	16.595	7.026	6	32	34.971	1563	2837	8	9	7.767	6.066	30.162	0.380	1.280	0.781	0.602
382	311	38.424	15.651	5	113	78.669	1854	2849	18	26	24.936	15.879	94.057	0.631	1.570	0.637	0.838
383	34	10.794	5.569	1	22	25.556	1490	2868	9	7	9.759	4.436	30.041	0.654	2.200	0.455	0.747
384	2203	22.747	11.611	0	79	307.463	2633	2872	42	101	95.180	29.470	100.158	0.293	3.230	0.310	0.749
385	96	21.646	9.554	4	41	48.042	183	2882	11	18	17.876	6.838	64.379	0.523	2.614	0.382	0.784
386	344	25.125	12.347	0	67	88.669	1975	2890	22	27	24.053	18.210	89.808	0.550	1.321	0.757	0.777
387	53	30.264	13.097	1	51	30.627	1827	2891	10	10	9.539	7.074	63.118	0.710	1.348	0.742	0.746
388	8848	27.185	14.307	0	98	611.127	761	2893	136	106	129.296	87.130	152.394	0.298	1.484	0.674	0.796
389	1553	43.084	19.925	0	103	176.894	3802	2893	44	60	52.754	37.482	97.506	0.624	1.407	0.711	0.854
390	1313	48.083	21.361	0	111	163.095	1433	2901	49	39	48.838	34.231	9.077	0.620	1.427	0.701	0.875
391	196	41.923	15.223	10	77	58.770	896	2934	18	19	17.870	13.965	121.948	0.713	1.280	0.781	0.818
392	155	29.955	13.314	1	69	50.527	1642	2943	16	16	16.220	12.167	48.874	0.763	1.333	0.750	0.840
393	59	31.237	16.319	4	66	34.627	3388	2952	14	8	12.916	5.816	18.511	0.618	2.221	0.450	0.766
394	332	38.771	17.338	0	85	73.355	140	2954	24	19	24.502	17.252	156.182	0.775	1.420	0.704	0.885
395	38	34.526	10.379	13	61	22.971	2041	2964	8	7	7.492	6.458	38.810	0.905	1.160	0.862	0.835
396	144	49.361	15.373	8	88	45.698	2617	2965	14	14	14.072	13.029	133.471	0.867	1.080	0.926	0.892
397	21	19.333	7.780	9	40	20.142	1813	2972	6	7	5.996	4.460	95.198	0.650	1.344	0.744	0.689
398	45	28.422	8.848	10	47	25.556	699	2978	8	8	8.408	6.814	56.777	0.866	1.234	0.810	0.849
399	109	37.468	10.902	8	68	40.042	59	2979	12	12	12.042	11.525	126.718	0.854	1.045	0.957	0.879
400	289	59.104	22.269	8	120	97.598	479	2979	33	20	24.934	14.758	23.563	0.381	1.690	0.592	0.685
401	27	50.074	23.534	16	91	31.899	3486	2996	15	3	12.370	2.779	179.785	0.333	4.451	0.225	0.794
