 	Area	Mean	StdDev	Min	Max	Perim.	BX	BY	Width	Height	Major	Minor	Angle	Circ.	AR	Round	Solidity
1	1577	14.425	7.666	0	47	236.167	1935	1	67	34	62.683	32.033	8.796	0.355	1.957	0.511	0.850
2	948	16.223	8.866	0	51	160.953	2993	1	36	47	41.565	29.039	69.947	0.460	1.431	0.699	0.820
3	266	18.470	9.311	1	48	85.841	3503	1	15	30	28.778	11.769	81.660	0.454	2.445	0.409	0.776
4	60	23.467	10.851	2	49	48.385	3876	1	14	11	9.577	7.977	170.798	0.322	1.200	0.833	0.538
5	7361	34.907	18.824	0	123	479.345	2654	2	71	165	162.836	57.557	78.809	0.403	2.829	0.353	0.845
6	204	24.069	12.011	2	54	71.941	1816	11	12	29	27.878	9.317	73.075	0.495	2.992	0.334	0.811
7	2327	48.726	26.490	0	132	244.208	717	14	39	98	86.807	34.131	89.879	0.490	2.543	0.393	0.896
8	157	26.280	9.889	4	50	52.284	2424	30	14	17	15.626	12.793	87.851	0.722	1.222	0.819	0.835
9	65	20.692	9.414	2	39	39.799	1380	32	7	15	13.743	6.022	86.550	0.516	2.282	0.438	0.783
10	26	16.346	8.079	2	29	24.728	1951	34	10	5	9.746	3.397	19.447	0.534	2.869	0.349	0.743
11	36	13.500	7.861	1	36	32.385	2996	41	10	7	8.945	5.124	157.781	0.431	1.746	0.573	0.632
12	169	31.527	11.966	2	59	53.698	3890	49	17	15	17.953	11.986	34.740	0.736	1.498	0.668	0.847
13	1740	37.883	19.168	0	106	237.865	3922	51	34	85	74.894	29.581	97.847	0.386	2.532	0.395	0.824
14	170	40.894	16.405	7	85	61.698	104	62	11	25	24.874	8.702	73.732	0.561	2.858	0.350	0.850
15	113	32.168	15.129	3	65	55.355	2463	70	11	22	20.419	7.046	65.164	0.463	2.898	0.345	0.779
16	68	26.824	12.598	1	57	34.627	1171	77	10	12	10.562	8.197	59.317	0.713	1.289	0.776	0.773
17	234	17.658	9.271	1	46	101.983	2290	84	16	39	36.608	8.139	74.382	0.283	4.498	0.222	0.665
18	8492	20.279	11.264	0	80	634.825	1694	90	98	170	165.655	65.270	70.397	0.265	2.538	0.394	0.838
19	469	13.597	7.573	0	38	147.539	3785	93	23	47	41.607	14.352	69.624	0.271	2.899	0.345	0.679
20	1061	37.286	20.024	0	97	192.894	3848	107	43	66	71.289	18.950	59.839	0.358	3.762	0.266	0.791
21	36	13.722	7.393	2	28	30.971	3675	109	6	13	11.423	4.013	82.132	0.472	2.847	0.351	0.667
22	24	17.958	7.469	4	28	23.556	292	111	6	8	7.180	4.256	77.981	0.544	1.687	0.593	0.649
23	48234	17.527	9.581	0	78	1756.251	3233	115	244	372	302.759	202.846	97.560	0.197	1.493	0.670	0.810
24	83	16.386	8.751	1	49	58.184	3045	127	10	20	18.882	5.597	77.105	0.308	3.374	0.296	0.595
25	41	9.049	4.511	2	19	37.799	2528	153	7	14	12.307	4.242	80.423	0.361	2.901	0.345	0.612
26	412	14.570	7.311	0	46	177.581	1103	158	27	49	47.478	11.049	68.675	0.164	4.297	0.233	0.614
27	96	35.385	12.017	7	56	40.042	2177	184	10	14	13.475	9.071	77.032	0.752	1.485	0.673	0.831
28	202	20.787	10.372	1	55	83.012	3424	197	12	28	24.747	10.393	80.048	0.368	2.381	0.420	0.731
29	51	14.471	9.054	0	36	41.799	258	201	8	14	12.617	5.147	81.641	0.367	2.451	0.408	0.618
30	55	10.382	6.612	2	32	58.527	1097	208	11	13	10.689	6.552	57.048	0.202	1.631	0.613	0.482
31	75	24.493	9.506	3	56	51.456	2197	213	8	21	17.465	5.468	78.861	0.356	3.194	0.313	0.670
32	62	18.419	10.753	4	43	43.213	2691	227	6	18	17.029	4.636	81.570	0.417	3.673	0.272	0.756
33	130	12.854	7.931	0	43	75.355	3930	259	15	19	15.537	10.653	105.915	0.288	1.458	0.686	0.622
34	247	12.000	6.558	0	38	131.882	336	269	29	25	26.414	11.906	31.921	0.178	2.218	0.451	0.517
35	67	27.478	12.743	4	53	39.456	1173	271	11	12	11.151	7.650	44.444	0.541	1.458	0.686	0.713
36	17	11.647	3.856	4	17	23.899	3924	277	3	10	9.419	2.298	83.098	0.374	4.099	0.244	0.667
37	1620	30.208	17.969	0	95	344.090	3895	280	53	79	71.473	28.859	62.482	0.172	2.477	0.404	0.659
38	263	12.030	6.586	0	30	194.167	342	288	25	33	24.090	13.901	59.914	0.088	1.733	0.577	0.465
39	380	27.271	11.856	1	63	102.912	1729	291	19	36	33.431	14.473	75.613	0.451	2.310	0.433	0.795
40	20	13.100	3.972	7	21	22.142	336	313	7	6	8.130	3.132	149.377	0.513	2.595	0.385	0.635
41	134	46.082	16.054	3	80	48.870	959	323	11	18	18.390	9.278	76.981	0.705	1.982	0.505	0.845
42	99	24.515	9.034	1	46	45.456	220	328	9	18	16.600	7.593	84.019	0.602	2.186	0.457	0.802
43	275	39.764	15.702	6	79	83.598	1695	329	14	31	29.127	12.021	84.047	0.494	2.423	0.413	0.818
44	52	19.500	8.040	4	37	26.971	1583	341	9	8	8.984	7.370	42.053	0.898	1.219	0.820	0.867
45	96	30.427	11.499	7	57	42.627	1383	350	10	16	17.980	6.798	112.504	0.664	2.645	0.378	0.846
46	1140	18.362	10.097	0	59	262.735	1494	380	35	91	88.688	16.366	71.896	0.208	5.419	0.185	0.754
47	61	30.557	12.488	4	53	31.556	2050	383	7	12	11.098	6.998	77.860	0.770	1.586	0.631	0.865
48	265	21.823	10.359	2	55	90.669	194	390	27	20	28.188	11.970	155.046	0.405	2.355	0.425	0.696
49	19	17.000	6.823	6	28	20.728	1851	392	6	7	6.530	3.705	99.273	0.556	1.762	0.567	0.644
50	123	27.618	12.656	6	62	57.113	3161	409	10	22	22.986	6.813	78.018	0.474	3.374	0.296	0.762
51	352	44.244	19.528	1	93	88.083	1769	414	21	28	26.764	16.746	116.031	0.570	1.598	0.626	0.825
52	3906	42.423	22.002	0	111	308.877	84	418	73	81	78.852	63.071	71.761	0.514	1.250	0.800	0.876
53	3395	43.956	27.414	0	126	392.191	1879	425	42	153	138.928	31.114	80.876	0.277	4.465	0.224	0.821
54	34	9.559	4.756	1	19	21.899	1391	432	6	7	7.493	5.777	100.571	0.891	1.297	0.771	0.895
55	130	29.446	12.713	4	67	60.770	1172	435	13	20	20.637	8.021	112.447	0.442	2.573	0.389	0.693
56	46	21.478	8.521	6	40	34.971	3757	470	6	13	10.674	5.487	83.904	0.473	1.945	0.514	0.724
57	3109	23.269	11.714	0	65	428.032	3532	486	53	148	144.647	27.367	75.548	0.213	5.285	0.189	0.770
58	69	36.841	11.079	12	58	33.799	3649	490	9	12	11.730	7.490	98.564	0.759	1.566	0.639	0.812
59	1758	42.581	20.863	1	101	216.208	165	507	51	61	62.924	35.572	47.912	0.473	1.769	0.565	0.817
60	229	34.389	14.527	2	68	75.255	101	509	18	21	18.816	15.496	55.206	0.508	1.214	0.824	0.768
61	51	30.078	8.736	11	60	28.971	3628	515	10	8	9.227	7.037	172.911	0.764	1.311	0.763	0.810
62	722	13.720	8.441	0	52	238.936	1540	552	32	44	31.912	28.807	94.025	0.159	1.108	0.903	0.629
63	19	8.158	5.928	0	19	18.728	1543	555	6	6	6.610	3.660	127.213	0.681	1.806	0.554	0.745
64	549	54.301	26.941	3	126	108.326	2279	558	23	39	38.599	18.109	74.410	0.588	2.131	0.469	0.861
65	44	10.182	6.596	1	29	45.456	3226	568	8	15	11.611	4.825	81.865	0.268	2.407	0.416	0.478
66	19	18.211	4.837	10	28	20.142	1538	585	7	5	6.024	4.016	166.901	0.589	1.500	0.667	0.655
67	23	13.826	7.024	0	29	20.728	1549	598	8	5	7.152	4.095	5.999	0.673	1.747	0.572	0.742
68	1719	33.158	16.408	0	96	285.765	706	601	37	106	97.188	22.520	78.718	0.265	4.316	0.232	0.800
69	98	28.663	11.420	4	55	52.042	2203	609	10	21	19.142	6.519	75.148	0.455	2.937	0.341	0.721
70	4870	18.794	9.901	0	65	477.772	3580	622	55	160	155.290	39.930	79.190	0.268	3.889	0.257	0.845
71	208	29.423	12.469	2	57	69.355	2089	639	14	27	27.763	9.539	71.951	0.543	2.911	0.344	0.832
72	198	44.914	16.550	0	96	57.698	915	644	15	19	19.083	13.210	77.098	0.747	1.445	0.692	0.872
73	219	19.489	9.856	1	45	76.426	109	648	21	20	19.531	14.276	13.492	0.471	1.368	0.731	0.746
74	17	23.235	9.737	11	39	20.728	3339	648	4	8	7.482	2.893	104.456	0.497	2.586	0.387	0.708
75	42	12.071	7.216	1	26	37.456	1961	657	10	12	11.647	4.591	53.948	0.376	2.537	0.394	0.604
76	23	10.522	4.511	3	20	17.899	804	665	6	5	6.190	4.731	23.209	0.902	1.308	0.764	0.885
77	87	13.241	6.677	0	29	50.042	2937	665	8	20	18.857	5.874	81.375	0.437	3.210	0.312	0.753
78	726	16.804	8.497	0	48	209.137	3493	665	26	79	72.449	12.759	78.079	0.209	5.678	0.176	0.651
79	29	18.828	10.820	3	38	30.385	3245	687	5	12	10.846	3.404	83.013	0.395	3.186	0.314	0.617
80	122	21.049	10.641	0	43	60.184	2581	697	14	18	14.835	10.471	72.930	0.423	1.417	0.706	0.693
81	23	10.348	5.175	1	22	24.142	320	726	6	9	8.079	3.625	105.786	0.496	2.229	0.449	0.613
82	7651	30.104	15.760	0	91	595.612	1689	726	116	182	179.922	54.143	55.957	0.271	3.323	0.301	0.804
83	73	14.836	7.209	2	35	55.355	1279	731	11	16	14.569	6.380	66.280	0.299	2.284	0.438	0.570
84	16	5.938	5.013	0	18	18.728	3491	748	5	6	5.438	3.746	67.115	0.573	1.452	0.689	0.653
85	16	18.875	10.026	4	33	22.142	3283	778	7	6	5.659	3.600	156.092	0.410	1.572	0.636	0.533
86	164	25.335	12.124	0	62	61.941	1928	785	11	25	24.552	8.505	73.959	0.537	2.887	0.346	0.810
87	2620	16.990	9.113	0	55	312.534	3259	785	40	104	102.964	32.399	83.644	0.337	3.178	0.315	0.829
88	270	22.604	12.592	0	58	85.012	1241	789	14	33	30.892	11.128	75.045	0.469	2.776	0.360	0.821
89	21	22.952	10.623	4	49	18.728	2640	793	7	5	6.715	3.982	146.890	0.752	1.686	0.593	0.778
90	781	19.848	11.010	1	58	170.167	2286	825	25	54	47.270	21.037	82.731	0.339	2.247	0.445	0.789
91	2184	22.829	11.861	0	75	286.291	1803	831	52	87	81.394	34.164	65.929	0.335	2.382	0.420	0.816
92	108	14.991	7.853	2	37	54.284	2520	833	10	20	16.239	8.468	102.745	0.461	1.918	0.521	0.725
93	3035	51.349	28.614	1	143	280.735	959	836	57	94	83.271	46.406	77.042	0.484	1.794	0.557	0.823
94	351	69.536	27.675	8	128	90.426	2930	837	15	38	34.802	12.841	79.837	0.539	2.710	0.369	0.874
95	39	20.590	9.835	2	46	35.213	708	842	7	14	10.283	4.829	78.552	0.395	2.129	0.470	0.619
96	41	10.000	7.884	0	32	41.456	2538	855	14	8	12.439	4.197	7.443	0.300	2.964	0.337	0.503
97	203	25.138	10.363	0	61	63.355	2048	858	13	23	23.415	11.038	98.002	0.636	2.121	0.471	0.849
98	161	47.565	14.171	10	78	53.941	3902	859	13	19	17.206	11.914	74.623	0.695	1.444	0.692	0.824
99	102	17.578	9.777	0	51	74.426	827	905	12	30	26.205	4.956	70.515	0.231	5.288	0.189	0.622
100	425	22.042	10.395	0	53	122.225	76	929	20	47	46.097	11.739	72.500	0.357	3.927	0.255	0.800
101	32	18.344	9.293	1	33	21.314	3743	929	7	6	7.184	5.672	40.262	0.885	1.267	0.790	0.877
102	4311	41.620	22.041	1	114	368.434	577	935	68	99	94.130	58.312	108.285	0.399	1.614	0.619	0.821
103	265	55.672	19.659	5	98	73.598	3035	936	16	28	25.931	13.012	66.636	0.615	1.993	0.502	0.853
104	322	49.211	18.031	4	89	80.426	963	938	21	26	28.524	14.373	59.558	0.626	1.985	0.504	0.847
105	1124	29.757	14.280	0	77	215.380	3446	966	35	63	62.381	22.942	74.909	0.304	2.719	0.368	0.687
106	39	23.949	11.960	3	46	24.971	3763	969	6	10	9.202	5.396	80.342	0.786	1.705	0.586	0.812
107	1253	26.470	15.543	0	79	216.794	3025	987	37	60	50.014	31.899	71.708	0.335	1.568	0.638	0.727
108	823	13.005	7.310	0	36	241.179	2913	1011	29	59	51.410	20.383	81.680	0.178	2.522	0.396	0.673
109	36	19.139	7.853	5	39	28.142	3987	1011	5	11	10.335	4.435	83.453	0.571	2.330	0.429	0.774
110	169	30.432	14.059	2	65	60.184	3148	1014	13	21	20.147	10.680	78.211	0.586	1.886	0.530	0.795
111	45	10.244	5.407	0	20	34.142	3795	1017	6	13	13.685	4.187	80.074	0.485	3.269	0.306	0.714
112	1162	25.861	13.058	0	78	233.622	3259	1018	34	81	73.815	20.043	73.127	0.268	3.683	0.272	0.758
113	28	12.679	5.571	3	24	22.385	3802	1025	8	7	6.992	5.099	131.774	0.702	1.371	0.729	0.709
114	318	18.091	10.012	0	54	100.912	306	1042	19	40	39.386	10.280	69.656	0.392	3.831	0.261	0.764
115	15150	17.776	9.377	0	62	885.561	3444	1050	125	183	171.628	112.392	71.124	0.243	1.527	0.655	0.829
116	235	20.894	10.522	0	61	92.083	3740	1071	15	35	33.782	8.857	77.113	0.348	3.814	0.262	0.713
117	108	23.398	9.231	5	51	46.870	2302	1075	13	16	18.621	7.385	58.524	0.618	2.522	0.397	0.806
118	29	17.379	9.930	1	38	22.728	1283	1112	5	9	8.504	4.342	89.724	0.705	1.959	0.511	0.817
119	901	13.099	7.742	0	54	248.250	3361	1112	38	48	44.140	25.990	67.964	0.184	1.698	0.589	0.668
120	39	24.154	8.765	5	44	24.971	3984	1114	7	9	8.578	5.789	72.076	0.786	1.482	0.675	0.796
121	65	26.138	18.453	1	73	39.213	472	1119	7	16	15.106	5.479	78.057	0.531	2.757	0.363	0.765
122	1301	43.842	22.130	1	109	202.409	1095	1126	30	74	67.101	24.686	84.760	0.399	2.718	0.368	0.842
123	87	18.839	10.196	1	51	41.556	2943	1127	8	16	14.396	7.694	90.265	0.633	1.871	0.534	0.845
124	5625	20.035	10.427	0	67	416.759	3080	1146	77	122	120.459	59.456	67.603	0.407	2.026	0.494	0.891
125	623	33.632	16.449	1	83	121.397	119	1151	21	48	43.976	18.038	80.969	0.531	2.438	0.410	0.872
126	568	43.294	20.862	1	92	135.054	248	1181	20	56	54.681	13.226	76.163	0.391	4.134	0.242	0.846
127	4953	23.200	12.994	0	76	548.156	3585	1186	72	153	126.213	49.966	75.157	0.207	2.526	0.396	0.755
128	6368	15.820	8.716	0	60	788.365	705	1216	74	176	176.273	45.997	83.184	0.129	3.832	0.261	0.696
129	556	35.710	15.322	2	88	110.912	1857	1217	31	32	31.924	22.175	48.821	0.568	1.440	0.695	0.816
130	25104	23.939	15.572	0	129	1562.729	1304	1219	168	386	335.363	95.310	72.060	0.129	3.519	0.284	0.677
131	101	31.574	13.520	4	58	42.627	1036	1231	12	13	12.631	10.181	103.633	0.698	1.241	0.806	0.805
132	1641	16.123	8.212	0	54	271.321	188	1246	40	75	71.675	29.151	82.264	0.280	2.459	0.407	0.724
133	18	13.056	6.092	1	20	26.385	3098	1262	6	9	8.109	2.826	115.239	0.325	2.869	0.349	0.462
134	39	16.462	5.799	4	27	30.627	140	1267	8	10	8.903	5.578	73.158	0.522	1.596	0.626	0.655
135	56	21.857	11.570	2	50	41.456	3461	1272	9	16	15.091	4.725	70.300	0.409	3.194	0.313	0.655
136	153	37.203	14.593	4	74	51.698	3244	1280	17	15	15.275	12.753	169.431	0.719	1.198	0.835	0.825
137	288	60.733	30.244	1	144	86.669	1185	1282	16	33	30.519	12.015	75.231	0.482	2.540	0.394	0.811
138	1354	34.066	18.794	0	94	182.066	3504	1291	38	62	57.704	29.876	74.966	0.513	1.931	0.518	0.851
139	876	32.419	15.088	2	86	137.782	263	1321	36	36	37.348	29.864	35.982	0.580	1.251	0.800	0.837
140	588	31.095	16.355	1	80	124.711	1273	1325	24	47	46.193	16.207	71.864	0.475	2.850	0.351	0.836
141	633	25.777	13.754	1	80	141.196	2701	1340	26	49	47.893	16.828	71.958	0.399	2.846	0.351	0.782
142	139	31.770	12.403	4	61	46.627	2331	1350	13	15	13.681	12.936	80.623	0.803	1.058	0.945	0.861
143	410	30.268	14.162	1	74	93.841	1	1352	20	35	34.084	15.316	65.842	0.585	2.225	0.449	0.865
144	549	26.399	14.428	2	89	140.368	3932	1356	27	40	33.877	20.634	121.566	0.350	1.642	0.609	0.706
145	37	15.054	7.652	1	30	30.971	1821	1367	8	11	9.840	4.787	55.012	0.485	2.055	0.487	0.607
146	18252	24.171	13.334	0	76	896.347	2329	1376	108	283	253.686	91.606	83.278	0.285	2.769	0.361	0.884
147	93	17.183	8.824	2	37	48.284	259	1380	11	19	19.293	6.138	54.719	0.501	3.143	0.318	0.769
148	519	20.081	10.106	0	52	119.882	1710	1399	22	45	44.593	14.819	71.493	0.454	3.009	0.332	0.822
149	1106	45.493	21.941	1	119	143.539	138	1402	35	45	44.127	31.913	115.679	0.675	1.383	0.723	0.883
150	78	18.346	8.931	0	42	60.527	3411	1402	12	20	18.873	5.262	71.849	0.268	3.587	0.279	0.527
151	22	16.045	6.890	8	31	27.556	1052	1408	8	7	6.709	4.175	154.150	0.364	1.607	0.622	0.550
152	43	12.814	6.783	1	30	44.284	374	1416	9	15	12.358	4.430	74.132	0.276	2.789	0.358	0.467
153	45	15.511	9.409	3	37	32.627	3160	1417	8	11	10.514	5.449	76.331	0.531	1.929	0.518	0.672
154	129	30.225	11.622	8	57	44.284	3207	1422	14	14	13.671	12.014	53.164	0.827	1.138	0.879	0.872
155	440	41.368	20.566	2	102	91.497	863	1424	20	33	31.077	18.027	85.316	0.660	1.724	0.580	0.886
156	200	11.945	6.889	0	32	82.669	1039	1432	16	23	20.257	12.571	59.910	0.368	1.612	0.621	0.725
157	267	21.375	11.652	0	55	94.326	2795	1433	16	36	33.877	10.035	73.452	0.377	3.376	0.296	0.763
158	30	6.367	4.115	0	18	26.385	1040	1457	9	8	8.850	4.316	36.228	0.542	2.050	0.488	0.659
159	9443	35.545	23.178	0	126	575.227	2432	1469	73	211	195.379	61.538	85.927	0.359	3.175	0.315	0.812
160	26	13.577	8.247	1	31	22.728	1412	1471	5	9	9.253	3.578	66.704	0.633	2.586	0.387	0.754
161	508	34.486	17.728	0	90	94.669	2743	1482	21	35	33.104	19.539	89.223	0.712	1.694	0.590	0.887
162	98	39.704	15.104	5	75	44.042	1848	1491	12	12	11.966	10.427	150.420	0.635	1.148	0.871	0.790
163	2409	50.992	29.331	0	146	248.350	843	1497	58	82	80.713	38.002	66.991	0.491	2.124	0.471	0.808
164	42	22.952	10.732	0	42	26.385	1879	1510	8	9	8.253	6.480	101.843	0.758	1.274	0.785	0.764
165	102	38.775	14.254	4	86	40.971	607	1511	8	16	16.866	7.700	79.867	0.764	2.190	0.457	0.915
166	633	54.630	26.009	2	127	99.740	633	1522	28	32	31.368	25.694	106.743	0.800	1.221	0.819	0.904
167	6711	31.709	19.177	0	128	612.198	3314	1522	79	200	193.209	44.225	73.462	0.225	4.369	0.229	0.785
168	202	17.693	9.562	0	49	87.497	201	1525	16	33	34.623	7.428	69.642	0.332	4.661	0.215	0.700
169	802	14.261	8.186	0	50	189.338	145	1533	30	44	38.791	26.324	74.383	0.281	1.474	0.679	0.753
170	26	9.077	6.693	0	23	22.971	2546	1545	9	6	8.195	4.040	27.905	0.619	2.029	0.493	0.754
171	18	20.278	8.877	4	34	17.314	2942	1546	5	6	6.904	3.320	50.379	0.755	2.080	0.481	0.750
172	307	13.928	8.058	0	37	155.681	2930	1553	21	36	27.967	13.977	89.829	0.159	2.001	0.500	0.574
173	140	31.357	12.280	5	58	50.284	609	1563	15	15	17.344	10.278	46.150	0.696	1.688	0.593	0.824
174	709	15.818	8.532	0	49	144.953	223	1565	27	47	43.607	20.702	71.814	0.424	2.106	0.475	0.792
175	17	15.118	9.610	4	39	17.314	3827	1576	5	6	5.867	3.689	64.468	0.713	1.590	0.629	0.739
176	67	34.358	15.703	5	89	36.042	583	1577	9	14	12.450	6.852	88.006	0.648	1.817	0.550	0.757
177	19	8.684	4.230	1	17	22.728	2930	1586	7	6	6.644	3.641	7.503	0.462	1.825	0.548	0.594
178	166	26.608	12.430	3	56	68.770	890	1587	11	27	26.460	7.988	75.091	0.441	3.313	0.302	0.783
179	51	16.471	10.207	3	40	32.385	153	1596	8	10	10.147	6.399	73.078	0.611	1.586	0.631	0.761
180	24	20.833	8.746	5	36	17.899	2852	1611	5	6	5.924	5.158	70.560	0.941	1.148	0.871	0.889
181	12185	17.990	9.271	0	66	686.080	3196	1623	115	153	146.646	105.795	100.870	0.325	1.386	0.721	0.900
182	21	11.238	5.898	4	24	18.485	3417	1630	4	7	7.576	3.529	91.866	0.772	2.147	0.466	0.857
183	192	21.620	13.279	1	59	85.255	816	1631	17	30	28.576	8.555	65.863	0.332	3.340	0.299	0.692
184	4156	13.947	7.790	0	52	475.973	1425	1668	76	103	85.400	61.963	98.482	0.231	1.378	0.726	0.803
185	8948	21.061	10.701	0	63	596.541	581	1674	76	179	174.443	65.311	81.611	0.316	2.671	0.374	0.881
186	47	11.298	5.718	2	21	35.213	277	1695	9	11	8.241	7.262	74.578	0.476	1.135	0.881	0.631
187	30	22.100	8.087	8	41	23.556	1759	1699	7	8	8.544	4.471	59.153	0.679	1.911	0.523	0.741
188	1916	45.325	23.408	0	113	219.723	2072	1709	36	81	76.387	31.936	86.321	0.499	2.392	0.418	0.876
189	2066	16.253	8.380	0	50	268.492	2749	1713	50	69	64.470	40.802	72.599	0.360	1.580	0.633	0.840
190	35	14.600	9.242	2	40	40.142	273	1714	5	14	13.218	3.371	84.326	0.273	3.921	0.255	0.500
191	3309	36.638	18.861	0	103	313.321	1177	1716	62	100	87.661	48.062	66.538	0.424	1.824	0.548	0.834
192	17	12.412	5.646	1	22	19.314	3401	1737	4	7	7.509	2.882	103.118	0.573	2.605	0.384	0.708
193	18	14.278	9.958	4	32	16.728	1371	1742	5	6	5.490	4.175	82.217	0.808	1.315	0.760	0.766
194	187	22.000	10.134	2	47	65.113	2601	1742	13	25	25.247	9.431	76.588	0.554	2.677	0.374	0.801
195	155	31.232	12.093	4	58	56.527	3719	1742	15	18	18.152	10.872	52.107	0.610	1.670	0.599	0.799
196	46	23.217	11.131	0	51	32.385	2819	1743	12	8	9.512	6.157	16.686	0.551	1.545	0.647	0.681
197	41	18.829	8.031	4	38	31.556	416	1747	7	10	10.979	4.755	81.624	0.517	2.309	0.433	0.689
198	927	41.964	20.209	0	100	154.752	3270	1778	34	51	46.745	25.250	67.542	0.486	1.851	0.540	0.839
199	168	70.315	21.428	13	108	56.770	3419	1778	14	18	17.379	12.308	66.414	0.655	1.412	0.708	0.808
200	267	12.888	6.662	1	34	137.782	1250	1779	18	32	24.370	13.950	79.673	0.177	1.747	0.572	0.582
201	21	12.524	6.096	3	25	20.385	1264	1780	7	7	7.461	3.584	137.351	0.635	2.082	0.480	0.677
202	26	13.885	5.233	5	23	26.728	1375	1796	6	10	7.557	4.380	73.336	0.457	1.725	0.580	0.619
203	144	14.889	7.554	1	41	103.740	1096	1801	21	30	27.051	6.778	53.538	0.168	3.991	0.251	0.478
204	863	27.149	12.621	0	67	163.681	2326	1811	28	63	58.865	18.667	74.188	0.405	3.153	0.317	0.809
205	739	39.539	19.462	1	93	146.953	541	1833	26	57	51.636	18.222	75.551	0.430	2.834	0.353	0.820
206	88	23.841	11.465	3	55	38.627	2184	1836	9	15	14.724	7.610	74.030	0.741	1.935	0.517	0.842
207	542	41.616	18.743	2	90	117.740	1204	1839	25	40	39.531	17.457	72.103	0.491	2.264	0.442	0.765
208	20	9.450	5.256	1	21	29.799	521	1859	5	11	8.848	2.878	85.679	0.283	3.074	0.325	0.500
209	40	16.350	8.699	1	36	32.971	2180	1868	7	13	13.615	3.741	72.492	0.462	3.640	0.275	0.696
210	368	20.277	11.117	0	54	114.811	2244	1900	19	42	40.024	11.707	92.039	0.351	3.419	0.292	0.670
211	318	15.195	8.135	1	38	108.468	862	1911	34	18	29.233	13.851	6.008	0.340	2.111	0.474	0.700
212	10677	36.020	23.648	0	135	551.813	958	1917	130	160	168.036	80.902	52.338	0.441	2.077	0.481	0.845
213	59	13.102	8.170	1	36	40.627	2234	1923	9	14	13.723	5.474	65.606	0.449	2.507	0.399	0.711
214	174	30.598	14.697	1	65	61.113	147	1942	16	20	21.447	10.330	56.536	0.585	2.076	0.482	0.791
215	11221	44.308	27.738	0	151	747.595	407	1953	117	251	236.499	60.410	71.575	0.252	3.915	0.255	0.735
216	2249	50.668	27.034	0	153	264.007	853	1958	48	94	88.062	32.517	73.413	0.405	2.708	0.369	0.847
217	41	25.415	9.429	8	43	24.142	185	1960	6	9	9.057	5.764	95.210	0.884	1.572	0.636	0.872
218	213	25.854	11.132	1	63	70.426	2261	1963	18	23	22.779	11.905	122.900	0.540	1.913	0.523	0.789
219	38	19.895	10.608	2	40	28.385	2899	1966	6	11	10.177	4.754	98.271	0.593	2.141	0.467	0.752
220	35	34.086	10.453	13	59	22.142	2779	1984	7	7	7.140	6.241	63.626	0.897	1.144	0.874	0.843
221	331	38.199	15.148	4	77	75.841	227	1987	21	22	21.806	19.327	126.070	0.723	1.128	0.886	0.875
222	40	14.025	7.202	4	31	32.971	2583	1991	5	14	11.534	4.416	86.580	0.462	2.612	0.383	0.741
223	528	42.617	18.559	1	90	107.983	1561	2009	23	41	38.418	17.499	72.844	0.569	2.195	0.455	0.844
224	23	12.391	6.387	3	31	23.314	1787	2028	4	10	9.384	3.121	78.638	0.532	3.007	0.333	0.742
225	3682	20.253	10.891	0	68	396.960	3020	2035	67	99	81.023	57.861	105.177	0.294	1.400	0.714	0.799
226	3316	16.557	8.708	0	51	423.588	3815	2056	78	100	112.876	37.405	49.616	0.232	3.018	0.331	0.811
227	81	23.704	13.280	3	60	48.284	2265	2061	11	18	16.064	6.420	64.216	0.437	2.502	0.400	0.675
228	3366	35.314	18.145	0	107	342.434	1299	2073	76	76	73.287	58.479	26.483	0.361	1.253	0.798	0.805
229	44	16.864	10.119	2	48	30.728	1312	2074	6	12	10.397	5.388	79.983	0.586	1.929	0.518	0.779
230	705	55.221	26.051	0	128	110.125	2357	2077	32	34	37.294	24.069	46.812	0.731	1.549	0.645	0.900
231	18	19.667	6.097	9	30	16.485	1556	2090	5	5	5.569	4.115	50.569	0.832	1.353	0.739	0.837
232	26	17.115	8.354	4	32	27.556	753	2093	9	5	7.815	4.236	4.643	0.430	1.845	0.542	0.634
233	115	46.400	17.191	5	85	48.627	126	2099	9	19	15.864	9.230	83.700	0.611	1.719	0.582	0.842
234	8620	22.548	10.896	0	72	493.872	2575	2100	93	140	138.354	79.328	77.132	0.444	1.744	0.573	0.911
235	64	35.922	11.303	4	55	29.556	225	2103	8	10	9.952	8.188	102.886	0.921	1.215	0.823	0.895
236	2250	38.827	18.563	1	107	243.966	1705	2113	55	73	68.521	41.809	115.905	0.475	1.639	0.610	0.820
237	141	21.312	9.153	4	46	50.870	3128	2135	13	17	15.124	11.870	81.783	0.685	1.274	0.785	0.829
238	5180	21.732	10.722	0	68	397.688	752	2138	69	112	111.162	59.331	75.488	0.412	1.874	0.534	0.891
239	75	28.787	15.715	3	63	41.213	1326	2152	9	14	14.665	6.512	73.563	0.555	2.252	0.444	0.765
240	5288	40.908	24.076	0	133	400.375	3184	2153	100	102	108.377	62.125	50.302	0.415	1.745	0.573	0.794
241	318	32.535	13.234	2	63	85.841	3020	2157	19	31	28.965	13.979	66.645	0.542	2.072	0.483	0.820
242	47	30.681	10.457	10	55	28.971	2732	2179	8	10	9.996	5.987	54.611	0.704	1.670	0.599	0.797
243	132	31.826	13.917	4	65	51.698	135	2185	12	18	16.811	9.997	92.973	0.621	1.682	0.595	0.786
244	33103	17.821	10.265	0	73	1247.367	1666	2190	215	261	236.712	178.056	110.512	0.267	1.329	0.752	0.879
245	56	33.375	15.090	6	61	29.799	538	2195	8	11	11.685	6.102	108.978	0.792	1.915	0.522	0.836
246	41	12.049	5.390	0	31	42.870	3387	2201	8	16	12.244	4.264	69.974	0.280	2.872	0.348	0.519
247	43432	26.240	17.192	0	115	1580.871	2729	2241	220	497	482.525	114.604	69.499	0.218	4.210	0.238	0.807
248	780	30.079	14.490	1	84	147.439	3370	2241	40	42	46.594	21.314	46.295	0.451	2.186	0.457	0.825
249	487	47.772	22.450	2	112	95.397	3415	2255	32	25	28.530	21.734	14.551	0.672	1.313	0.762	0.833
250	20	20.750	9.973	8	43	16.728	3628	2257	5	6	6.427	3.962	48.179	0.898	1.622	0.617	0.816
251	17	14.765	9.934	1	39	15.314	2717	2262	5	5	5.433	3.984	139.308	0.911	1.364	0.733	0.829
252	130	36.823	12.994	8	74	51.941	671	2268	16	15	15.399	10.749	18.405	0.606	1.433	0.698	0.754
253	337	56.039	21.446	5	117	89.497	1062	2276	19	31	33.912	12.653	68.985	0.529	2.680	0.373	0.809
254	168	34.321	11.621	2	63	55.698	1249	2286	14	19	18.682	11.450	64.085	0.681	1.632	0.613	0.842
255	553	24.127	12.237	0	69	164.752	3809	2297	28	47	44.052	15.983	68.353	0.256	2.756	0.363	0.694
256	1076	47.475	21.205	1	114	171.095	481	2298	33	59	53.217	25.744	79.393	0.462	2.067	0.484	0.827
257	19	22.211	10.075	6	43	17.899	2543	2320	4	7	7.272	3.327	67.302	0.745	2.186	0.458	0.864
258	502	32.964	16.783	0	86	88.083	2818	2335	24	30	27.396	23.331	88.971	0.813	1.174	0.852	0.903
259	131	43.725	15.421	9	87	44.870	3422	2341	13	15	15.027	11.099	60.294	0.818	1.354	0.739	0.862
260	36	19.028	9.370	5	43	29.213	1297	2342	8	11	11.168	4.104	63.142	0.530	2.721	0.368	0.699
261	352	23.793	10.769	3	61	92.569	1961	2347	19	32	30.970	14.472	71.823	0.516	2.140	0.467	0.791
262	1093	11.967	7.294	0	42	250.936	1437	2366	47	44	41.533	33.507	170.076	0.218	1.240	0.807	0.702
263	1766	18.811	10.294	0	68	276.392	2071	2369	39	77	70.848	31.738	77.062	0.291	2.232	0.448	0.810
264	82	41.537	13.782	4	76	36.385	2001	2376	9	13	13.008	8.026	82.168	0.778	1.621	0.617	0.854
265	28	21.286	9.392	1	51	24.385	3021	2377	7	7	6.438	5.538	50.458	0.592	1.163	0.860	0.691
266	23	10.870	5.779	1	21	19.314	3503	2377	6	6	5.667	5.167	63.491	0.775	1.097	0.912	0.780
267	182	25.764	13.645	1	66	63.598	3771	2387	14	24	24.081	9.623	69.705	0.565	2.503	0.400	0.824
268	58	15.931	8.368	5	47	39.456	3102	2393	9	14	14.709	5.020	65.532	0.468	2.930	0.341	0.703
269	114	30.570	14.600	3	75	49.456	1879	2399	11	17	15.594	9.308	89.246	0.586	1.675	0.597	0.784
270	49	7.551	3.612	0	15	52.770	3313	2399	13	13	9.565	6.523	35.850	0.221	1.466	0.682	0.438
271	3260	16.465	8.769	0	55	322.434	2568	2402	70	77	72.198	57.491	58.837	0.394	1.256	0.796	0.854
272	31	9.290	4.839	0	23	24.142	1688	2404	9	5	8.141	4.849	172.726	0.668	1.679	0.596	0.775
273	214	29.949	13.154	2	65	72.426	2941	2419	19	22	21.829	12.482	57.643	0.513	1.749	0.572	0.771
274	103	15.981	8.561	2	44	44.284	2199	2421	11	17	15.538	8.440	115.529	0.660	1.841	0.543	0.789
275	44	21.682	10.396	5	51	31.799	620	2426	6	12	11.080	5.056	89.992	0.547	2.192	0.456	0.739
276	160	48.725	19.456	8	87	56.527	2995	2432	11	23	21.262	9.581	87.018	0.629	2.219	0.451	0.831
277	826	25.265	13.038	2	62	195.238	1009	2434	30	75	77.164	13.629	72.860	0.272	5.662	0.177	0.769
278	305	39.656	16.404	1	81	74.669	41	2435	21	20	21.812	17.804	26.853	0.687	1.225	0.816	0.860
279	26423	20.686	13.452	0	75	1127.568	1153	2440	197	225	233.289	144.211	66.852	0.261	1.618	0.618	0.865
280	152	30.105	10.350	2	57	48.284	2921	2441	13	16	14.908	12.982	81.460	0.819	1.148	0.871	0.864
281	28	20.893	10.891	2	44	20.142	433	2442	7	6	7.274	4.901	35.191	0.867	1.484	0.674	0.848
282	18	16.333	8.182	3	35	17.314	803	2464	6	5	5.695	4.025	31.386	0.755	1.415	0.707	0.783
283	391	43.171	15.522	5	93	84.326	2522	2465	22	29	28.070	17.736	65.635	0.691	1.583	0.632	0.863
284	1221	22.101	11.813	1	70	439.144	3606	2465	78	168	166.890	9.315	66.232	0.080	17.916	0.056	0.474
285	921	18.333	9.826	0	58	176.894	746	2470	35	53	50.276	23.324	73.109	0.370	2.156	0.464	0.774
286	5136	18.880	9.414	0	58	526.642	547	2489	95	123	128.248	50.990	52.632	0.233	2.515	0.398	0.825
287	212	42.821	19.843	4	95	69.113	1172	2512	12	27	26.400	10.225	83.610	0.558	2.582	0.387	0.815
288	49	22.551	9.217	4	42	33.556	3013	2513	7	12	10.971	5.687	97.582	0.547	1.929	0.518	0.810
289	206	35.888	14.089	5	82	61.941	3469	2513	15	22	20.178	12.999	101.402	0.675	1.552	0.644	0.846
290	17	18.765	9.324	2	34	23.899	893	2517	3	10	10.275	2.107	93.666	0.374	4.878	0.205	0.642
291	18	14.833	8.305	4	27	17.314	898	2517	4	7	6.803	3.369	77.809	0.755	2.019	0.495	0.783
292	337	50.745	24.445	2	107	72.426	1459	2520	22	23	24.749	17.337	47.251	0.807	1.428	0.700	0.917
293	221	15.674	9.166	1	48	107.640	890	2525	22	22	20.725	13.577	39.724	0.240	1.526	0.655	0.638
294	63	24.556	8.809	7	47	33.799	3304	2525	10	10	10.325	7.769	46.541	0.693	1.329	0.752	0.813
295	1011	14.390	8.133	0	58	197.380	3456	2570	33	54	49.700	25.900	74.647	0.326	1.919	0.521	0.795
296	62	22.129	12.647	1	54	40.042	3817	2574	10	15	16.509	4.782	64.682	0.486	3.453	0.290	0.721
297	591	33.650	16.417	2	79	127.054	3784	2577	24	47	47.037	15.998	68.991	0.460	2.940	0.340	0.822
298	259	13.220	7.398	0	35	124.125	3064	2606	22	30	24.904	13.242	61.209	0.211	1.881	0.532	0.636
299	84	18.964	9.195	1	45	65.598	112	2616	13	25	23.534	4.545	67.099	0.245	5.179	0.193	0.594
300	111	27.532	9.925	5	50	46.284	2512	2625	13	15	14.159	9.982	108.111	0.651	1.418	0.705	0.774
301	176	27.455	10.504	2	54	67.012	3164	2626	19	21	25.446	8.806	51.308	0.493	2.889	0.346	0.760
302	731	23.666	11.100	0	63	153.924	3961	2627	35	44	45.622	20.401	53.626	0.388	2.236	0.447	0.754
303	24	13.875	6.968	0	31	20.971	1158	2629	8	6	8.257	3.701	147.526	0.686	2.231	0.448	0.727
304	674	31.261	16.153	1	85	160.167	3340	2631	30	56	57.880	14.827	66.262	0.330	3.904	0.256	0.800
305	14832	19.761	10.636	0	76	784.649	2552	2636	157	167	166.555	113.384	34.637	0.303	1.469	0.681	0.824
306	1688	14.843	8.150	0	45	301.563	1421	2640	58	52	53.396	40.251	34.903	0.233	1.327	0.754	0.768
307	17	10.647	4.623	1	17	16.485	1434	2648	4	6	5.435	3.982	92.994	0.786	1.365	0.733	0.829
308	34	24.735	10.941	2	54	24.142	2271	2652	8	7	8.547	5.065	54.718	0.733	1.687	0.593	0.782
309	208	50.962	21.019	6	105	71.255	568	2666	16	26	25.885	10.231	67.485	0.515	2.530	0.395	0.785
310	403	31.375	13.758	1	81	103.397	154	2679	23	35	35.231	14.564	64.612	0.474	2.419	0.413	0.774
311	327	20.294	9.319	0	48	86.669	2381	2683	26	26	32.417	12.843	40.476	0.547	2.524	0.396	0.808
312	30	13.000	7.870	3	29	22.728	3006	2684	6	8	7.528	5.074	57.888	0.730	1.484	0.674	0.800
313	37	10.730	6.432	2	24	42.284	255	2705	13	13	13.978	3.370	45.131	0.260	4.147	0.241	0.497
314	42	20.119	9.441	2	42	25.213	3333	2712	9	8	7.953	6.724	0.000	0.830	1.183	0.845	0.792
315	126	12.905	7.687	0	38	57.698	255	2719	16	15	15.457	10.379	157.121	0.476	1.489	0.671	0.694
316	326	36.782	15.231	6	88	90.326	561	2722	25	28	25.775	16.104	45.643	0.502	1.601	0.625	0.775
317	96	30.333	11.160	4	58	43.213	2041	2729	10	16	16.214	7.539	66.030	0.646	2.151	0.465	0.831
318	5883	19.610	9.745	0	58	467.186	1274	2732	78	119	108.141	69.266	101.125	0.339	1.561	0.641	0.866
319	70	12.043	6.652	3	38	82.912	1191	2733	24	16	15.286	5.831	158.425	0.128	2.622	0.381	0.328
320	326	23.503	12.635	2	68	86.912	2154	2743	21	29	31.203	13.302	60.563	0.542	2.346	0.426	0.833
321	38	12.000	6.256	2	25	39.213	1185	2744	8	14	11.552	4.188	101.389	0.311	2.758	0.363	0.543
322	16	12.750	5.471	3	22	16.728	1193	2746	5	6	4.710	4.325	76.717	0.719	1.089	0.918	0.696
323	21485	32.325	22.920	0	144	1002.715	3044	2751	191	248	208.887	130.958	57.761	0.269	1.595	0.627	0.729
324	36	18.111	8.046	2	34	25.556	2031	2752	7	9	8.319	5.510	125.501	0.693	1.510	0.662	0.766
325	26	15.615	5.707	6	25	26.142	1201	2755	7	9	8.974	3.689	45.656	0.478	2.433	0.411	0.627
326	57	14.035	6.555	1	35	54.284	2977	2756	13	11	10.199	7.116	37.525	0.243	1.433	0.698	0.570
327	401	23.808	11.529	1	62	115.397	3674	2759	25	36	37.709	13.540	51.154	0.378	2.785	0.359	0.759
328	1773	20.406	10.201	0	55	266.250	1417	2763	41	78	72.085	31.317	72.636	0.314	2.302	0.434	0.818
329	24	15.375	7.700	5	35	21.556	3982	2766	7	7	6.740	4.534	137.999	0.649	1.487	0.673	0.727
330	52	22.962	7.728	4	38	30.971	1153	2771	7	11	10.753	6.157	77.260	0.681	1.746	0.573	0.812
331	228	39.645	13.250	2	73	60.184	3838	2777	17	21	21.270	13.648	55.235	0.791	1.558	0.642	0.882
332	179	20.503	9.443	3	42	84.083	3802	2779	29	15	27.760	8.210	14.113	0.318	3.381	0.296	0.583
333	114	26.254	10.068	2	52	44.870	1051	2783	13	13	14.731	9.854	44.385	0.712	1.495	0.669	0.838
334	128	46.789	16.206	4	81	45.456	2338	2786	12	15	14.376	11.336	95.456	0.778	1.268	0.789	0.850
335	441	15.238	8.649	0	52	168.024	443	2798	25	39	33.452	16.785	77.042	0.196	1.993	0.502	0.597
336	805	35.969	16.414	1	82	156.167	2630	2828	31	52	51.427	19.930	68.001	0.415	2.580	0.388	0.839
337	88	12.761	6.838	2	34	60.527	1658	2837	11	18	14.793	7.574	92.684	0.302	1.953	0.512	0.550
338	345	19.719	9.807	0	53	144.610	1866	2850	18	37	34.565	12.708	71.403	0.207	2.720	0.368	0.715
339	113	41.071	14.548	12	89	40.971	541	2857	11	13	13.426	10.717	69.511	0.846	1.253	0.798	0.908
340	107	37.981	14.993	4	75	50.284	1926	2857	10	18	14.992	9.088	79.888	0.532	1.650	0.606	0.781
341	25	12.480	6.436	1	28	19.899	1657	2869	5	7	7.113	4.475	83.822	0.793	1.589	0.629	0.833
342	19	16.316	8.988	1	33	21.314	2186	2869	4	8	8.540	2.833	100.202	0.526	3.015	0.332	0.704
343	6269	43.714	25.563	0	129	485.831	1952	2873	80	126	117.534	67.912	81.981	0.334	1.731	0.578	0.805
344	191	41.110	14.751	4	94	57.113	3478	2875	19	16	16.236	14.978	159.333	0.736	1.084	0.923	0.830
345	217	27.101	13.989	2	65	87.497	655	2878	16	32	30.328	9.110	68.426	0.356	3.329	0.300	0.752
346	25	38.160	16.106	5	63	19.556	1259	2886	6	7	7.503	4.243	53.950	0.821	1.768	0.565	0.820
347	366	31.044	13.570	1	64	89.497	2416	2886	20	33	31.480	14.803	64.725	0.574	2.126	0.470	0.843
348	1016	46.705	25.172	0	112	163.924	1591	2897	34	62	62.417	20.725	65.896	0.475	3.012	0.332	0.861
349	29	14.690	6.113	4	28	32.971	653	2913	7	12	10.239	3.606	58.933	0.335	2.839	0.352	0.580
350	161	35.516	13.190	7	73	57.355	1836	2913	14	20	18.749	10.934	66.758	0.615	1.715	0.583	0.819
351	33	12.333	5.672	3	23	23.314	412	2915	5	9	9.471	4.436	80.393	0.763	2.135	0.468	0.846
352	5338	36.546	21.116	0	123	441.990	2493	2923	126	76	122.951	55.279	11.979	0.343	2.224	0.450	0.786
353	137	27.591	15.924	3	67	50.284	910	2928	16	14	14.269	12.225	149.010	0.681	1.167	0.857	0.818
354	1290	50.826	24.940	1	124	209.238	443	2947	56	52	63.036	26.056	55.519	0.370	2.419	0.413	0.800
355	117	14.393	7.849	1	34	53.941	3721	2955	17	13	17.067	8.729	27.639	0.505	1.955	0.511	0.741
356	213	17.873	9.136	0	53	112.569	3929	2955	20	28	25.852	10.491	66.379	0.211	2.464	0.406	0.650
357	26	18.500	7.511	7	34	26.385	3659	2958	6	10	8.915	3.713	74.464	0.469	2.401	0.416	0.619
358	174	37.511	15.787	2	79	58.527	3396	2960	14	21	20.804	10.649	60.305	0.638	1.954	0.512	0.835
359	41	23.585	8.746	7	45	27.314	1615	2971	6	10	9.520	5.484	65.582	0.691	1.736	0.576	0.845
360	498	38.100	16.973	3	93	100.912	3543	2974	28	25	29.619	21.408	42.299	0.615	1.384	0.723	0.865
361	146	15.973	9.292	2	44	67.941	370	2977	13	22	19.419	9.573	85.491	0.397	2.028	0.493	0.712
362	233	15.815	9.124	0	43	84.184	689	2981	24	18	19.259	15.404	17.678	0.413	1.250	0.800	0.735
363	55	25.709	8.630	8	45	29.799	207	2983	9	9	9.182	7.626	171.709	0.778	1.204	0.831	0.815
