 	Area	Mean	StdDev	Min	Max	Perim.	BX	BY	Width	Height	Major	Minor	Angle	Circ.	AR	Round	Solidity
1	350	17.500	9.729	0	50	92.669	394	1	31	20	27.633	16.127	20.024	0.512	1.713	0.584	0.809
2	1208	21.079	10.440	0	58	228.267	548	1	74	26	69.835	22.024	7.292	0.291	3.171	0.315	0.817
3	24	17.208	10.879	4	33	19.899	627	1	6	6	6.314	4.840	167.917	0.762	1.305	0.766	0.814
4	227	14.119	7.758	1	42	105.497	655	1	34	14	27.746	10.417	178.661	0.256	2.664	0.375	0.642
5	814	57.269	33.047	1	144	129.397	1155	1	46	31	44.779	23.145	29.180	0.611	1.935	0.517	0.907
6	2403	43.311	23.748	1	136	257.137	1562	1	63	75	86.412	35.407	56.704	0.457	2.441	0.410	0.796
7	204	83.005	29.481	8	152	63.456	1852	1	25	12	23.146	11.222	9.287	0.637	2.063	0.485	0.909
8	10171	26.836	34.486	0	165	547.990	2362	1	204	68	196.629	65.861	4.658	0.426	2.986	0.335	0.904
9	95	40.432	14.615	5	63	38.627	2618	1	13	11	12.322	9.817	26.841	0.800	1.255	0.797	0.872
10	600	13.648	8.032	0	55	171.924	2676	1	40	29	34.905	21.886	38.767	0.255	1.595	0.627	0.732
11	583	40.213	21.964	1	105	140.853	3604	8	37	45	50.866	14.593	51.799	0.369	3.486	0.287	0.785
12	365	41.789	24.755	1	122	122.368	697	11	27	29	24.253	19.162	83.092	0.306	1.266	0.790	0.656
13	455	53.442	21.537	1	113	84.912	1805	11	24	29	26.667	21.725	89.008	0.793	1.227	0.815	0.878
14	22729	35.684	24.530	0	149	1088.396	1825	35	186	281	293.332	98.658	66.443	0.241	2.973	0.336	0.749
15	27	13.778	7.040	2	27	26.385	1687	40	10	7	9.009	3.816	21.547	0.487	2.361	0.424	0.659
16	42	29.667	13.557	4	62	28.627	2282	46	8	11	11.534	4.637	51.983	0.644	2.488	0.402	0.792
17	1598	18.862	10.148	0	54	243.421	3434	61	52	63	67.192	30.281	54.036	0.339	2.219	0.451	0.813
18	132	31.477	11.984	3	68	45.113	3924	77	14	15	14.522	11.573	42.912	0.815	1.255	0.797	0.854
19	21	11.857	4.258	4	17	18.485	2593	84	6	5	6.767	3.951	17.329	0.772	1.713	0.584	0.840
20	17	12.412	4.556	3	19	15.314	753	87	5	5	6.162	3.513	46.632	0.911	1.754	0.570	0.850
21	48	16.333	7.977	2	35	31.799	2841	90	7	12	13.359	4.575	65.469	0.597	2.920	0.342	0.780
22	23	16.348	7.906	4	33	21.556	3544	92	8	6	7.580	3.863	44.812	0.622	1.962	0.510	0.687
23	48	25.250	11.933	5	54	26.971	977	97	8	9	8.958	6.823	79.743	0.829	1.313	0.762	0.842
24	420	17.274	9.852	0	51	151.924	2856	112	41	31	38.151	14.017	28.286	0.229	2.722	0.367	0.607
25	451	59.880	25.694	6	121	89.841	1441	141	25	26	25.656	22.382	109.841	0.702	1.146	0.872	0.857
26	430	45.933	16.919	6	87	86.669	281	155	28	24	28.418	19.266	35.533	0.719	1.475	0.678	0.881
27	349	56.828	20.017	4	97	77.497	3450	172	23	24	25.473	17.445	51.124	0.730	1.460	0.685	0.873
28	18	23.611	10.478	5	41	18.728	2241	179	5	7	7.595	3.018	66.020	0.645	2.517	0.397	0.750
29	140	36.679	17.351	1	80	54.527	2459	185	16	17	19.245	9.262	46.968	0.592	2.078	0.481	0.771
30	50	15.840	7.585	5	37	36.042	1020	190	10	12	12.751	4.993	59.073	0.484	2.554	0.392	0.680
31	22	16.318	9.732	1	34	19.314	12	193	7	5	7.567	3.702	23.051	0.741	2.044	0.489	0.830
32	932	15.865	8.305	0	48	199.966	3561	195	38	51	49.532	23.957	53.392	0.293	2.068	0.484	0.753
33	278	28.802	13.674	2	67	83.740	548	213	26	25	29.323	12.071	44.274	0.498	2.429	0.412	0.764
34	12010	17.418	9.458	0	60	629.311	2234	216	121	145	143.894	106.270	62.182	0.381	1.354	0.739	0.904
35	96	25.729	9.200	1	48	46.627	1761	225	9	19	16.967	7.204	73.267	0.555	2.355	0.425	0.817
36	3196	17.150	9.572	0	60	371.161	2093	225	67	88	91.750	44.352	55.575	0.292	2.069	0.483	0.832
37	108	45.296	14.833	7	82	51.355	1497	228	16	16	18.052	7.617	47.589	0.515	2.370	0.422	0.766
38	51	14.118	6.919	4	37	50.284	3032	274	15	16	15.532	4.181	50.234	0.253	3.715	0.269	0.483
39	7229	21.619	10.790	0	69	541.370	1538	276	126	119	154.275	59.661	44.230	0.310	2.586	0.387	0.875
40	36	27.028	11.470	8	54	26.971	1109	297	8	9	10.052	4.560	46.679	0.622	2.204	0.454	0.735
41	793	47.338	26.211	1	137	118.711	2690	297	39	34	41.152	24.535	37.708	0.707	1.677	0.596	0.889
42	111	33.441	12.921	10	72	49.941	369	298	15	17	18.897	7.479	46.185	0.559	2.527	0.396	0.766
43	91	23.121	11.048	4	57	53.355	3012	298	14	19	20.589	5.627	55.174	0.402	3.659	0.273	0.667
44	24	20.542	9.320	0	42	21.799	2876	302	7	8	8.286	3.688	50.055	0.635	2.247	0.445	0.706
45	80	42.263	17.355	7	83	38.870	436	317	11	14	14.196	7.175	53.356	0.665	1.978	0.505	0.816
46	521	42.764	19.977	3	100	117.882	2902	326	27	36	28.940	22.922	82.808	0.471	1.263	0.792	0.749
47	42	23.357	8.162	6	41	28.385	3270	330	8	9	8.412	6.357	44.787	0.655	1.323	0.756	0.743
48	86	26.953	11.655	2	51	39.213	37	342	10	14	14.279	7.669	65.399	0.703	1.862	0.537	0.843
49	89	45.753	18.439	8	95	40.870	1280	345	12	14	15.718	7.210	48.824	0.670	2.180	0.459	0.809
50	18	18.944	9.359	4	36	17.899	737	346	6	5	6.174	3.712	31.758	0.706	1.663	0.601	0.750
51	19	8.947	3.937	4	17	18.728	2984	346	7	5	6.216	3.892	160.628	0.681	1.597	0.626	0.731
52	16	11.438	5.489	1	22	16.728	3031	353	5	5	4.947	4.118	68.645	0.719	1.201	0.832	0.727
53	170	41.212	17.575	5	86	55.355	3480	353	15	19	16.762	12.913	103.414	0.697	1.298	0.770	0.817
54	108	10.926	6.500	1	45	65.113	3022	358	15	20	15.559	8.838	66.859	0.320	1.761	0.568	0.554
55	1656	22.806	11.820	0	72	248.250	2862	379	66	59	75.997	27.744	39.532	0.338	2.739	0.365	0.837
56	103	33.146	13.133	4	67	42.385	3149	390	11	14	13.437	9.760	57.604	0.720	1.377	0.726	0.837
57	200	21.300	10.950	1	61	91.983	223	393	27	18	25.981	9.801	161.683	0.297	2.651	0.377	0.619
58	2186	33.317	18.082	0	100	336.818	2257	400	84	111	129.784	21.446	55.145	0.242	6.052	0.165	0.726
59	32	22.000	11.254	4	42	26.385	3415	407	7	9	6.659	6.118	82.917	0.578	1.088	0.919	0.696
60	100	28.250	13.058	4	59	43.113	1453	413	15	12	14.807	8.599	29.813	0.676	1.722	0.581	0.800
61	37	12.243	7.029	0	29	28.971	748	416	11	7	9.733	4.840	3.987	0.554	2.011	0.497	0.692
62	22	9.455	4.554	1	20	21.556	3176	425	6	8	8.665	3.233	60.486	0.595	2.680	0.373	0.698
63	1797	27.288	14.871	0	80	284.735	2639	433	91	68	103.602	22.085	31.638	0.279	4.691	0.213	0.756
64	134	42.545	10.445	15	64	45.213	191	442	15	12	14.384	11.861	25.478	0.824	1.213	0.825	0.893
65	416	20.755	10.277	1	55	114.125	3129	446	36	32	44.250	11.970	39.752	0.401	3.697	0.271	0.775
66	51	18.745	8.590	4	45	30.971	2401	448	7	12	13.134	4.944	69.725	0.668	2.657	0.376	0.823
67	18	13.444	6.138	2	25	18.728	3208	453	8	4	6.387	3.589	175.330	0.645	1.780	0.562	0.720
68	188	12.452	7.412	1	45	106.811	3192	457	23	26	22.393	10.689	46.605	0.207	2.095	0.477	0.565
69	147	31.054	12.360	4	60	73.841	2614	462	22	24	27.083	6.911	48.221	0.339	3.919	0.255	0.690
70	121	42.512	13.378	5	75	44.870	3769	465	15	12	15.961	9.652	29.722	0.755	1.654	0.605	0.843
71	18	23.500	7.740	13	45	15.314	1898	466	5	5	6.203	3.695	45.000	0.965	1.679	0.596	0.900
72	1252	16.011	8.741	0	51	197.966	1947	467	49	52	61.830	25.782	50.442	0.401	2.398	0.417	0.826
73	206	34.636	16.179	4	76	68.184	3818	474	17	22	21.530	12.182	57.380	0.557	1.767	0.566	0.800
74	69	34.145	13.232	6	58	34.042	3678	486	10	12	9.928	8.849	68.309	0.748	1.122	0.891	0.798
75	44	22.955	11.735	4	47	27.799	3907	487	10	8	8.421	6.653	9.265	0.715	1.266	0.790	0.752
76	39	33.103	12.002	11	54	26.971	3658	508	9	7	8.365	5.936	160.711	0.674	1.409	0.710	0.765
77	25	29.040	11.552	4	53	20.142	2491	511	6	7	7.751	4.106	55.912	0.774	1.888	0.530	0.781
78	122	18.959	9.080	1	39	55.698	3450	535	19	14	20.741	7.489	29.443	0.494	2.769	0.361	0.739
79	109	18.514	10.117	2	55	86.326	3417	537	30	21	30.785	4.508	29.854	0.184	6.829	0.146	0.488
80	2974	15.086	8.071	0	53	365.304	625	546	79	61	71.310	53.101	8.168	0.280	1.343	0.745	0.820
81	109	29.587	10.468	8	56	43.213	3401	553	14	12	14.770	9.396	44.058	0.734	1.572	0.636	0.852
82	132	64.152	22.375	6	122	45.113	992	572	13	16	15.420	10.899	57.790	0.815	1.415	0.707	0.854
83	53	32.415	15.382	3	72	31.556	337	578	9	10	10.489	6.434	48.644	0.669	1.630	0.613	0.803
84	1266	16.351	8.496	0	62	231.765	3628	580	51	57	62.354	25.851	50.732	0.296	2.412	0.415	0.793
85	42	27.071	13.721	4	58	27.556	714	583	8	9	9.375	5.704	55.731	0.695	1.644	0.608	0.785
86	44	18.886	9.592	1	44	31.213	839	599	10	10	13.128	4.267	41.132	0.568	3.076	0.325	0.739
87	17	13.000	6.031	3	23	20.728	2288	607	6	7	7.349	2.945	45.261	0.497	2.495	0.401	0.667
88	53	29.943	8.404	8	46	27.799	525	611	9	9	9.684	6.968	119.355	0.862	1.390	0.720	0.862
89	63	24.603	8.243	6	38	31.799	684	617	11	8	10.364	7.740	27.283	0.783	1.339	0.747	0.840
90	18	13.611	5.952	5	26	17.314	2274	619	6	5	5.924	3.869	0.000	0.755	1.531	0.653	0.750
91	33	8.970	5.725	1	24	35.456	2567	619	11	10	11.097	3.786	34.857	0.330	2.931	0.341	0.550
92	32	16.281	7.751	4	34	23.556	1609	621	7	8	8.018	5.082	45.346	0.725	1.578	0.634	0.780
93	43	15.186	8.609	1	33	41.799	2264	623	11	14	12.726	4.302	52.145	0.309	2.958	0.338	0.491
94	22	20.909	9.836	7	39	26.971	2565	629	9	7	7.752	3.613	37.279	0.380	2.145	0.466	0.518
95	20	18.800	11.638	8	43	20.728	2259	635	6	7	5.406	4.711	99.950	0.585	1.148	0.871	0.690
96	74	30.243	12.613	7	71	38.284	1408	636	12	13	14.261	6.607	41.877	0.634	2.159	0.463	0.783
97	1197	13.715	7.898	0	54	268.735	3949	639	48	54	52.457	29.054	52.258	0.208	1.806	0.554	0.706
98	1711	23.034	16.124	0	95	207.966	2582	641	58	44	55.656	39.142	12.226	0.497	1.422	0.703	0.870
99	909	40.715	20.450	0	108	162.409	2100	642	47	46	48.375	23.925	45.165	0.433	2.022	0.495	0.777
100	291	12.113	6.185	0	32	136.853	3091	643	31	31	32.638	11.352	46.529	0.195	2.875	0.348	0.599
101	45	23.867	12.208	0	59	26.971	3537	671	8	9	7.917	7.237	144.740	0.777	1.094	0.914	0.789
102	20	20.150	11.013	4	45	19.556	1224	681	7	6	7.932	3.210	46.320	0.657	2.471	0.405	0.741
103	271	24.461	12.281	0	52	95.640	709	726	34	19	31.231	11.048	23.879	0.372	2.827	0.354	0.731
104	32	23.219	10.604	8	50	22.728	3449	729	6	8	7.829	5.204	54.593	0.778	1.504	0.665	0.853
105	537	23.786	11.850	0	66	114.225	334	731	41	23	40.373	16.935	20.162	0.517	2.384	0.419	0.839
106	30	16.233	10.217	3	37	31.213	2871	737	9	11	12.197	3.132	57.860	0.387	3.895	0.257	0.612
107	1805	53.278	30.619	0	149	233.907	3645	742	64	75	82.842	27.742	51.020	0.415	2.986	0.335	0.839
108	586	58.336	22.348	2	113	95.983	3940	742	30	28	31.081	24.005	38.730	0.799	1.295	0.772	0.902
109	29	18.379	9.814	0	48	30.385	707	745	9	8	9.283	3.977	47.818	0.395	2.334	0.428	0.592
110	252	23.750	11.392	2	58	95.983	3436	748	28	26	32.766	9.792	49.012	0.344	3.346	0.299	0.730
111	135	22.807	11.045	2	60	82.569	3162	762	23	30	37.278	4.611	52.951	0.249	8.084	0.124	0.660
112	24	21.417	8.983	4	44	22.971	3503	763	8	7	7.171	4.261	38.546	0.572	1.683	0.594	0.658
113	1022	16.215	8.409	0	47	186.309	272	768	50	46	52.955	24.573	40.630	0.370	2.155	0.464	0.802
114	1134	44.175	20.837	1	118	170.167	3492	771	35	56	59.021	24.463	77.314	0.492	2.413	0.414	0.771
115	25	24.840	11.220	3	46	24.971	1050	780	8	7	7.687	4.141	48.104	0.504	1.856	0.539	0.714
116	84	39.107	15.320	12	78	38.627	3896	796	11	13	14.271	7.494	47.511	0.707	1.904	0.525	0.832
117	220	12.868	7.073	0	38	140.024	283	812	29	27	22.732	12.323	37.471	0.141	1.845	0.542	0.443
118	753	24.616	13.405	0	74	164.652	1975	845	48	45	57.678	16.622	42.788	0.349	3.470	0.288	0.789
119	3435	30.988	15.903	0	107	326.434	3634	887	77	84	91.661	47.715	49.086	0.405	1.921	0.521	0.884
120	997	59.243	34.059	3	147	138.368	1695	888	34	51	51.849	24.483	65.229	0.654	2.118	0.472	0.916
121	48	19.062	7.353	7	35	34.971	1359	898	11	9	10.045	6.084	42.532	0.493	1.651	0.606	0.662
122	1795	14.164	7.846	0	49	303.948	2768	906	56	56	52.993	43.128	48.725	0.244	1.229	0.814	0.763
123	1787	46.359	23.761	1	137	210.693	1833	908	61	49	57.301	39.707	10.187	0.506	1.443	0.693	0.811
124	963	36.356	19.988	2	136	146.267	1207	909	43	40	46.139	26.575	42.207	0.566	1.736	0.576	0.853
125	199	37.874	19.115	4	87	71.841	2999	911	22	23	30.057	8.430	42.192	0.485	3.566	0.280	0.777
126	2037	31.725	16.615	0	94	252.836	112	914	77	48	70.620	36.726	24.093	0.400	1.923	0.520	0.794
127	101	21.089	10.111	1	45	56.426	541	922	20	16	23.436	5.487	38.112	0.399	4.271	0.234	0.719
128	26	27.308	8.666	14	50	22.142	581	947	6	8	7.424	4.459	49.558	0.666	1.665	0.601	0.754
129	4316	17.048	9.301	0	58	386.860	1886	950	91	81	84.087	65.352	21.873	0.362	1.287	0.777	0.849
130	212	33.307	17.120	0	76	68.184	2038	950	24	18	24.034	11.231	31.200	0.573	2.140	0.467	0.782
131	1728	63.338	41.833	1	165	190.309	569	959	52	60	64.486	34.119	54.417	0.600	1.890	0.529	0.887
132	66	38.818	13.764	8	69	34.870	1546	968	12	11	13.594	6.182	42.670	0.682	2.199	0.455	0.790
133	104	25.125	13.970	1	64	49.355	3445	984	18	13	17.804	7.437	26.648	0.537	2.394	0.418	0.754
134	634	41.989	19.499	3	97	112.125	3544	991	35	33	35.929	22.468	39.288	0.634	1.599	0.625	0.871
135	55	20.636	8.429	4	38	34.627	2601	996	10	11	11.358	6.166	64.606	0.576	1.842	0.543	0.719
136	240	13.808	7.471	1	50	122.368	3790	1014	25	27	25.462	12.002	49.524	0.201	2.122	0.471	0.569
137	1173	21.035	11.079	0	72	191.622	1300	1024	59	49	67.178	22.232	38.792	0.401	3.022	0.331	0.840
138	43	31.884	12.555	8	60	25.556	733	1035	9	7	8.944	6.121	31.936	0.827	1.461	0.684	0.851
139	36	19.222	8.353	5	35	30.042	3033	1051	10	10	12.017	3.814	46.429	0.501	3.150	0.317	0.692
140	1511	15.291	7.939	0	43	237.865	3393	1055	53	53	62.896	30.588	46.161	0.336	2.056	0.486	0.828
141	36	20.056	8.698	2	36	25.556	2066	1062	8	8	9.552	4.799	51.944	0.693	1.991	0.502	0.800
142	164	32.848	13.961	2	71	52.627	1064	1079	13	18	18.636	11.205	73.956	0.744	1.663	0.601	0.861
143	133	38.880	13.333	3	75	44.870	2454	1079	13	15	15.807	10.713	50.761	0.830	1.475	0.678	0.878
144	943	47.698	22.585	0	119	182.551	895	1087	47	64	70.446	17.044	57.028	0.356	4.133	0.242	0.807
145	886	38.486	25.021	0	131	206.007	44	1126	52	56	65.226	17.295	50.776	0.262	3.771	0.265	0.730
146	3600	40.682	27.015	0	132	320.777	3260	1127	90	91	114.305	40.100	46.831	0.440	2.850	0.351	0.886
147	20	26.150	10.589	8	44	18.142	977	1135	6	6	7.107	3.583	47.382	0.764	1.984	0.504	0.769
148	481	16.572	9.438	0	58	130.024	756	1138	34	30	35.092	17.452	40.682	0.358	2.011	0.497	0.745
149	763	51.156	27.857	0	146	144.024	929	1146	41	45	53.207	18.258	44.773	0.462	2.914	0.343	0.841
150	286	58.822	23.852	3	116	81.740	3907	1172	26	25	32.541	11.191	42.763	0.538	2.908	0.344	0.844
151	378	53.323	20.845	1	113	104.953	519	1176	40	28	44.696	10.768	32.311	0.431	4.151	0.241	0.795
152	147	50.476	19.306	5	100	58.426	3005	1190	18	20	24.190	7.737	46.754	0.541	3.126	0.320	0.801
153	413	25.724	12.054	0	63	114.468	2022	1196	32	37	38.943	13.503	48.200	0.396	2.884	0.347	0.773
154	116	36.043	13.006	4	65	43.213	3319	1199	15	11	14.829	9.960	157.357	0.781	1.489	0.672	0.862
155	16	15.000	8.470	0	31	18.142	3337	1204	6	6	6.112	3.333	35.468	0.611	1.834	0.545	0.627
156	64	48.797	18.454	11	94	35.698	691	1213	12	12	12.927	6.304	42.273	0.631	2.051	0.488	0.744
157	90	46.133	15.753	7	76	41.456	3738	1225	14	12	16.703	6.860	38.448	0.658	2.435	0.411	0.837
158	33	16.242	5.990	4	33	23.314	3287	1228	6	8	8.988	4.675	71.452	0.763	1.923	0.520	0.835
159	20	14.250	6.008	2	25	20.728	2885	1233	7	6	7.629	3.338	33.019	0.585	2.286	0.437	0.741
160	19	15.316	8.963	2	32	15.899	2923	1234	4	6	5.654	4.278	78.423	0.944	1.322	0.757	0.884
161	2519	48.154	30.596	0	138	240.492	3281	1240	74	70	90.337	35.504	43.497	0.547	2.544	0.393	0.889
162	145	24.262	10.407	5	58	52.870	3381	1242	13	18	17.544	10.524	53.728	0.652	1.667	0.600	0.810
163	439	31.795	15.539	1	84	109.397	3747	1268	38	29	43.071	12.977	33.101	0.461	3.319	0.301	0.784
164	95	62.674	18.953	5	105	41.698	3062	1278	13	14	15.454	7.827	44.590	0.687	1.974	0.506	0.812
165	897	50.441	25.781	2	123	160.167	1863	1286	45	40	43.024	26.546	30.537	0.439	1.621	0.617	0.752
166	1618	38.877	20.421	1	113	198.551	2403	1287	45	60	54.163	38.035	68.698	0.516	1.424	0.702	0.811
167	181	68.519	25.267	9	117	79.456	1	1293	9	34	27.652	8.334	89.841	0.360	3.318	0.301	0.804
168	470	15.291	8.251	1	45	135.782	281	1295	31	32	34.247	17.474	44.849	0.320	1.960	0.510	0.753
169	102	22.941	10.487	4	56	53.113	2366	1297	16	15	18.968	6.847	35.369	0.454	2.770	0.361	0.713
170	210	56.729	21.432	3	106	73.255	175	1299	19	25	28.179	9.488	55.498	0.492	2.970	0.337	0.778
171	2597	47.499	37.200	0	162	226.108	2629	1304	79	55	83.679	39.515	32.763	0.638	2.118	0.472	0.921
172	96	16.740	8.643	2	44	46.284	1027	1311	17	11	17.180	7.115	27.829	0.563	2.415	0.414	0.780
173	327	39.058	16.253	0	86	91.154	1210	1323	36	21	36.173	11.510	26.049	0.495	3.143	0.318	0.837
174	2152	50.004	28.943	0	154	258.392	180	1325	56	77	77.288	35.452	63.732	0.405	2.180	0.459	0.794
175	47	22.915	11.455	1	45	28.142	2749	1330	9	8	10.591	5.650	34.187	0.746	1.874	0.533	0.839
176	2809	17.535	9.091	0	56	308.291	857	1350	64	68	62.893	56.867	57.247	0.371	1.106	0.904	0.843
177	16	20.500	10.073	4	40	18.142	2102	1351	6	6	7.493	2.719	40.098	0.611	2.756	0.363	0.696
178	1133	19.447	9.718	1	51	176.995	11	1354	50	43	55.511	25.987	38.138	0.454	2.136	0.468	0.846
179	1419	54.920	34.067	1	157	189.279	41	1369	51	65	73.787	24.486	52.937	0.498	3.014	0.332	0.875
180	171	36.105	14.053	2	64	54.870	1145	1369	19	13	19.553	11.135	19.108	0.714	1.756	0.569	0.866
181	144	15.285	8.886	0	46	84.326	2876	1380	26	21	24.683	7.428	35.772	0.254	3.323	0.301	0.533
182	44	22.295	9.901	5	48	35.799	3453	1385	9	9	8.442	6.636	17.725	0.431	1.272	0.786	0.667
183	332	13.792	7.336	0	45	130.125	571	1386	25	29	27.022	15.643	66.486	0.246	1.727	0.579	0.654
184	29	30.379	11.518	11	60	23.556	925	1393	7	8	7.807	4.730	68.484	0.657	1.650	0.606	0.734
185	1816	53.213	33.861	0	161	308.919	2386	1397	66	81	71.258	32.448	59.562	0.239	2.196	0.455	0.647
186	30	11.700	6.126	3	23	45.456	3081	1407	12	11	8.524	4.481	48.090	0.182	1.902	0.526	0.353
187	40	24.350	8.478	9	43	32.627	2020	1409	10	10	10.971	4.642	42.146	0.472	2.363	0.423	0.684
188	337	34.199	15.609	1	79	103.740	577	1411	23	34	31.092	13.801	65.642	0.394	2.253	0.444	0.719
189	2770	45.678	27.014	0	131	302.333	149	1414	81	89	102.207	34.507	51.720	0.381	2.962	0.338	0.864
190	17	14.000	8.269	2	32	18.728	3924	1441	8	4	7.061	3.065	27.028	0.609	2.304	0.434	0.708
191	144	54.319	21.118	7	109	49.355	1684	1448	16	16	18.811	9.747	45.075	0.743	1.930	0.518	0.845
192	99	42.576	13.349	10	72	37.556	2837	1453	10	12	11.827	10.658	80.711	0.882	1.110	0.901	0.917
193	9145	37.359	25.950	0	157	785.619	147	1455	160	187	207.327	56.161	46.900	0.186	3.692	0.271	0.701
194	152	27.704	10.537	3	52	49.698	1299	1456	17	14	16.911	11.444	36.074	0.773	1.478	0.677	0.861
195	225	49.644	19.050	2	90	68.184	3002	1475	14	26	23.836	12.019	79.343	0.608	1.983	0.504	0.847
196	299	71.070	28.296	6	128	69.598	1831	1550	23	20	24.750	15.382	39.017	0.776	1.609	0.621	0.885
197	22	19.682	8.380	5	38	22.971	830	1553	8	7	8.262	3.390	45.216	0.524	2.437	0.410	0.629
198	159	50.296	18.570	10	99	55.355	3157	1568	17	18	22.143	9.142	48.824	0.652	2.422	0.413	0.848
199	36	31.917	14.500	10	59	26.971	1056	1577	9	8	10.765	4.258	47.051	0.622	2.528	0.396	0.750
200	2014	59.533	34.404	1	179	241.321	1565	1578	74	71	94.019	27.274	44.760	0.435	3.447	0.290	0.868
201	548	26.867	22.786	0	107	116.225	3725	1582	37	22	35.738	19.524	5.030	0.510	1.830	0.546	0.809
202	150	39.567	18.953	7	89	60.527	3919	1585	21	16	25.045	7.626	32.741	0.515	3.284	0.304	0.769
203	1052	64.408	36.598	0	158	140.953	2043	1600	48	36	51.292	26.114	28.977	0.665	1.964	0.509	0.893
204	7578	27.213	13.845	0	88	599.068	2250	1603	125	158	169.848	56.807	57.289	0.265	2.990	0.334	0.754
205	1818	17.550	9.098	0	48	304.392	210	1620	75	51	70.342	32.907	26.494	0.247	2.138	0.468	0.761
206	1637	36.980	20.553	0	120	224.936	1350	1633	60	67	81.201	25.668	51.749	0.407	3.164	0.316	0.841
207	16	24.375	11.419	5	42	16.728	2090	1633	5	6	5.483	3.715	61.138	0.719	1.476	0.678	0.744
208	48	26.438	12.776	2	47	30.385	2122	1649	11	6	11.303	5.407	7.970	0.653	2.090	0.478	0.821
209	77	36.883	15.277	1	69	45.698	1683	1651	16	13	17.247	5.684	35.138	0.463	3.034	0.330	0.733
210	195	74.528	24.032	9	143	55.941	2931	1652	16	18	19.909	12.471	51.999	0.783	1.597	0.626	0.892
211	1476	47.712	23.406	0	120	179.238	72	1667	61	43	59.484	31.593	26.659	0.577	1.883	0.531	0.860
212	276	67.638	30.590	4	154	72.083	1310	1668	22	24	27.936	12.579	51.676	0.667	2.221	0.450	0.876
213	39	10.231	5.701	2	23	34.042	3623	1668	13	7	11.134	4.460	173.401	0.423	2.497	0.401	0.609
214	1379	50.326	27.404	1	152	169.238	1232	1682	36	60	56.171	31.258	77.711	0.605	1.797	0.556	0.886
215	150	37.360	15.624	0	69	57.113	1599	1683	22	12	20.449	9.340	14.639	0.578	2.189	0.457	0.779
216	704	60.195	25.508	4	137	137.439	331	1685	46	38	52.590	17.044	37.951	0.468	3.085	0.324	0.840
217	12399	21.930	11.232	0	73	839.619	396	1686	189	155	198.820	79.403	29.279	0.221	2.504	0.399	0.737
218	30	21.533	8.811	4	35	26.728	3419	1702	6	9	7.499	5.093	106.053	0.528	1.472	0.679	0.690
219	7068	22.175	10.108	0	71	448.316	2955	1703	115	95	115.244	78.089	33.848	0.442	1.476	0.678	0.900
220	128	32.000	17.712	2	79	57.012	459	1717	18	19	23.699	6.877	49.656	0.495	3.446	0.290	0.760
221	27	21.778	10.131	7	43	20.728	671	1721	7	6	7.996	4.300	32.044	0.790	1.860	0.538	0.844
222	29	20.345	9.882	5	40	19.556	1068	1724	7	6	7.410	4.983	31.579	0.953	1.487	0.673	0.879
223	63	29.873	12.422	4	65	34.870	1203	1738	12	11	14.524	5.523	42.069	0.651	2.630	0.380	0.808
224	55	35.055	15.182	5	60	30.142	397	1750	10	8	9.740	7.190	12.184	0.761	1.355	0.738	0.821
225	850	13.862	7.386	0	39	165.238	2192	1755	44	40	45.007	24.046	38.411	0.391	1.872	0.534	0.793
226	20	11.200	4.959	2	19	24.385	3637	1762	8	8	9.529	2.672	45.819	0.423	3.566	0.280	0.580
227	871	42.239	22.404	0	104	163.338	861	1765	47	50	57.562	19.266	49.594	0.410	2.988	0.335	0.819
228	70	51.443	19.824	8	97	38.042	299	1767	11	13	15.013	5.937	55.362	0.608	2.529	0.395	0.795
229	17	20.294	12.434	3	49	22.385	4	1807	7	8	9.009	2.403	48.724	0.426	3.750	0.267	0.630
230	62	36.097	14.007	2	76	30.042	1151	1808	9	11	10.127	7.795	61.783	0.863	1.299	0.770	0.832
231	64	40.250	20.551	5	86	36.042	752	1819	12	11	13.785	5.911	43.167	0.619	2.332	0.429	0.771
232	21	24.905	7.543	10	34	18.142	2329	1820	6	6	5.940	4.501	93.463	0.802	1.320	0.758	0.764
233	429	12.956	7.116	0	35	121.539	179	1829	26	33	35.773	15.269	56.768	0.365	2.343	0.427	0.735
234	968	38.611	19.711	1	105	174.652	3	1833	49	54	63.814	19.314	46.500	0.399	3.304	0.303	0.827
235	30328	23.481	13.452	0	91	1144.095	643	1841	283	262	327.975	117.737	48.965	0.291	2.786	0.359	0.825
236	30	17.067	8.043	4	39	22.142	3500	1841	7	7	6.821	5.600	71.565	0.769	1.218	0.821	0.779
237	916	57.088	25.765	3	119	143.439	1371	1843	38	45	45.012	25.910	53.523	0.559	1.737	0.576	0.829
238	101	52.861	17.270	8	89	40.870	214	1845	13	13	15.889	8.094	49.657	0.760	1.963	0.509	0.867
239	262	37.439	17.482	2	90	85.740	3329	1854	27	22	30.137	11.069	35.937	0.448	2.723	0.367	0.788
240	17	12.588	7.509	0	26	20.142	1777	1863	6	6	5.528	3.916	68.975	0.527	1.412	0.708	0.618
241	120	14.542	8.097	1	38	59.355	1636	1865	19	16	19.190	7.962	38.181	0.428	2.410	0.415	0.674
242	311	68.598	23.728	7	142	71.841	946	1877	22	22	25.425	15.574	44.960	0.757	1.633	0.613	0.887
243	119	59.370	19.119	11	99	44.527	2500	1877	15	14	17.600	8.609	36.922	0.754	2.044	0.489	0.850
244	4830	46.337	26.195	0	147	348.576	164	1880	110	65	104.557	58.817	4.394	0.500	1.778	0.563	0.854
245	907	15.428	8.879	0	50	198.794	1438	1880	41	39	41.540	27.800	44.139	0.288	1.494	0.669	0.757
246	55	17.127	8.233	4	38	35.456	1370	1899	13	10	13.884	5.044	35.900	0.550	2.753	0.363	0.733
247	70	12.329	6.173	0	29	44.870	3825	1905	14	14	16.910	5.271	34.692	0.437	3.208	0.312	0.625
248	34	19.000	9.165	5	46	29.799	2431	1911	11	8	12.017	3.603	30.877	0.481	3.336	0.300	0.667
249	580	22.845	13.347	1	79	126.711	609	1913	39	34	46.725	15.805	39.968	0.454	2.956	0.338	0.817
250	215	14.879	7.824	1	37	149.196	1297	1920	29	22	21.906	12.496	35.316	0.121	1.753	0.570	0.454
251	52	29.192	9.764	10	55	30.142	19	1923	8	10	9.607	6.892	47.157	0.719	1.394	0.717	0.812
252	450	34.711	16.515	1	81	97.154	2331	1930	32	21	29.267	19.577	11.129	0.599	1.495	0.669	0.847
253	22	27.818	11.815	10	49	21.314	3158	1931	6	7	7.301	3.837	38.596	0.609	1.903	0.526	0.733
254	26	9.231	3.787	2	17	35.799	1306	1943	14	6	11.194	2.957	171.072	0.255	3.785	0.264	0.452
255	43	14.628	6.651	2	33	42.042	1667	1948	11	10	11.680	4.687	36.150	0.306	2.492	0.401	0.555
256	16	23.125	10.158	7	41	20.728	3543	1950	7	6	7.515	2.711	40.830	0.468	2.773	0.361	0.640
257	4007	26.561	15.018	0	90	364.132	3356	1951	87	98	111.967	45.566	47.191	0.380	2.457	0.407	0.850
258	78	60.654	17.432	2	96	35.213	3260	1956	10	12	12.285	8.084	55.356	0.790	1.520	0.658	0.848
259	1377	16.978	8.968	0	53	222.108	2824	1971	57	48	62.009	28.274	37.714	0.351	2.193	0.456	0.813
260	7639	29.490	18.840	0	113	550.139	3589	1972	164	141	186.163	52.246	41.890	0.317	3.563	0.281	0.849
261	1619	52.200	25.174	2	145	387.688	442	1975	92	118	105.643	19.513	50.795	0.135	5.414	0.185	0.442
262	37	18.541	9.634	1	38	45.698	2303	1975	13	7	10.700	4.403	164.822	0.223	2.430	0.411	0.500
263	21	19.524	10.539	2	38	20.728	1313	1976	6	7	7.443	3.593	45.978	0.614	2.072	0.483	0.737
264	422	33.256	17.934	2	90	97.640	3845	1984	30	32	39.523	13.595	50.043	0.556	2.907	0.344	0.834
265	118	28.602	16.103	3	88	46.627	1012	1987	14	13	13.780	10.903	147.111	0.682	1.264	0.791	0.817
266	269	51.870	16.946	4	89	69.941	421	1991	21	19	22.874	14.973	30.361	0.691	1.528	0.655	0.865
267	7515	35.097	21.623	0	125	617.252	3624	1997	144	171	183.154	52.242	51.820	0.248	3.506	0.285	0.778
268	38	29.368	11.644	4	61	26.971	1759	2010	7	9	8.584	5.637	94.567	0.656	1.523	0.657	0.745
269	185	37.632	12.788	5	72	53.941	1372	2028	16	17	16.493	14.281	67.668	0.799	1.155	0.866	0.869
270	137	14.745	6.726	2	33	79.841	1310	2038	21	17	20.921	8.338	42.049	0.270	2.509	0.399	0.628
271	303	40.112	16.187	0	83	70.426	1499	2041	23	21	23.943	16.113	43.958	0.768	1.486	0.673	0.869
272	115	20.348	10.750	0	48	63.841	3852	2062	22	18	24.794	5.906	38.990	0.355	4.198	0.238	0.628
273	113	51.009	16.407	7	80	41.799	489	2073	11	14	13.953	10.311	98.687	0.813	1.353	0.739	0.886
274	1931	16.504	8.930	0	49	265.078	3189	2073	71	53	70.218	35.014	31.872	0.345	2.005	0.499	0.806
275	51	39.275	15.035	14	66	31.213	512	2082	11	9	12.489	5.199	36.793	0.658	2.402	0.416	0.797
276	421	35.751	17.786	2	82	87.983	3364	2083	26	27	30.064	17.830	48.832	0.683	1.686	0.593	0.867
277	78	43.744	16.185	10	75	40.284	703	2103	12	14	14.515	6.842	53.799	0.604	2.121	0.471	0.736
278	275	44.840	23.700	1	101	82.569	1144	2135	25	27	33.047	10.595	43.252	0.507	3.119	0.321	0.820
279	48	31.250	14.179	8	64	29.799	896	2150	9	10	11.601	5.268	44.762	0.679	2.202	0.454	0.780
280	1178	47.430	26.715	1	133	190.894	1705	2155	47	53	60.349	24.854	49.124	0.406	2.428	0.412	0.800
281	132	51.856	24.008	3	107	57.841	1817	2156	22	16	24.860	6.761	33.474	0.496	3.677	0.272	0.790
282	72	30.583	11.921	10	64	38.385	3498	2161	14	9	13.895	6.598	29.776	0.614	2.106	0.475	0.804
283	233	41.760	20.593	3	109	81.154	2870	2167	24	26	29.941	9.908	45.048	0.445	3.022	0.331	0.755
284	35	20.971	9.847	2	45	31.799	261	2169	10	9	9.444	4.719	53.462	0.435	2.001	0.500	0.588
285	70	36.029	15.027	3	72	34.042	1928	2171	10	12	12.920	6.898	54.729	0.759	1.873	0.534	0.833
286	1615	18.120	8.932	0	53	250.593	702	2174	50	56	58.438	35.188	55.725	0.323	1.661	0.602	0.819
287	105	41.162	20.412	1	92	54.770	296	2177	19	15	21.561	6.201	40.155	0.440	3.477	0.288	0.717
288	598	55.164	29.995	1	149	132.610	2121	2181	34	41	41.845	18.196	54.897	0.427	2.300	0.435	0.752
289	1301	63.531	30.037	3	152	197.137	113	2195	51	63	73.704	22.475	56.119	0.421	3.279	0.305	0.831
290	167	69.880	27.828	12	130	60.426	3038	2221	21	18	24.737	8.596	39.643	0.575	2.878	0.347	0.827
291	47	22.915	10.585	5	53	34.627	3537	2234	12	10	12.991	4.607	40.432	0.493	2.820	0.355	0.718
292	37	29.054	11.912	4	51	26.971	2616	2236	8	9	8.861	5.316	57.927	0.639	1.667	0.600	0.740
293	29021	22.648	14.565	0	104	1264.379	1115	2240	299	209	297.058	124.389	31.174	0.228	2.388	0.419	0.809
294	1288	48.939	26.949	0	118	153.581	3582	2242	47	47	53.782	30.492	46.742	0.686	1.764	0.567	0.895
295	59	25.542	12.129	4	69	32.627	1944	2243	11	10	13.750	5.463	45.550	0.696	2.517	0.397	0.831
296	127	17.220	9.895	1	46	60.426	2141	2264	20	19	23.860	6.777	43.148	0.437	3.521	0.284	0.715
297	68	36.426	15.246	6	69	35.456	3857	2266	10	13	13.624	6.355	53.184	0.680	2.144	0.466	0.800
298	161	36.329	13.942	2	70	55.113	898	2279	18	15	20.158	10.169	29.901	0.666	1.982	0.504	0.841
299	288	40.986	18.500	4	96	72.426	1526	2291	23	21	25.120	14.598	38.711	0.690	1.721	0.581	0.862
300	192	46.766	21.269	2	123	63.598	3098	2299	19	21	23.554	10.379	48.253	0.597	2.269	0.441	0.833
301	1356	55.405	30.581	1	150	192.208	2153	2309	64	48	75.773	22.785	35.363	0.461	3.325	0.301	0.848
302	765	50.250	25.064	2	125	185.865	787	2316	57	55	75.262	12.942	42.238	0.278	5.815	0.172	0.730
303	321	14.794	7.958	0	41	118.711	2551	2345	34	27	36.250	11.275	37.935	0.286	3.215	0.311	0.673
304	145	31.738	11.433	3	62	57.355	3314	2351	20	16	23.632	7.812	34.122	0.554	3.025	0.331	0.824
305	16	12.375	4.731	0	18	23.556	3481	2351	7	8	8.780	2.320	56.402	0.362	3.784	0.264	0.508
306	80	48.100	20.718	13	98	42.527	739	2357	14	14	18.626	5.469	42.240	0.556	3.406	0.294	0.777
307	70	25.700	12.028	3	58	43.941	3089	2362	16	13	18.688	4.769	37.707	0.456	3.919	0.255	0.722
308	3521	48.910	28.263	0	144	330.777	935	2368	84	78	72.851	61.538	31.470	0.404	1.184	0.845	0.793
309	56	12.054	6.097	1	25	50.284	53	2381	10	17	15.298	4.661	70.286	0.278	3.282	0.305	0.514
310	18	27.611	9.793	4	43	18.728	938	2389	5	7	6.388	3.588	49.123	0.645	1.780	0.562	0.720
311	261	49.379	21.685	5	114	83.740	3209	2402	27	26	33.567	9.900	43.909	0.468	3.391	0.295	0.798
312	105	16.714	8.854	1	38	46.284	3377	2405	13	13	14.221	9.401	46.539	0.616	1.513	0.661	0.792
313	1072	54.850	29.202	1	163	179.137	110	2414	58	44	59.086	23.100	26.907	0.420	2.558	0.391	0.770
314	499	42.874	21.620	1	128	127.681	2076	2430	42	37	50.570	12.564	41.555	0.385	4.025	0.248	0.809
315	1875	36.019	20.639	0	116	220.936	1604	2435	71	58	80.592	29.622	40.246	0.483	2.721	0.368	0.870
316	30	13.200	5.671	2	24	35.213	3065	2441	10	9	8.955	4.265	26.479	0.304	2.100	0.476	0.504
317	17	10.529	5.713	4	23	22.142	2342	2442	9	4	8.175	2.648	12.613	0.436	3.087	0.324	0.642
318	298	13.366	7.530	0	44	101.154	579	2446	25	23	26.095	14.540	44.130	0.366	1.795	0.557	0.704
319	42	16.405	10.051	1	41	35.213	158	2469	12	9	11.122	4.808	31.116	0.426	2.313	0.432	0.646
320	327	29.560	14.202	2	78	104.468	781	2473	31	28	35.147	11.846	33.019	0.377	2.967	0.337	0.691
321	343	20.426	9.796	1	48	126.711	3966	2473	33	26	36.196	12.066	37.933	0.268	3.000	0.333	0.667
322	5398	31.701	18.285	0	106	594.482	3024	2481	112	136	134.369	51.150	55.331	0.192	2.627	0.381	0.673
323	69	35.362	15.176	6	77	39.456	3229	2485	14	11	15.383	5.711	37.829	0.557	2.694	0.371	0.775
324	761	12.286	6.585	0	35	242.451	898	2491	37	39	36.594	26.478	57.738	0.163	1.382	0.724	0.680
325	78	64.077	24.638	15	118	37.456	2141	2496	12	12	13.667	7.267	50.079	0.699	1.881	0.532	0.796
326	320	28.128	17.143	1	80	99.882	150	2499	35	20	28.715	14.189	10.378	0.403	2.024	0.494	0.700
327	226	72.004	27.869	8	131	78.083	104	2500	23	25	30.912	9.309	48.085	0.466	3.321	0.301	0.779
328	813	15.144	7.993	1	41	174.995	1889	2500	42	35	43.360	23.873	36.028	0.334	1.816	0.551	0.792
329	17	28.588	13.295	5	48	19.556	31	2525	7	6	7.137	3.033	40.793	0.559	2.353	0.425	0.667
330	125	44.848	18.910	7	95	49.213	295	2546	11	18	18.639	8.539	67.714	0.649	2.183	0.458	0.853
331	95	49.463	21.986	5	97	50.184	3764	2566	18	15	22.246	5.437	40.127	0.474	4.091	0.244	0.805
332	221	59.977	24.191	6	118	67.598	299	2572	24	18	27.179	10.353	33.324	0.608	2.625	0.381	0.857
333	1318	40.329	20.440	1	120	185.380	1781	2573	57	43	56.012	29.960	29.430	0.482	1.870	0.535	0.859
334	18	21.167	10.684	4	37	21.314	2693	2574	5	7	6.430	3.564	43.023	0.498	1.804	0.554	0.643
335	500	48.540	25.315	2	128	104.711	3149	2574	33	33	38.061	16.726	48.685	0.573	2.276	0.439	0.842
336	4342	48.585	36.047	0	188	336.333	2471	2577	88	101	114.864	48.130	55.106	0.482	2.387	0.419	0.872
337	22	13.500	6.170	4	27	17.314	3343	2584	6	5	7.084	3.954	34.238	0.922	1.791	0.558	0.863
338	1044	43.314	23.341	1	103	149.439	2318	2586	41	45	44.840	29.645	52.552	0.587	1.513	0.661	0.861
339	813	19.585	9.370	1	53	157.924	2038	2589	42	43	51.820	19.976	47.270	0.410	2.594	0.385	0.805
340	50	22.020	9.948	1	38	33.456	3739	2598	11	11	14.753	4.315	43.226	0.561	3.419	0.293	0.775
341	19	18.105	7.468	8	32	20.385	430	2599	7	7	8.204	2.949	43.864	0.575	2.783	0.359	0.655
342	20	17.300	8.767	5	35	22.142	2364	2599	8	6	8.602	2.960	41.240	0.513	2.906	0.344	0.645
343	404	70.582	28.482	1	136	80.669	1835	2603	25	25	27.577	18.653	43.926	0.780	1.478	0.676	0.894
344	557	60.239	31.154	7	140	136.853	1624	2606	44	38	52.868	13.414	35.916	0.374	3.941	0.254	0.793
345	21	12.048	5.626	4	25	19.314	1208	2611	8	4	7.468	3.580	178.035	0.707	2.086	0.479	0.808
346	37	16.784	8.240	2	36	26.385	348	2634	9	7	9.918	4.750	31.503	0.668	2.088	0.479	0.779
347	1599	52.629	27.938	1	140	222.936	3217	2645	66	61	79.475	25.617	43.134	0.404	3.102	0.322	0.859
348	62	59.000	27.389	13	128	41.113	1	2648	13	13	16.458	4.797	40.718	0.461	3.431	0.291	0.734
349	120	50.675	19.197	9	93	44.284	2712	2654	13	15	16.982	8.997	50.166	0.769	1.888	0.530	0.863
350	23	28.000	13.153	5	51	24.385	2128	2661	9	7	9.694	3.021	44.224	0.486	3.209	0.312	0.657
351	1195	16.851	8.546	0	54	205.865	713	2665	49	49	56.336	27.008	41.589	0.354	2.086	0.479	0.792
352	1335	76.897	49.302	1	201	168.066	2220	2665	60	45	61.029	27.852	34.076	0.594	2.191	0.456	0.899
353	1920	27.909	14.610	0	79	264.049	3287	2680	73	60	70.109	34.869	42.278	0.346	2.011	0.497	0.759
354	16	18.000	8.477	1	36	17.556	2097	2693	6	6	8.087	2.519	48.123	0.652	3.211	0.311	0.727
355	60	15.300	5.753	4	28	67.841	328	2702	14	16	12.348	6.187	60.899	0.164	1.996	0.501	0.397
356	352	31.685	14.884	4	77	94.569	532	2713	33	22	34.556	12.970	31.532	0.495	2.664	0.375	0.803
357	28	22.393	8.189	6	45	27.556	417	2724	6	8	8.036	4.436	79.281	0.463	1.812	0.552	0.659
358	111	50.775	23.691	4	113	49.941	1203	2727	17	15	19.204	7.360	37.683	0.559	2.609	0.383	0.776
359	93	17.699	8.813	0	41	48.527	2722	2727	14	16	16.091	7.359	47.804	0.496	2.187	0.457	0.694
360	27	25.333	11.392	6	49	23.556	2367	2732	8	7	9.830	3.497	42.714	0.611	2.811	0.356	0.720
361	298	23.221	10.392	0	55	112.711	1974	2734	22	36	30.848	12.300	65.432	0.295	2.508	0.399	0.600
362	976	22.945	11.232	0	58	163.581	2046	2744	47	41	54.424	22.833	40.992	0.458	2.384	0.420	0.849
363	38	23.842	10.229	2	47	31.213	267	2747	11	9	12.457	3.884	34.224	0.490	3.207	0.312	0.697
364	336	35.137	17.923	2	92	101.882	3211	2751	39	26	41.163	10.393	29.448	0.407	3.961	0.252	0.770
365	51	28.412	12.009	7	53	28.385	1293	2772	9	9	10.731	6.051	46.450	0.795	1.773	0.564	0.843
366	185	80.800	30.390	8	160	63.841	3246	2781	19	20	24.234	9.720	46.388	0.570	2.493	0.401	0.796
367	30	34.133	11.637	5	53	20.728	2119	2787	8	5	8.174	4.673	25.254	0.877	1.749	0.572	0.909
368	927	14.822	8.451	0	48	184.066	1119	2791	42	43	40.636	29.045	50.639	0.344	1.399	0.715	0.761
369	219	26.032	12.752	0	58	78.569	440	2829	25	25	32.176	8.666	47.538	0.446	3.713	0.269	0.791
370	1657	34.156	17.519	1	96	263.220	3105	2831	72	71	89.211	23.649	48.440	0.301	3.772	0.265	0.756
371	74	30.770	13.996	2	62	43.698	3380	2837	14	13	15.792	5.966	40.953	0.487	2.647	0.378	0.715
372	197	47.604	17.865	7	103	63.355	2910	2843	23	16	26.314	9.532	30.044	0.617	2.760	0.362	0.851
373	2170	18.833	9.470	0	61	278.149	3028	2856	60	58	64.646	42.739	39.948	0.352	1.513	0.661	0.839
374	2521	44.447	25.751	1	140	264.836	2685	2857	75	65	67.426	47.606	39.973	0.452	1.416	0.706	0.797
375	336	42.807	20.120	1	112	81.497	611	2864	19	29	27.405	15.610	77.305	0.636	1.756	0.570	0.826
376	70	27.114	13.088	1	55	47.941	781	2871	17	14	18.679	4.772	34.140	0.383	3.915	0.255	0.642
377	226	77.425	30.622	12	150	67.255	3972	2872	22	21	27.420	10.494	43.205	0.628	2.613	0.383	0.851
378	21	16.476	8.733	2	34	24.385	2676	2873	10	6	10.492	2.548	32.863	0.444	4.117	0.243	0.667
379	46	44.870	16.610	15	75	29.213	1577	2878	8	11	11.577	5.059	52.679	0.677	2.288	0.437	0.807
380	58	32.190	12.700	5	59	28.627	3412	2878	10	9	9.856	7.493	32.419	0.889	1.315	0.760	0.835
381	142	50.092	24.059	4	131	59.355	523	2879	15	22	23.100	7.827	55.293	0.506	2.951	0.339	0.793
382	163	42.595	15.426	7	79	55.113	691	2885	19	15	18.486	11.227	32.219	0.674	1.647	0.607	0.811
383	320	29.875	18.541	1	93	82.083	1911	2886	27	24	31.411	12.971	39.672	0.597	2.422	0.413	0.838
384	607	46.404	25.252	1	127	125.439	1630	2889	39	38	46.644	16.569	48.329	0.485	2.815	0.355	0.813
385	461	29.516	14.196	1	76	113.397	205	2898	37	27	42.415	13.839	28.963	0.451	3.065	0.326	0.788
386	1033	54.258	29.296	1	150	194.794	924	2907	40	60	62.693	20.979	58.733	0.342	2.988	0.335	0.782
387	55	40.527	15.962	4	73	32.385	3975	2918	11	9	13.523	5.179	37.213	0.659	2.611	0.383	0.791
388	139	26.525	14.405	1	70	67.012	3871	2921	22	20	26.372	6.711	44.265	0.389	3.930	0.254	0.686
389	291	22.344	11.321	2	56	103.296	3268	2922	26	33	30.629	12.097	56.570	0.343	2.532	0.395	0.652
390	28	19.750	7.501	7	34	27.556	3026	2923	10	7	8.965	3.977	36.751	0.463	2.254	0.444	0.629
391	138	27.891	12.272	2	53	59.113	1335	2937	17	16	15.407	11.405	35.503	0.496	1.351	0.740	0.724
392	102	13.882	7.266	2	34	53.113	2175	2937	15	14	14.917	8.706	50.941	0.454	1.713	0.584	0.716
393	44	19.682	9.373	2	37	37.456	1115	2939	13	11	13.231	4.234	38.739	0.394	3.125	0.320	0.591
394	2192	47.750	29.218	0	154	252.936	1585	2942	85	57	85.932	32.478	27.870	0.431	2.646	0.378	0.793
395	2042	31.594	17.958	0	99	224.066	2588	2949	71	50	68.065	38.198	32.781	0.511	1.782	0.561	0.899
396	401	37.214	17.946	0	91	86.569	2842	2953	26	26	25.679	19.882	130.788	0.672	1.292	0.774	0.828
397	64	22.891	11.116	2	52	50.184	3819	2953	18	15	21.560	3.780	39.368	0.319	5.705	0.175	0.656
398	229	20.480	9.765	1	53	78.669	1806	2955	25	20	26.131	11.158	40.413	0.465	2.342	0.427	0.758
399	127	12.394	6.307	2	29	84.083	2185	2957	20	22	19.590	8.254	48.329	0.226	2.373	0.421	0.510
400	132	20.136	8.398	2	39	65.598	797	2958	21	15	19.874	8.457	38.738	0.385	2.350	0.426	0.672
401	21	11.810	4.905	3	21	19.314	946	2961	4	8	7.521	3.555	74.945	0.707	2.116	0.473	0.808
402	18	9.222	3.405	3	15	18.485	2185	2961	6	5	5.343	4.289	41.203	0.662	1.246	0.803	0.750
403	730	16.826	9.361	1	49	172.267	288	2967	43	32	39.760	23.377	26.388	0.309	1.701	0.588	0.691
404	111	20.604	10.653	3	56	50.770	66	2969	14	16	13.664	10.343	56.563	0.541	1.321	0.757	0.696
405	28	18.143	7.347	4	34	37.213	2661	2971	10	8	7.842	4.546	32.188	0.254	1.725	0.580	0.487
406	160	27.344	13.014	0	67	64.426	3669	2971	14	25	21.972	9.272	68.901	0.484	2.370	0.422	0.766
407	299	42.458	27.247	1	128	76.184	3807	2978	24	21	25.555	14.897	47.647	0.647	1.715	0.583	0.853
408	284	52.838	27.935	4	125	79.113	1967	2984	29	15	29.090	12.431	11.304	0.570	2.340	0.427	0.866
409	49	10.408	4.873	2	29	31.556	3112	2992	12	7	11.301	5.521	6.526	0.618	2.047	0.489	0.760
410	57	43.684	15.546	10	86	31.314	589	2993	12	6	12.345	5.879	15.510	0.730	2.100	0.476	0.884
411	54	18.148	7.035	4	40	44.627	1745	2993	17	6	15.788	4.355	1.903	0.341	3.625	0.276	0.671
