 	Area	Mean	StdDev	Min	Max	Perim.	BX	BY	Width	Height	Major	Minor	Angle	Circ.	AR	Round	Solidity
1	77	29.000	13.788	7	58	38.971	109	4	8	15	15.250	6.429	76.552	0.637	2.372	0.422	0.828
2	138	21.710	10.807	2	48	69.012	2097	5	20	18	21.546	8.155	43.084	0.364	2.642	0.378	0.690
3	306	16.644	8.544	0	49	88.083	525	37	22	25	26.029	14.968	115.168	0.496	1.739	0.575	0.784
4	242	63.149	19.471	2	108	59.113	889	45	17	19	20.442	15.073	56.585	0.870	1.356	0.737	0.906
5	71	36.183	8.112	13	53	31.799	951	54	9	11	10.431	8.667	85.493	0.882	1.204	0.831	0.866
6	40	20.575	9.323	5	41	27.314	1940	62	7	9	8.302	6.135	56.431	0.674	1.353	0.739	0.777
7	48	41.646	15.428	6	79	26.385	217	80	8	9	8.886	6.878	63.870	0.866	1.292	0.774	0.850
8	147	82.551	21.863	11	130	48.284	1257	80	14	15	17.142	10.918	40.690	0.792	1.570	0.637	0.875
9	590	61.488	33.688	2	157	109.397	1175	81	30	35	30.752	24.428	122.394	0.620	1.259	0.794	0.803
10	318	17.362	8.675	1	42	111.054	3745	91	29	26	28.003	14.459	46.812	0.324	1.937	0.516	0.690
11	148	33.628	12.551	5	68	53.113	3899	94	16	15	16.229	11.611	23.564	0.659	1.398	0.715	0.813
12	29	13.828	7.484	2	28	39.799	217	96	4	17	13.939	2.649	90.633	0.230	5.262	0.190	0.586
13	197	32.832	16.508	4	81	76.326	3323	110	27	20	26.342	9.522	28.164	0.425	2.767	0.361	0.714
14	59	25.576	10.520	1	48	34.627	418	112	11	11	12.052	6.233	39.528	0.618	1.934	0.517	0.742
15	178	33.972	14.280	4	66	62.770	3880	117	22	14	21.402	10.589	21.304	0.568	2.021	0.495	0.798
16	6085	16.084	8.888	0	64	562.926	2658	122	91	132	141.373	54.803	71.258	0.241	2.580	0.388	0.785
17	19	9.158	4.180	2	18	21.556	2865	129	6	8	6.543	3.698	73.346	0.514	1.769	0.565	0.603
18	22	19.182	11.396	3	43	20.142	3874	129	7	6	6.444	4.347	28.378	0.681	1.483	0.674	0.698
19	2436	19.867	10.103	0	61	319.362	1464	130	75	87	105.572	29.379	50.128	0.300	3.593	0.278	0.830
20	252	12.306	6.525	0	32	111.397	2845	133	25	23	19.110	16.790	27.828	0.255	1.138	0.879	0.619
21	126	45.706	17.187	6	90	45.456	654	134	13	15	13.388	11.983	82.276	0.766	1.117	0.895	0.834
22	1001	48.041	20.762	3	115	164.409	1299	138	48	48	58.309	21.858	46.129	0.465	2.668	0.375	0.812
23	124	19.919	9.779	2	50	52.042	434	139	16	15	19.597	8.057	43.571	0.575	2.432	0.411	0.770
24	24	24.333	11.720	1	42	20.142	728	155	5	8	6.862	4.453	89.233	0.743	1.541	0.649	0.787
25	865	31.395	15.028	0	84	148.853	3079	156	38	42	46.617	23.626	50.273	0.491	1.973	0.507	0.839
26	764	18.652	9.364	1	52	162.510	465	164	42	35	42.659	22.803	35.810	0.364	1.871	0.535	0.795
27	90	31.489	10.234	10	58	41.213	3737	177	12	13	13.488	8.496	51.439	0.666	1.588	0.630	0.804
28	16	12.750	5.675	3	22	20.142	2673	185	6	7	8.461	2.408	121.859	0.496	3.514	0.285	0.593
29	1073	46.237	23.177	1	133	172.652	2492	201	35	50	48.917	27.929	82.778	0.452	1.751	0.571	0.773
30	25	22.440	10.182	3	47	25.556	2940	205	6	9	7.915	4.022	76.786	0.481	1.968	0.508	0.633
31	199	56.759	23.328	2	114	60.527	2015	215	18	18	17.746	14.278	58.360	0.683	1.243	0.805	0.826
32	24	28.708	9.182	7	46	21.556	1376	217	8	6	6.968	4.385	28.211	0.649	1.589	0.629	0.706
33	67	26.537	11.570	8	56	32.385	1542	229	10	10	9.952	8.572	157.387	0.803	1.161	0.861	0.827
34	158	14.538	9.233	0	45	95.497	823	236	20	21	14.915	13.488	57.410	0.218	1.106	0.904	0.528
35	109	15.743	7.146	1	35	54.284	313	239	16	13	13.312	10.426	139.005	0.465	1.277	0.783	0.686
36	1418	29.094	16.682	1	88	200.451	2234	249	61	48	67.479	26.756	32.505	0.443	2.522	0.397	0.836
37	267	21.509	11.628	1	63	101.640	1449	257	27	25	29.102	11.681	40.081	0.325	2.491	0.401	0.643
38	68	27.588	12.659	4	54	36.385	1621	259	9	13	11.304	7.659	123.655	0.645	1.476	0.678	0.786
39	255	59.757	25.114	8	120	72.669	1135	268	21	23	26.831	12.101	50.608	0.607	2.217	0.451	0.823
40	27	27.111	10.739	5	47	24.142	271	276	7	8	7.502	4.582	51.443	0.582	1.637	0.611	0.667
41	136	37.794	11.858	12	71	46.870	2720	276	14	15	15.692	11.035	48.718	0.778	1.422	0.703	0.861
42	234	44.863	16.263	10	91	64.426	2991	293	23	17	20.442	14.575	20.300	0.708	1.403	0.713	0.846
43	31	25.452	11.144	11	51	22.971	3975	310	8	7	9.071	4.351	43.544	0.738	2.085	0.480	0.785
44	289	12.709	7.357	1	35	115.640	2677	313	25	22	27.371	13.444	41.159	0.272	2.036	0.491	0.690
45	50	36.160	11.741	8	58	32.385	468	314	10	9	10.583	6.015	37.031	0.599	1.759	0.568	0.758
46	375	47.259	15.886	12	111	81.497	958	315	28	21	28.241	16.907	17.035	0.710	1.670	0.599	0.862
47	125	40.144	16.611	5	79	50.770	3784	320	15	18	21.466	7.414	52.068	0.609	2.895	0.345	0.836
48	314	40.917	17.920	2	98	90.912	118	322	30	19	26.260	15.225	12.625	0.477	1.725	0.580	0.798
49	2255	28.953	15.055	0	82	232.894	3951	330	48	76	71.497	40.158	59.662	0.522	1.780	0.562	0.898
50	3834	38.678	20.480	1	124	322.434	975	334	94	70	90.549	53.911	30.151	0.463	1.680	0.595	0.858
51	86	41.058	10.975	17	65	35.213	1706	347	13	9	12.423	8.814	156.083	0.872	1.409	0.710	0.878
52	13296	23.632	18.083	0	134	812.406	3553	360	115	180	189.460	89.354	83.373	0.253	2.120	0.472	0.760
53	16	20.875	6.946	4	33	15.899	2645	361	5	5	4.932	4.130	43.977	0.795	1.194	0.837	0.842
54	16	16.812	6.069	8	30	16.728	475	367	5	6	5.904	3.451	59.363	0.719	1.711	0.584	0.727
55	47	16.957	7.351	2	36	36.042	922	369	11	12	14.666	4.080	45.534	0.455	3.594	0.278	0.662
56	35	22.057	13.108	1	45	25.556	3159	380	10	6	7.509	5.935	2.159	0.673	1.265	0.790	0.745
57	243	22.679	11.739	0	63	84.326	204	400	28	18	28.216	10.965	158.549	0.429	2.573	0.389	0.733
58	80	23.050	8.747	3	43	36.385	2948	409	11	11	10.805	9.427	58.880	0.759	1.146	0.873	0.816
59	240	70.017	22.698	11	115	64.184	617	433	20	19	22.365	13.663	41.348	0.732	1.637	0.611	0.863
60	22	22.955	9.892	9	45	22.728	1170	441	7	7	7.084	3.954	31.876	0.535	1.791	0.558	0.657
61	600	32.982	14.789	3	83	136.853	1994	452	28	45	42.023	18.179	69.662	0.403	2.312	0.433	0.744
62	109	35.945	14.303	4	75	49.355	94	453	15	17	18.386	7.548	43.219	0.562	2.436	0.411	0.762
63	95	42.421	15.974	7	81	39.799	39	459	14	10	14.166	8.538	12.231	0.754	1.659	0.603	0.856
64	30	32.067	11.169	15	62	22.971	436	462	8	7	8.287	4.609	39.324	0.714	1.798	0.556	0.769
65	4298	43.179	22.870	0	133	326.090	584	462	98	76	86.479	63.280	9.938	0.508	1.367	0.732	0.816
66	727	45.872	25.351	0	108	122.225	3127	464	38	30	36.614	25.281	20.659	0.612	1.448	0.690	0.875
67	380	50.189	19.322	2	106	80.326	825	480	23	25	24.414	19.818	51.001	0.740	1.232	0.812	0.878
68	75	34.027	14.444	5	56	33.799	3661	490	12	9	11.236	8.499	7.126	0.825	1.322	0.756	0.862
69	1286	46.572	22.937	0	137	191.723	402	494	61	48	68.820	23.792	36.352	0.440	2.893	0.346	0.840
70	1154	22.168	10.540	0	58	178.066	3801	497	46	51	61.488	23.896	51.422	0.457	2.573	0.389	0.852
71	62	38.645	13.210	11	73	35.213	308	498	13	9	10.872	7.261	162.847	0.628	1.497	0.668	0.743
72	96	30.500	12.337	7	69	44.284	473	505	14	12	13.320	9.177	29.849	0.615	1.452	0.689	0.787
73	338	13.210	7.544	0	42	117.640	3937	517	27	27	22.481	19.143	36.479	0.307	1.174	0.851	0.662
74	365	38.789	16.889	2	91	94.326	2986	520	36	19	35.473	13.101	18.435	0.516	2.708	0.369	0.820
75	16	14.938	5.893	4	24	15.314	1130	522	5	5	6.270	3.249	37.035	0.857	1.930	0.518	0.842
76	76	10.961	6.163	1	30	65.698	2555	527	14	14	12.787	7.567	35.039	0.221	1.690	0.592	0.524
77	44	22.273	9.837	4	43	28.627	872	531	10	9	12.034	4.655	44.291	0.675	2.585	0.387	0.800
78	545	16.756	9.430	1	49	145.681	759	542	30	35	34.062	20.372	53.926	0.323	1.672	0.598	0.743
79	49	19.102	8.040	5	39	30.971	87	555	9	10	10.704	5.828	54.952	0.642	1.837	0.544	0.754
80	291	36.021	14.694	2	74	79.497	1657	558	26	20	26.263	14.108	20.014	0.579	1.862	0.537	0.796
81	181	28.967	15.501	2	78	62.184	71	567	17	20	22.256	10.355	57.047	0.588	2.149	0.465	0.790
82	35	24.743	12.545	5	47	27.799	2459	569	7	9	7.547	5.905	99.739	0.569	1.278	0.782	0.700
83	30	23.267	9.702	9	50	25.556	1443	592	9	7	9.550	4.000	41.787	0.577	2.388	0.419	0.769
84	85	49.941	19.970	11	102	40.627	3567	593	14	11	14.507	7.460	37.946	0.647	1.945	0.514	0.813
85	25	19.360	11.690	7	49	26.971	1012	596	10	7	10.150	3.136	34.321	0.432	3.237	0.309	0.588
86	217	43.751	16.461	11	100	61.941	1155	597	18	18	19.327	14.296	127.051	0.711	1.352	0.740	0.849
87	40	39.025	13.513	11	61	23.213	58	600	8	8	7.835	6.500	37.483	0.933	1.205	0.830	0.825
88	36	13.750	5.779	4	23	28.385	2728	609	9	9	7.045	6.506	12.219	0.561	1.083	0.924	0.655
89	5780	31.212	16.151	1	102	524.600	2102	620	138	132	177.114	41.551	45.679	0.264	4.263	0.235	0.777
90	1521	44.445	21.142	1	114	186.066	1528	630	51	49	55.973	34.599	46.130	0.552	1.618	0.618	0.875
91	66	32.197	13.609	8	68	37.456	2961	643	12	12	12.614	6.662	43.833	0.591	1.894	0.528	0.706
92	2252	64.837	35.146	2	162	232.350	959	647	63	71	62.854	45.619	54.828	0.524	1.378	0.726	0.817
93	187	48.679	17.671	1	90	57.698	3139	647	18	17	17.567	13.553	39.273	0.706	1.296	0.772	0.844
94	4911	30.351	15.084	0	98	368.132	1620	652	99	99	117.528	53.203	43.927	0.455	2.209	0.453	0.874
95	1743	15.014	8.351	0	52	269.522	105	658	60	46	53.541	41.450	23.157	0.302	1.292	0.774	0.813
96	1321	67.514	37.521	1	170	203.622	3311	661	54	49	46.829	35.917	46.544	0.400	1.304	0.767	0.707
97	19	18.421	6.176	7	28	26.142	3682	661	6	6	5.460	4.431	169.408	0.349	1.232	0.812	0.567
98	196	10.291	5.729	0	31	91.497	2429	674	31	13	26.898	9.278	7.342	0.294	2.899	0.345	0.676
99	7090	19.777	10.140	0	63	501.772	1900	681	105	121	132.173	68.299	52.702	0.354	1.935	0.517	0.875
100	145	11.559	7.020	0	34	80.669	1293	686	18	21	17.562	10.513	51.324	0.280	1.671	0.599	0.584
101	13884	35.708	32.364	0	171	743.772	1	688	125	223	197.056	89.709	99.127	0.315	2.197	0.455	0.739
102	41	14.829	6.960	5	33	32.385	2440	692	7	12	11.104	4.701	68.447	0.491	2.362	0.423	0.661
103	298	79.725	29.913	14	149	69.941	612	699	17	25	24.023	15.794	89.450	0.766	1.521	0.657	0.887
104	584	13.062	8.123	0	40	268.836	761	702	40	38	32.252	23.055	51.408	0.102	1.399	0.715	0.567
105	102	23.137	11.303	2	62	52.770	1481	738	12	17	15.989	8.122	68.898	0.460	1.969	0.508	0.682
106	16	18.750	9.241	7	36	18.142	1519	740	6	6	5.778	3.526	50.680	0.611	1.639	0.610	0.640
107	397	70.642	26.595	3	121	79.255	3617	757	22	26	25.814	19.581	89.434	0.794	1.318	0.759	0.894
108	217	72.124	28.117	8	135	62.527	1730	763	12	25	24.700	11.186	80.801	0.697	2.208	0.453	0.899
109	40	29.425	11.545	8	58	26.385	3248	769	9	8	11.012	4.625	42.835	0.722	2.381	0.420	0.833
110	279	46.061	17.414	10	106	72.426	981	783	24	20	25.914	13.708	40.074	0.668	1.890	0.529	0.856
111	2545	19.558	9.934	0	63	293.463	1801	786	59	69	72.393	44.761	53.148	0.371	1.617	0.618	0.856
112	125	33.120	16.263	2	73	51.698	1200	791	14	16	16.085	9.895	44.900	0.588	1.626	0.615	0.799
113	29	25.517	12.150	8	58	22.971	2767	792	8	7	8.358	4.418	48.810	0.691	1.892	0.529	0.784
114	268	12.772	6.639	1	33	121.054	3427	820	23	27	21.061	16.202	50.093	0.230	1.300	0.769	0.642
115	27	27.444	14.012	3	55	20.142	1071	826	7	6	7.440	4.621	16.194	0.836	1.610	0.621	0.783
116	6175	41.912	22.817	0	134	432.659	3244	832	110	112	107.220	73.328	56.037	0.415	1.462	0.684	0.780
117	18	21.500	7.786	9	35	19.556	3971	840	7	6	8.442	2.715	43.064	0.591	3.109	0.322	0.706
118	49	40.816	15.530	9	79	28.971	3801	854	7	11	10.354	6.026	68.022	0.734	1.718	0.582	0.824
119	44	25.727	10.697	5	50	31.213	1338	883	9	9	7.863	7.125	140.941	0.568	1.104	0.906	0.710
120	1445	44.051	22.304	2	115	194.652	2392	886	44	55	53.299	34.519	78.819	0.479	1.544	0.648	0.783
121	2294	48.048	24.657	2	137	269.120	1037	889	83	77	100.247	29.136	42.186	0.398	3.441	0.291	0.827
122	73	41.699	14.413	13	73	34.385	2504	898	12	9	12.629	7.360	35.095	0.776	1.716	0.583	0.854
123	28	17.536	10.823	3	40	24.385	1024	902	7	9	9.603	3.712	52.855	0.592	2.587	0.387	0.718
124	16	9.625	4.500	2	21	20.728	3961	905	5	8	7.321	2.783	124.242	0.468	2.631	0.380	0.627
125	96	19.594	9.111	4	44	55.456	1430	908	9	21	20.652	5.919	80.464	0.392	3.489	0.287	0.706
126	64	13.062	9.249	0	38	57.113	3948	908	12	12	10.290	7.919	57.236	0.247	1.299	0.770	0.533
127	19	10.316	4.015	2	20	21.556	198	918	7	7	5.669	4.267	158.435	0.514	1.328	0.753	0.585
128	624	15.446	8.674	0	41	152.853	3365	918	32	42	40.834	19.457	54.013	0.336	2.099	0.476	0.753
129	24	25.917	11.375	7	52	21.556	3893	920	7	7	8.639	3.537	41.318	0.649	2.442	0.409	0.738
130	1924	15.375	8.104	0	46	265.907	3905	920	49	65	61.527	39.815	58.180	0.342	1.545	0.647	0.831
131	198	15.141	8.108	0	38	127.882	822	932	21	24	17.182	14.673	62.241	0.152	1.171	0.854	0.538
132	600	42.362	17.670	4	96	105.296	3650	936	31	34	34.477	22.158	49.998	0.680	1.556	0.643	0.875
133	646	36.839	19.445	1	87	166.167	3026	937	30	45	39.312	20.923	101.666	0.294	1.879	0.532	0.680
134	3878	23.252	10.660	0	76	325.262	3360	944	79	83	96.746	51.037	47.674	0.461	1.896	0.528	0.897
135	21	13.429	5.259	4	24	23.799	818	951	8	6	7.084	3.774	156.894	0.466	1.877	0.533	0.568
136	1170	40.385	19.996	1	103	231.179	1206	973	67	57	72.942	20.423	34.470	0.275	3.572	0.280	0.614
137	167	32.263	13.225	1	70	60.184	3266	973	19	18	21.697	9.800	37.301	0.579	2.214	0.452	0.793
138	66	40.591	12.871	12	74	32.627	2154	974	10	11	12.302	6.831	49.400	0.779	1.801	0.555	0.830
139	570	33.149	15.444	1	85	126.468	2998	978	22	42	40.083	18.106	92.567	0.448	2.214	0.452	0.750
140	380	15.358	7.843	0	46	129.782	1581	985	28	30	29.853	16.207	49.577	0.284	1.842	0.543	0.695
141	107	19.019	9.438	2	42	49.113	3696	992	14	14	15.133	9.002	54.029	0.557	1.681	0.595	0.735
142	43	37.000	12.649	5	65	25.556	2414	994	8	8	10.412	5.259	47.126	0.827	1.980	0.505	0.869
143	951	12.713	7.041	0	41	202.309	3221	997	43	42	39.797	30.426	40.481	0.292	1.308	0.765	0.752
144	38	54.842	19.467	11	94	22.728	24	1000	8	6	8.554	5.656	173.792	0.924	1.512	0.661	0.894
145	28	11.750	7.331	1	34	37.213	1577	1005	6	11	8.308	4.291	85.110	0.254	1.936	0.516	0.538
146	24	27.542	14.179	5	52	25.556	778	1007	8	8	7.431	4.112	49.427	0.462	1.807	0.553	0.615
147	711	62.314	23.422	2	117	117.296	2148	1009	30	39	36.567	24.757	86.930	0.649	1.477	0.677	0.862
148	306	37.193	19.127	2	87	92.569	2472	1009	26	26	22.047	17.672	35.685	0.449	1.248	0.802	0.717
149	275	47.756	22.716	4	114	70.083	22	1013	23	20	22.263	15.728	30.994	0.704	1.416	0.706	0.863
150	22	16.318	8.115	2	31	26.385	3014	1024	6	9	7.227	3.876	58.130	0.397	1.865	0.536	0.603
151	328	58.491	22.563	4	130	75.012	1258	1029	24	21	26.287	15.887	39.137	0.733	1.655	0.604	0.893
152	44	29.545	11.042	8	52	26.385	230	1031	9	8	10.452	5.360	38.183	0.794	1.950	0.513	0.854
153	82	34.927	12.906	8	67	38.042	3399	1032	13	10	10.974	9.514	12.500	0.712	1.153	0.867	0.796
154	250	13.632	7.348	1	39	133.296	1570	1041	21	31	29.028	10.966	65.289	0.177	2.647	0.378	0.566
155	20	27.350	11.495	8	57	16.485	3995	1041	4	6	6.008	4.239	79.166	0.925	1.417	0.706	0.930
156	368	40.370	19.285	3	101	89.497	1425	1044	28	25	30.126	15.553	42.127	0.577	1.937	0.516	0.816
157	718	33.262	16.517	1	90	131.296	3344	1055	38	35	35.141	26.015	36.064	0.523	1.351	0.740	0.814
158	764	37.432	15.609	1	91	140.610	597	1060	27	45	47.018	20.689	76.559	0.486	2.273	0.440	0.836
159	1452	18.720	9.814	0	58	205.966	257	1063	54	44	52.785	35.024	26.359	0.430	1.507	0.664	0.841
160	769	48.831	23.447	3	129	141.439	1056	1066	41	39	48.618	20.139	41.142	0.483	2.414	0.414	0.795
161	24	10.833	6.888	0	25	21.556	3398	1066	7	7	7.542	4.052	126.398	0.649	1.861	0.537	0.738
162	99	39.101	12.603	13	74	40.870	2515	1067	14	12	15.050	8.375	38.064	0.745	1.797	0.556	0.832
163	49	20.633	10.482	3	41	28.385	221	1070	9	9	10.666	5.849	48.883	0.764	1.824	0.548	0.831
164	215	17.507	8.848	1	49	127.296	881	1081	29	20	26.626	10.281	23.661	0.167	2.590	0.386	0.581
165	24370	21.941	13.439	0	103	980.472	1431	1089	185	209	199.444	155.577	68.017	0.319	1.282	0.780	0.864
166	53	31.434	10.904	4	53	30.971	3018	1090	10	9	10.874	6.206	39.731	0.694	1.752	0.571	0.785
167	20	18.600	11.486	1	35	20.728	1187	1094	6	7	6.005	4.241	80.869	0.585	1.416	0.706	0.645
168	22	14.909	6.125	4	25	21.314	873	1095	6	7	6.049	4.631	84.856	0.609	1.306	0.766	0.710
169	125	30.608	14.187	2	61	49.941	3193	1100	19	12	17.563	9.062	160.694	0.630	1.938	0.516	0.786
170	17	14.176	8.546	1	29	22.728	3290	1108	7	6	5.644	3.835	45.842	0.414	1.472	0.679	0.557
171	279	39.039	17.952	5	96	75.497	1650	1122	21	21	22.893	15.517	54.450	0.615	1.475	0.678	0.828
172	91	35.165	10.961	8	65	38.042	3112	1144	13	11	11.613	9.977	2.423	0.790	1.164	0.859	0.824
173	460	26.843	12.768	2	77	115.539	3221	1144	28	38	39.635	14.777	57.319	0.433	2.682	0.373	0.768
174	120	14.575	8.447	0	46	72.326	1874	1153	19	19	18.602	8.214	43.987	0.288	2.265	0.442	0.611
175	59	23.441	11.201	3	51	34.042	1198	1172	9	12	11.031	6.810	63.736	0.640	1.620	0.617	0.756
176	36	12.389	8.278	2	35	26.728	1772	1173	10	6	9.430	4.861	24.767	0.633	1.940	0.515	0.818
177	39	28.000	10.969	5	53	24.728	1371	1176	8	7	8.184	6.068	121.137	0.801	1.349	0.741	0.839
178	1163	14.874	7.958	0	40	184.409	1657	1193	46	42	43.476	34.060	33.491	0.430	1.276	0.783	0.817
179	15171	21.709	11.501	0	71	690.181	2766	1216	182	138	162.171	119.110	14.104	0.400	1.362	0.734	0.866
180	1328	23.607	11.299	1	61	184.309	3835	1241	53	46	60.110	28.130	38.693	0.491	2.137	0.468	0.866
181	23	25.174	14.199	1	53	18.728	529	1251	5	7	6.298	4.650	97.058	0.824	1.354	0.738	0.807
182	56	46.089	15.637	9	76	32.385	702	1258	9	11	10.831	6.583	53.391	0.671	1.645	0.608	0.783
183	24	22.917	9.864	7	46	17.556	1843	1260	6	6	6.517	4.689	51.454	0.978	1.390	0.720	0.828
184	347	63.674	25.682	11	120	82.669	1591	1266	24	25	26.727	16.531	51.030	0.638	1.617	0.618	0.844
185	6237	21.626	10.979	0	68	461.487	615	1277	97	100	98.420	80.687	36.085	0.368	1.220	0.820	0.864
186	16	9.125	5.149	1	17	25.556	3020	1314	9	7	10.218	1.994	26.565	0.308	5.125	0.195	0.516
187	680	47.935	23.627	0	121	117.296	3903	1314	35	34	40.902	21.168	48.977	0.621	1.932	0.518	0.870
188	51	38.098	14.238	5	71	29.799	237	1320	10	8	9.693	6.699	32.143	0.722	1.447	0.691	0.810
189	169	23.870	11.457	3	55	65.012	3576	1340	18	21	23.248	9.256	51.577	0.502	2.512	0.398	0.788
190	104	28.115	11.180	7	62	46.627	2019	1354	10	17	16.159	8.195	69.617	0.601	1.972	0.507	0.797
191	557	66.294	28.502	2	152	106.811	448	1358	28	32	32.863	21.580	56.511	0.614	1.523	0.657	0.855
192	59	22.254	9.041	6	40	32.971	3244	1364	9	10	11.216	6.697	51.917	0.682	1.675	0.597	0.808
193	17	17.471	11.452	4	43	16.142	1607	1369	6	5	5.993	3.611	35.998	0.820	1.660	0.603	0.739
194	47	28.745	8.433	5	44	28.042	2808	1372	9	9	8.523	7.021	38.118	0.751	1.214	0.824	0.783
195	35	15.571	6.437	2	28	26.385	1330	1375	7	9	9.366	4.758	52.984	0.632	1.969	0.508	0.745
196	35	7.629	6.146	1	23	31.556	651	1377	6	13	12.003	3.713	83.069	0.442	3.233	0.309	0.654
197	181	25.155	11.991	2	58	63.355	3569	1382	17	19	19.806	11.636	47.710	0.567	1.702	0.587	0.780
198	57	47.386	13.110	18	78	28.728	1009	1389	10	7	9.736	7.455	17.337	0.868	1.306	0.766	0.905
199	517	14.915	8.230	0	44	217.037	593	1393	40	30	31.144	21.136	13.827	0.138	1.473	0.679	0.587
200	30	10.633	6.734	0	25	36.042	634	1393	11	7	8.434	4.529	2.418	0.290	1.862	0.537	0.496
201	334	43.473	18.078	7	89	80.669	58	1396	25	23	28.412	14.968	39.205	0.645	1.898	0.527	0.861
202	6222	33.461	18.566	0	124	507.671	94	1403	110	120	105.393	75.167	51.010	0.303	1.402	0.713	0.731
203	57	25.474	8.700	2	41	29.314	3491	1405	9	8	9.979	7.273	143.933	0.834	1.372	0.729	0.919
204	50	43.980	11.488	21	66	26.142	555	1407	9	7	9.513	6.692	28.966	0.919	1.422	0.703	0.901
205	1169	50.983	29.095	0	130	148.024	615	1452	45	40	44.194	33.679	164.921	0.670	1.312	0.762	0.878
206	152	37.789	16.116	2	74	61.598	428	1467	20	19	24.122	8.023	40.356	0.503	3.007	0.333	0.794
207	149	43.161	14.925	6	75	51.598	3159	1503	18	16	18.885	10.046	33.884	0.703	1.880	0.532	0.830
208	770	13.597	7.370	0	41	148.225	1	1507	28	44	39.634	24.736	76.451	0.440	1.602	0.624	0.826
209	1251	15.656	8.230	0	51	193.238	3842	1534	41	47	43.786	36.378	62.365	0.421	1.204	0.831	0.820
210	73	18.329	9.195	2	37	53.698	3261	1540	15	14	13.323	6.977	54.973	0.318	1.910	0.524	0.573
211	73	34.178	12.539	7	63	36.385	2627	1545	11	11	12.334	7.536	36.656	0.693	1.637	0.611	0.793
212	39	17.692	7.757	2	35	25.314	1804	1547	8	7	8.093	6.136	13.681	0.765	1.319	0.758	0.848
213	38	32.237	13.929	3	56	27.556	267	1551	7	10	10.560	4.582	55.015	0.629	2.305	0.434	0.768
214	110	17.691	9.469	2	40	51.113	648	1554	14	18	16.956	8.260	53.623	0.529	2.053	0.487	0.701
215	40	16.450	8.967	3	39	26.385	3677	1560	8	9	7.785	6.542	65.952	0.722	1.190	0.840	0.748
216	1196	36.890	18.496	2	103	167.681	396	1568	40	51	50.097	30.397	66.318	0.535	1.648	0.607	0.819
217	25	15.920	7.354	3	31	20.728	3673	1568	5	8	6.368	4.999	85.388	0.731	1.274	0.785	0.794
218	135	44.244	14.998	13	83	51.355	950	1569	19	14	20.399	8.426	34.016	0.643	2.421	0.413	0.831
219	25	17.360	7.106	3	30	17.899	627	1574	5	6	6.091	5.226	119.420	0.981	1.166	0.858	0.926
220	344	33.866	17.470	1	103	80.426	721	1584	24	24	28.228	15.516	43.922	0.668	1.819	0.550	0.846
221	1066	49.578	22.611	0	108	141.782	2180	1585	36	42	38.709	35.063	94.934	0.666	1.104	0.906	0.878
222	75	13.627	6.255	3	29	43.213	2900	1585	13	12	13.485	7.082	37.247	0.505	1.904	0.525	0.732
223	50	37.300	11.862	2	60	28.385	1012	1590	9	9	8.691	7.325	31.241	0.780	1.186	0.843	0.813
224	48	32.771	8.961	4	48	26.142	3452	1593	9	7	9.164	6.669	29.166	0.883	1.374	0.728	0.897
225	580	54.312	22.490	2	131	113.054	128	1596	42	25	35.764	20.649	16.888	0.570	1.732	0.577	0.829
226	221	19.281	9.490	1	53	83.598	3165	1596	18	25	26.129	10.769	59.079	0.397	2.426	0.412	0.757
227	1807	16.047	8.841	0	53	274.007	2987	1601	54	61	59.473	38.685	126.353	0.302	1.537	0.650	0.782
228	151	16.377	7.242	3	37	89.497	3474	1602	18	20	20.613	9.327	52.054	0.237	2.210	0.452	0.633
229	1977	25.693	11.999	1	80	250.836	501	1611	47	77	73.898	34.063	64.835	0.395	2.169	0.461	0.824
230	276	69.395	26.989	5	127	73.255	2243	1625	24	21	26.588	13.217	38.344	0.646	2.012	0.497	0.829
231	50	23.320	10.726	5	46	29.213	1311	1633	10	9	9.773	6.514	46.684	0.736	1.500	0.667	0.763
232	117	56.949	15.466	7	91	39.213	1381	1633	13	11	12.909	11.540	11.921	0.956	1.119	0.894	0.929
233	71	19.803	8.881	1	40	35.213	3848	1638	13	8	12.231	7.391	2.309	0.720	1.655	0.604	0.811
234	30	18.600	10.318	3	48	23.799	309	1639	8	8	9.326	4.096	48.068	0.666	2.277	0.439	0.714
235	355	15.076	7.681	1	42	108.326	1663	1639	24	26	24.416	18.513	54.856	0.380	1.319	0.758	0.713
236	3212	42.004	21.346	0	110	276.635	1282	1640	82	74	97.001	42.161	38.481	0.527	2.301	0.435	0.899
237	233	32.597	15.686	1	84	71.598	79	1647	20	23	24.820	11.952	52.180	0.571	2.077	0.482	0.809
238	464	33.961	15.083	2	70	129.397	1951	1668	41	30	41.965	14.078	149.139	0.348	2.981	0.335	0.608
239	207	20.754	10.506	1	48	76.669	2409	1673	19	26	25.794	10.218	58.552	0.443	2.524	0.396	0.711
240	18	14.944	6.111	3	23	18.728	681	1684	5	7	5.862	3.910	74.305	0.645	1.499	0.667	0.706
241	178	42.112	17.117	6	98	59.598	3174	1687	20	17	22.446	10.097	31.790	0.630	2.223	0.450	0.820
242	37	23.081	8.535	5	40	29.799	1770	1689	9	9	9.788	4.813	39.683	0.524	2.034	0.492	0.661
243	572	54.042	26.218	2	120	107.983	2046	1691	30	35	37.782	19.276	53.533	0.616	1.960	0.510	0.863
244	408	13.353	7.505	0	51	146.610	2706	1698	33	30	30.794	16.870	44.347	0.239	1.825	0.548	0.641
245	85	22.506	9.931	1	42	40.627	3911	1705	9	14	13.846	7.816	76.394	0.647	1.771	0.564	0.802
246	38	19.684	9.352	3	43	30.385	2124	1729	8	11	11.799	4.101	65.776	0.517	2.877	0.348	0.697
247	33	30.970	13.180	5	55	22.385	3826	1739	8	7	9.052	4.641	38.560	0.828	1.950	0.513	0.815
248	30	25.900	11.382	4	52	26.971	1287	1740	6	9	8.481	4.504	80.040	0.518	1.883	0.531	0.674
249	29	22.207	7.311	1	34	20.142	2897	1742	6	7	8.013	4.608	54.571	0.898	1.739	0.575	0.853
250	156	41.603	16.109	0	83	59.012	2513	1751	17	20	21.913	9.064	50.718	0.563	2.418	0.414	0.784
251	238	55.878	20.386	9	102	65.941	785	1759	18	21	20.916	14.488	58.822	0.688	1.444	0.693	0.847
252	24	13.167	6.377	3	22	21.314	1800	1769	8	5	7.967	3.835	22.146	0.664	2.077	0.481	0.814
253	45	17.044	7.681	1	32	30.971	1790	1772	9	9	9.173	6.246	36.637	0.590	1.469	0.681	0.714
254	282	44.922	19.646	0	89	74.426	1700	1777	23	22	26.553	13.522	40.481	0.640	1.964	0.509	0.836
255	71	61.521	18.417	18	99	33.213	332	1778	9	12	12.289	7.356	58.485	0.809	1.671	0.599	0.861
256	452	26.064	12.732	3	58	142.267	1106	1800	49	32	54.245	10.609	30.424	0.281	5.113	0.196	0.687
257	54	11.278	6.239	2	26	36.971	1887	1801	11	11	10.053	6.840	0.708	0.496	1.470	0.680	0.643
258	16	11.688	6.993	0	23	29.213	1877	1802	8	9	7.604	2.679	46.588	0.236	2.838	0.352	0.432
259	832	13.417	7.708	0	43	217.037	346	1803	41	42	36.021	29.409	44.293	0.222	1.225	0.816	0.702
260	83	22.096	9.402	3	41	40.870	2403	1806	12	14	16.370	6.456	50.605	0.624	2.536	0.394	0.790
261	1245	52.412	26.416	0	147	166.167	557	1809	50	46	57.106	27.759	43.075	0.567	2.057	0.486	0.863
262	142	13.268	7.157	1	32	95.740	1874	1809	19	22	15.364	11.768	67.444	0.195	1.306	0.766	0.488
263	172	26.657	12.010	4	63	59.355	3381	1811	14	20	18.742	11.685	95.745	0.614	1.604	0.623	0.793
264	1082	12.280	6.667	0	45	189.581	3090	1815	43	41	38.679	35.617	25.395	0.378	1.086	0.921	0.806
265	23	9.304	4.507	0	17	24.971	2149	1825	7	7	7.442	3.935	27.687	0.464	1.891	0.529	0.613
266	3639	15.921	8.820	0	56	385.990	1149	1831	86	69	81.053	57.164	8.313	0.307	1.418	0.705	0.822
267	16	11.000	7.746	2	27	21.899	1877	1832	9	4	7.329	2.779	159.868	0.419	2.637	0.379	0.615
268	2784	20.573	9.834	1	62	298.149	3001	1858	62	82	85.906	41.262	58.374	0.394	2.082	0.480	0.871
269	23	16.739	6.743	5	29	22.142	3107	1858	9	5	7.725	3.791	22.413	0.590	2.038	0.491	0.697
270	405	52.148	22.014	2	110	85.598	2610	1878	19	30	30.077	17.145	76.450	0.695	1.754	0.570	0.894
271	9133	43.146	28.594	0	170	590.926	1119	1907	126	149	127.304	91.345	72.012	0.329	1.394	0.718	0.763
272	559	49.778	21.549	4	113	96.083	2722	1908	23	34	35.223	20.207	75.331	0.761	1.743	0.574	0.905
273	402	14.873	8.358	0	43	121.640	85	1910	26	31	29.628	17.275	54.718	0.341	1.715	0.583	0.741
274	44	21.295	10.322	2	46	26.142	2280	1911	8	8	7.586	7.385	135.000	0.809	1.027	0.973	0.830
275	264	49.629	16.881	1	87	73.012	1402	1919	19	23	23.560	14.267	51.840	0.622	1.651	0.606	0.825
276	60	14.683	8.169	2	39	46.042	3297	1921	11	12	10.428	7.326	45.664	0.356	1.423	0.703	0.638
277	79	35.734	12.035	10	66	35.799	1000	1923	10	12	11.359	8.855	56.888	0.775	1.283	0.780	0.849
278	169	66.053	19.169	4	112	56.770	1596	1927	15	19	16.723	12.867	74.632	0.659	1.300	0.769	0.805
279	1501	44.061	23.536	1	120	201.966	3185	1930	53	61	66.875	28.578	47.483	0.462	2.340	0.427	0.839
280	409	11.174	6.189	0	40	176.510	1642	1949	29	34	29.163	17.857	124.346	0.165	1.633	0.612	0.588
281	2497	36.409	21.369	0	113	310.350	1	1951	50	95	88.114	36.082	77.844	0.326	2.442	0.409	0.772
282	18	16.944	9.245	5	39	17.314	2265	1954	6	5	6.904	3.320	39.621	0.755	2.080	0.481	0.750
283	19	12.000	7.535	2	27	20.142	1636	1957	6	7	6.531	3.704	122.151	0.589	1.763	0.567	0.633
284	153	15.392	8.976	1	54	89.154	1460	1965	17	21	15.925	12.232	85.127	0.242	1.302	0.768	0.585
285	30	31.967	8.340	18	47	31.799	3021	1971	8	8	8.253	4.628	55.558	0.373	1.783	0.561	0.625
286	80	43.862	17.235	5	86	36.971	691	1975	10	10	10.956	9.297	49.160	0.736	1.178	0.849	0.847
287	114	33.351	14.431	2	65	51.698	2956	1980	17	15	18.787	7.726	47.630	0.536	2.432	0.411	0.784
288	179	28.285	13.994	3	68	56.284	591	1983	16	18	18.310	12.448	49.751	0.710	1.471	0.680	0.834
289	105	22.895	10.180	1	46	51.456	2967	1987	16	15	17.443	7.664	38.067	0.498	2.276	0.439	0.695
290	55	18.855	8.980	4	41	38.627	3753	1991	9	13	12.277	5.704	80.856	0.463	2.152	0.465	0.659
291	1434	56.483	36.675	0	167	172.510	838	1995	42	53	48.990	37.269	78.849	0.606	1.315	0.761	0.866
292	749	74.445	34.023	1	153	122.953	2263	1996	38	34	43.491	21.928	35.605	0.623	1.983	0.504	0.879
293	255	27.325	11.222	2	59	82.669	1339	2001	24	22	25.076	12.948	41.064	0.469	1.937	0.516	0.748
294	38	21.500	12.361	2	57	29.799	3872	2006	10	9	11.233	4.307	42.060	0.538	2.608	0.383	0.691
295	381	43.210	16.557	5	80	103.054	265	2009	36	29	42.679	11.366	35.218	0.451	3.755	0.266	0.751
296	689	24.476	13.399	0	79	168.066	2186	2012	49	50	64.199	13.665	46.215	0.307	4.698	0.213	0.718
297	117	35.624	13.950	5	74	51.698	139	2015	15	14	13.989	10.649	120.388	0.550	1.314	0.761	0.750
298	93	26.925	11.958	4	65	38.284	2524	2017	12	13	12.918	9.166	60.569	0.797	1.409	0.710	0.853
299	50	37.280	11.434	8	70	28.627	3153	2022	9	10	9.456	6.732	48.877	0.767	1.405	0.712	0.775
300	126	18.683	8.649	2	44	58.527	649	2030	18	17	19.861	8.077	45.675	0.462	2.459	0.407	0.687
301	2497	33.630	18.317	1	102	269.321	3358	2030	73	76	93.083	34.155	45.521	0.433	2.725	0.367	0.822
302	99	30.242	13.291	4	58	53.941	3149	2043	16	16	19.528	6.455	46.105	0.428	3.025	0.331	0.705
303	29	21.241	9.440	2	40	30.971	3284	2054	9	8	8.983	4.111	31.090	0.380	2.185	0.458	0.598
304	54	21.722	10.657	4	50	30.971	3917	2055	8	11	10.292	6.681	56.972	0.707	1.541	0.649	0.806
305	726	14.482	7.911	0	50	178.409	271	2069	31	42	38.346	24.106	64.308	0.287	1.591	0.629	0.759
306	6149	18.802	9.761	0	64	459.002	2625	2072	68	137	136.547	57.337	76.366	0.367	2.381	0.420	0.867
307	87	48.655	14.801	3	80	34.971	853	2089	12	9	12.520	8.847	4.316	0.894	1.415	0.707	0.911
308	1119	41.979	19.789	1	106	155.924	2499	2099	41	45	49.508	28.778	50.721	0.578	1.720	0.581	0.887
309	60	23.450	12.274	4	50	29.556	128	2101	9	9	10.738	7.115	39.188	0.863	1.509	0.663	0.896
310	149	25.128	10.088	4	52	49.213	2559	2109	13	16	16.173	11.731	121.911	0.773	1.379	0.725	0.871
311	84	27.548	14.459	7	70	40.627	2297	2121	9	16	17.019	6.284	70.854	0.640	2.708	0.369	0.828
312	35	33.286	14.670	5	58	22.728	386	2124	7	7	8.491	5.248	44.267	0.851	1.618	0.618	0.833
313	756	20.837	10.719	1	60	147.782	3921	2162	40	38	38.101	25.263	33.782	0.435	1.508	0.663	0.810
314	21	25.143	10.646	2	50	18.728	2000	2165	5	7	6.864	3.895	65.604	0.752	1.762	0.567	0.778
315	28	24.714	10.385	1	41	20.728	1785	2193	6	7	7.385	4.827	73.781	0.819	1.530	0.654	0.824
316	80	19.775	10.549	2	45	44.284	562	2195	14	14	15.261	6.675	42.217	0.513	2.286	0.437	0.717
317	1210	46.574	23.446	1	108	182.510	298	2200	51	43	52.556	29.314	26.944	0.456	1.793	0.558	0.832
318	36	18.972	9.518	2	39	26.142	615	2204	7	8	8.560	5.355	40.831	0.662	1.598	0.626	0.783
319	5686	18.620	10.108	0	74	509.085	2889	2204	95	90	89.653	80.752	170.590	0.276	1.110	0.901	0.828
320	122	50.287	18.457	3	100	50.527	49	2217	17	15	18.989	8.180	39.655	0.601	2.321	0.431	0.795
321	246	29.504	13.086	2	67	73.598	889	2226	17	26	24.990	12.534	62.414	0.571	1.994	0.502	0.817
322	26	15.923	8.114	4	35	31.213	722	2228	7	11	7.208	4.593	87.280	0.335	1.569	0.637	0.505
323	1375	35.110	17.757	0	93	177.095	2484	2247	42	59	64.142	27.294	61.101	0.551	2.350	0.426	0.887
324	96	21.688	10.869	1	62	62.770	2020	2270	17	21	24.566	4.976	56.989	0.306	4.937	0.203	0.623
325	198	29.202	13.700	2	71	71.012	2190	2277	17	21	21.358	11.803	61.181	0.493	1.810	0.553	0.787
326	36	16.972	8.300	3	35	30.385	3040	2282	12	7	11.748	3.902	22.178	0.490	3.011	0.332	0.667
327	68	18.544	9.760	3	42	38.042	2044	2284	11	12	12.223	7.083	52.036	0.590	1.726	0.579	0.735
328	591	32.064	13.834	1	67	111.397	3881	2294	25	39	34.954	21.528	82.708	0.598	1.624	0.616	0.828
329	49	34.163	13.622	5	58	30.971	86	2296	10	9	9.802	6.365	56.981	0.642	1.540	0.649	0.737
330	38	24.737	8.169	4	41	29.799	1507	2297	8	10	10.241	4.725	56.222	0.538	2.168	0.461	0.710
331	132	33.053	13.482	5	70	46.870	3302	2305	13	15	15.086	11.141	50.420	0.755	1.354	0.738	0.841
332	193	18.948	10.910	1	53	98.083	983	2317	18	27	24.213	10.149	68.935	0.252	2.386	0.419	0.597
333	123	22.415	11.014	2	46	51.941	710	2318	16	15	17.246	9.081	42.920	0.573	1.899	0.527	0.764
334	182	35.582	14.061	4	64	60.284	3861	2322	14	19	17.410	13.310	78.462	0.629	1.308	0.765	0.814
335	17	21.941	10.047	4	42	18.142	1843	2327	6	6	6.378	3.394	41.779	0.649	1.879	0.532	0.667
336	29	20.483	9.330	3	42	20.485	537	2329	6	6	7.195	5.132	60.856	0.868	1.402	0.713	0.892
337	24	18.375	10.379	3	39	23.314	129	2330	5	9	8.477	3.605	64.705	0.555	2.351	0.425	0.706
338	57	25.088	11.115	2	49	34.971	421	2331	10	10	9.438	7.690	40.687	0.586	1.227	0.815	0.731
339	2137	24.796	12.039	1	73	226.794	401	2341	63	57	64.460	42.211	42.079	0.522	1.527	0.655	0.864
340	21	19.905	6.008	4	30	22.971	1075	2342	7	8	8.006	3.340	53.491	0.500	2.397	0.417	0.609
341	133	25.248	10.569	2	50	48.627	3216	2348	14	15	18.516	9.145	43.057	0.707	2.025	0.494	0.861
342	187	30.401	12.801	2	63	56.184	1325	2349	14	21	18.608	12.795	73.830	0.744	1.454	0.688	0.848
343	18	14.778	6.865	4	25	19.314	3767	2359	6	6	5.138	4.461	45.796	0.606	1.152	0.868	0.720
344	80	23.663	9.216	4	43	37.799	3357	2360	10	12	12.193	8.354	117.237	0.704	1.460	0.685	0.829
345	353	27.728	13.606	2	63	83.497	3928	2373	22	25	23.531	19.100	49.934	0.636	1.232	0.812	0.838
346	212	50.028	16.793	14	94	58.770	69	2379	17	20	20.755	13.005	59.124	0.771	1.596	0.627	0.876
347	283	25.449	11.607	1	55	105.983	2413	2383	28	30	38.590	9.337	47.995	0.317	4.133	0.242	0.699
348	853	33.047	17.038	0	91	167.338	3225	2390	36	49	50.432	21.535	54.802	0.383	2.342	0.427	0.807
349	1960	46.688	23.922	2	122	210.794	53	2406	59	51	57.583	43.338	20.775	0.554	1.329	0.753	0.858
350	369	47.038	19.987	1	104	85.397	276	2409	25	26	29.407	15.977	51.600	0.636	1.841	0.543	0.834
351	4490	33.072	15.928	0	88	344.576	307	2412	87	96	107.760	53.051	51.203	0.475	2.031	0.492	0.868
352	318	14.733	7.134	1	48	109.640	2373	2430	23	25	23.984	16.882	55.022	0.332	1.421	0.704	0.729
353	57	18.842	8.719	2	39	43.698	403	2434	10	12	11.190	6.486	76.306	0.375	1.725	0.580	0.594
354	21714	22.230	14.135	0	76	728.423	1618	2445	179	182	212.980	129.811	43.386	0.514	1.641	0.609	0.945
355	33	25.576	12.505	4	48	24.385	573	2449	7	9	7.826	5.369	65.636	0.697	1.458	0.686	0.742
356	21	22.619	11.612	5	50	16.728	3121	2465	5	6	5.850	4.571	77.766	0.943	1.280	0.781	0.840
357	1326	27.336	13.060	1	69	190.894	27	2474	63	40	64.407	26.213	23.548	0.457	2.457	0.407	0.813
358	56	19.107	8.130	4	37	40.042	3900	2477	9	14	13.895	5.131	63.824	0.439	2.708	0.369	0.655
359	556	43.160	18.781	2	100	107.983	1514	2488	21	40	39.028	18.139	83.139	0.599	2.152	0.465	0.870
360	3710	37.195	20.318	1	140	431.002	495	2492	76	142	132.761	35.581	68.117	0.251	3.731	0.268	0.728
361	31	21.000	10.208	4	46	26.971	2815	2496	10	7	8.515	4.635	162.329	0.536	1.837	0.544	0.660
362	182	34.247	13.295	5	63	59.113	3921	2523	17	17	19.616	11.813	51.319	0.655	1.661	0.602	0.811
363	19	23.789	7.649	7	36	15.899	1528	2536	5	5	5.376	4.500	128.114	0.944	1.195	0.837	0.864
364	35	27.714	8.484	7	48	24.142	635	2542	6	9	9.417	4.732	57.837	0.755	1.990	0.502	0.843
365	37	37.568	14.131	6	80	25.556	1173	2557	7	8	8.442	5.581	60.213	0.712	1.513	0.661	0.822
366	25	24.520	9.288	7	41	23.556	1957	2562	6	7	6.411	4.965	123.516	0.566	1.291	0.775	0.694
367	100	23.520	9.419	4	46	46.870	2235	2562	14	12	14.286	8.913	26.882	0.572	1.603	0.624	0.746
368	29	19.000	7.545	0	33	21.556	1810	2565	7	7	8.525	4.331	43.228	0.784	1.968	0.508	0.784
369	120	25.450	11.912	2	54	59.941	1878	2589	16	19	21.536	7.094	45.845	0.420	3.036	0.329	0.688
370	719	41.216	16.333	0	81	125.882	2536	2591	43	26	40.283	22.726	9.169	0.570	1.773	0.564	0.813
371	582	13.306	8.162	0	54	185.581	3106	2594	36	40	40.183	18.441	43.496	0.212	2.179	0.459	0.631
372	280	28.811	13.382	4	67	74.669	3303	2618	23	24	26.357	13.526	51.409	0.631	1.949	0.513	0.824
373	7195	32.507	18.678	0	98	435.588	1458	2620	101	114	116.667	78.522	52.557	0.477	1.486	0.673	0.897
374	38	12.026	8.162	1	35	36.284	3118	2636	9	10	8.265	5.854	103.335	0.363	1.412	0.708	0.559
375	8063	44.556	27.924	0	155	642.382	2158	2637	97	206	209.379	49.031	76.101	0.246	4.270	0.234	0.652
376	35	20.029	8.840	4	44	26.385	735	2653	7	10	9.495	4.693	59.877	0.632	2.023	0.494	0.714
377	40	16.200	7.576	1	38	32.385	2761	2664	6	13	10.676	4.770	93.361	0.479	2.238	0.447	0.727
378	63	26.889	10.442	4	49	34.385	956	2671	7	14	12.784	6.275	78.811	0.670	2.037	0.491	0.857
379	545	46.613	21.855	2	101	117.882	2152	2683	38	30	38.397	18.072	36.715	0.493	2.125	0.471	0.807
380	251	18.896	9.609	0	45	88.912	745	2691	27	16	26.290	12.156	11.465	0.399	2.163	0.462	0.729
381	248	25.722	12.259	1	74	73.255	3814	2693	23	23	26.060	12.117	45.922	0.581	2.151	0.465	0.814
382	157	15.522	8.501	2	46	61.598	2770	2710	15	17	15.226	13.129	48.334	0.520	1.160	0.862	0.797
383	169	29.284	13.251	1	60	56.284	3743	2714	14	17	17.651	12.191	89.238	0.670	1.448	0.691	0.839
384	38	18.368	9.072	2	35	24.142	1297	2719	7	8	8.645	5.596	54.920	0.819	1.545	0.647	0.864
385	1759	17.507	10.590	0	67	253.179	2530	2728	59	58	49.449	45.291	173.064	0.345	1.092	0.916	0.773
386	71	20.056	7.272	2	34	39.456	3576	2744	13	11	13.830	6.537	32.863	0.573	2.116	0.473	0.772
387	1474	77.803	38.727	0	197	198.409	638	2750	39	74	80.345	23.359	68.600	0.471	3.440	0.291	0.886
388	836	25.340	17.944	0	86	251.421	2316	2758	51	36	44.671	23.828	162.724	0.166	1.875	0.533	0.670
389	99	35.455	12.853	8	74	44.870	1008	2765	11	16	15.242	8.270	61.704	0.618	1.843	0.543	0.811
390	238	34.966	14.672	2	69	64.184	2737	2775	18	22	19.613	15.451	106.670	0.726	1.269	0.788	0.822
391	40	34.125	14.950	4	62	24.385	3061	2798	8	8	8.823	5.772	52.420	0.845	1.529	0.654	0.816
392	34	16.324	9.001	3	43	35.213	2387	2802	7	12	11.550	3.748	76.530	0.345	3.082	0.324	0.527
393	216	50.542	18.863	4	99	61.355	137	2805	17	21	20.614	13.341	59.642	0.721	1.545	0.647	0.852
394	26	10.769	5.070	3	21	31.799	2393	2808	8	9	8.308	3.985	46.452	0.323	2.085	0.480	0.531
395	99	23.667	10.892	4	52	38.042	200	2825	13	11	13.206	9.545	19.142	0.860	1.383	0.723	0.868
396	271	69.605	24.333	8	130	66.770	2583	2828	18	22	23.875	14.452	61.934	0.764	1.652	0.605	0.900
397	197	43.640	16.057	5	95	60.042	2005	2839	12	23	23.507	10.670	77.011	0.687	2.203	0.454	0.895
398	32	25.438	10.728	6	47	24.971	1480	2849	5	10	8.492	4.798	79.527	0.645	1.770	0.565	0.771
399	1669	45.642	23.341	1	127	207.522	386	2862	63	58	76.609	27.739	43.174	0.487	2.762	0.362	0.869
400	226	54.708	20.157	4	110	65.012	2316	2866	20	18	22.097	13.022	44.419	0.672	1.697	0.589	0.842
401	60	23.217	10.880	4	50	34.385	1686	2873	9	11	9.637	7.927	56.528	0.638	1.216	0.823	0.784
402	101	19.050	10.555	0	44	56.770	2361	2877	13	21	21.778	5.905	61.033	0.394	3.688	0.271	0.685
403	307	53.717	20.017	4	101	79.497	1166	2879	23	24	25.296	15.452	46.148	0.610	1.637	0.611	0.823
404	3819	44.471	25.004	0	128	284.392	1684	2880	75	75	75.231	64.634	35.195	0.593	1.164	0.859	0.867
405	42	21.762	10.448	2	42	26.142	2940	2888	8	8	7.991	6.692	24.391	0.772	1.194	0.837	0.816
406	101	25.317	10.704	3	53	56.527	2004	2897	11	19	16.999	7.565	72.740	0.397	2.247	0.445	0.682
407	583	44.566	17.087	2	105	113.397	307	2898	26	35	32.560	22.798	104.052	0.570	1.428	0.700	0.828
408	28	24.929	11.857	5	46	25.799	1387	2902	8	9	10.254	3.477	46.890	0.529	2.949	0.339	0.675
409	183	21.464	11.515	1	50	72.426	1879	2915	15	23	22.624	10.299	66.494	0.438	2.197	0.455	0.748
410	823	13.176	7.165	0	44	219.865	3403	2924	41	40	37.796	27.724	51.352	0.214	1.363	0.734	0.689
411	382	28.592	12.528	3	69	95.983	2457	2928	25	28	26.660	18.244	129.684	0.521	1.461	0.684	0.792
412	17	14.529	4.964	7	24	22.728	2594	2932	5	9	9.090	2.381	63.993	0.414	3.817	0.262	0.630
413	300	41.500	16.660	0	97	71.012	713	2941	22	22	25.899	14.748	48.499	0.748	1.756	0.569	0.878
414	403	23.402	11.241	1	57	94.569	3891	2964	24	29	27.239	18.838	61.181	0.566	1.446	0.692	0.810
415	599	14.651	7.323	0	41	156.953	1590	2966	30	33	35.377	21.559	57.001	0.306	1.641	0.609	0.750
416	188	54.303	18.926	2	91	62.770	2401	2966	14	21	19.092	12.538	77.542	0.600	1.523	0.657	0.805
417	26	30.231	11.137	9	48	21.556	3203	2977	6	8	7.830	4.228	71.024	0.703	1.852	0.540	0.732
418	252	14.179	7.730	0	39	95.012	774	2985	33	14	24.186	13.266	9.056	0.351	1.823	0.549	0.749
419	82	43.866	18.854	1	86	40.627	2622	2987	13	12	14.224	7.340	45.595	0.624	1.938	0.516	0.841
420	22	23.682	10.139	3	40	19.314	3018	2991	5	7	7.222	3.879	53.674	0.741	1.862	0.537	0.815
421	20	30.800	10.851	12	51	19.899	2691	2995	8	4	7.330	3.474	172.616	0.635	2.110	0.474	0.816
