 	Area	Mean	StdDev	Min	Max	Perim.	BX	BY	Width	Height	Major	Minor	Angle	Circ.	AR	Round	Solidity
1	120	69.475	18.303	11	109	42.971	797	1	15	10	15.644	9.766	13.021	0.817	1.602	0.624	0.906
2	15412	33.568	22.037	0	119	707.352	3209	1	160	167	151.665	129.385	44.701	0.387	1.172	0.853	0.805
3	290	16.128	8.636	1	51	102.669	356	5	25	23	23.202	15.914	43.009	0.346	1.458	0.686	0.704
4	49	38.061	10.034	12	56	28.385	3475	7	9	8	9.559	6.527	38.195	0.764	1.465	0.683	0.831
5	500	26.860	12.517	2	70	110.711	1274	20	33	32	39.860	15.971	43.489	0.513	2.496	0.401	0.824
6	20	25.450	10.758	7	42	18.728	1795	30	6	6	5.565	4.576	8.456	0.717	1.216	0.822	0.714
7	3394	28.013	12.729	0	72	285.563	423	34	64	78	75.066	57.568	68.152	0.523	1.304	0.767	0.897
8	25	39.320	14.519	9	63	20.728	542	34	6	7	7.128	4.466	112.678	0.731	1.596	0.627	0.794
9	30	32.167	9.900	10	51	21.314	2097	54	6	7	7.289	5.240	61.651	0.830	1.391	0.719	0.833
10	67	42.433	12.253	12	68	40.042	3539	59	12	11	11.091	7.692	39.728	0.525	1.442	0.694	0.694
11	3876	36.272	18.282	0	111	354.576	1793	65	110	64	100.957	48.883	172.970	0.387	2.065	0.484	0.797
12	128	33.703	11.618	0	68	45.698	3914	72	16	13	14.685	11.098	36.043	0.770	1.323	0.756	0.828
13	179	45.380	16.329	13	85	58.426	42	85	17	18	16.006	14.239	106.691	0.659	1.124	0.890	0.797
14	192	71.510	22.434	6	121	55.941	3767	102	17	18	20.953	11.667	48.162	0.771	1.796	0.557	0.895
15	21	16.905	6.549	4	29	20.142	2309	104	6	7	7.184	3.722	45.566	0.650	1.930	0.518	0.724
16	107	28.963	13.903	2	61	44.870	3106	106	11	15	15.213	8.956	60.433	0.668	1.699	0.589	0.823
17	47	36.766	17.312	2	73	27.213	3199	113	9	9	8.046	7.437	75.579	0.798	1.082	0.924	0.783
18	89	20.045	9.531	2	42	38.870	1058	115	12	11	11.761	9.635	8.015	0.740	1.221	0.819	0.817
19	4919	27.341	13.530	0	110	431.103	1714	121	99	80	95.839	65.350	26.739	0.333	1.467	0.682	0.846
20	230	57.757	22.252	6	110	63.598	2342	124	22	16	21.932	13.352	21.984	0.715	1.643	0.609	0.863
21	608	33.536	14.322	3	76	106.326	2757	124	31	31	36.161	21.408	42.439	0.676	1.689	0.592	0.873
22	24	29.375	12.461	7	51	20.142	1672	142	7	6	7.395	4.132	143.099	0.743	1.790	0.559	0.738
23	17	24.176	9.302	8	39	15.314	800	165	5	5	5.364	4.035	52.910	0.911	1.329	0.752	0.829
24	24	22.958	9.836	9	45	18.385	2176	168	7	6	6.150	4.969	23.583	0.892	1.238	0.808	0.787
25	104	25.019	12.492	4	59	55.113	391	171	18	12	17.834	7.425	29.242	0.430	2.402	0.416	0.735
26	102	39.461	16.212	0	70	44.527	3451	175	16	12	16.914	7.678	35.729	0.646	2.203	0.454	0.810
27	71	20.732	10.485	4	43	31.213	262	177	9	11	11.147	8.110	67.058	0.916	1.375	0.727	0.887
28	24	16.000	6.129	2	26	24.971	677	188	7	9	9.926	3.078	60.294	0.484	3.224	0.310	0.658
29	2120	19.056	9.991	0	59	251.279	1	190	64	51	67.048	40.259	19.415	0.422	1.665	0.600	0.828
30	1030	42.358	24.263	2	135	179.338	2727	198	41	57	56.543	23.194	59.128	0.402	2.438	0.410	0.719
31	95	26.347	10.653	7	52	40.627	3932	210	10	14	13.153	9.196	99.027	0.723	1.430	0.699	0.819
32	4975	21.773	10.766	0	67	391.546	3627	214	72	103	98.224	64.489	79.123	0.408	1.523	0.657	0.891
33	26	14.038	7.475	2	32	22.971	3807	217	7	8	8.404	3.939	46.234	0.619	2.133	0.469	0.703
34	64	23.266	10.305	1	48	38.870	1580	220	13	11	14.807	5.503	46.906	0.532	2.690	0.372	0.749
35	191	41.743	17.575	2	92	56.527	2984	231	18	15	17.358	14.010	13.469	0.751	1.239	0.807	0.860
36	1755	14.883	8.398	0	61	279.078	1537	234	66	52	69.246	32.269	27.843	0.283	2.146	0.466	0.784
37	22	24.045	10.567	8	43	29.556	1716	252	11	6	8.705	3.218	31.910	0.316	2.705	0.370	0.543
38	226	43.801	16.080	3	78	59.355	2673	252	18	19	18.559	15.504	56.663	0.806	1.197	0.835	0.874
39	163	43.798	15.186	7	80	57.941	655	259	18	17	19.989	10.383	42.877	0.610	1.925	0.519	0.811
40	533	36.649	14.582	1	77	92.326	2438	260	30	26	28.891	23.490	9.546	0.786	1.230	0.813	0.898
41	80	36.812	10.976	12	62	34.627	3799	271	11	11	12.995	7.839	39.593	0.838	1.658	0.603	0.865
42	1062	55.280	28.370	2	126	142.125	579	278	42	41	45.408	29.779	41.834	0.661	1.525	0.656	0.900
43	45	15.022	5.404	2	27	37.799	1737	297	6	14	13.012	4.403	89.454	0.396	2.955	0.338	0.647
44	83	19.831	8.642	5	43	38.042	3925	303	11	13	11.013	9.595	52.476	0.721	1.148	0.871	0.798
45	26	14.038	9.660	1	41	26.142	2806	309	6	9	8.385	3.948	61.453	0.478	2.124	0.471	0.684
46	21	12.000	5.788	4	23	21.899	1895	315	4	9	7.815	3.421	92.982	0.550	2.284	0.438	0.750
47	151	23.285	10.519	2	51	53.355	635	322	18	16	20.732	9.274	39.389	0.667	2.236	0.447	0.830
48	21	18.286	6.597	5	33	17.899	1801	322	4	7	6.426	4.161	90.957	0.824	1.544	0.647	0.857
49	24	15.833	8.360	3	35	24.142	3778	327	6	9	8.444	3.619	116.425	0.517	2.333	0.429	0.658
50	76	14.013	6.875	1	30	71.355	3767	330	16	18	13.550	7.141	97.097	0.188	1.897	0.527	0.383
51	62	14.968	9.084	1	41	33.799	2074	341	9	11	10.518	7.505	95.877	0.682	1.402	0.714	0.775
52	58	26.086	11.746	8	54	34.385	609	354	11	10	11.550	6.394	35.518	0.616	1.806	0.554	0.748
53	118	42.644	16.915	6	78	45.456	1497	354	13	15	14.951	10.049	48.716	0.718	1.488	0.672	0.822
54	210	40.905	15.120	5	90	57.941	2846	365	20	15	18.772	14.244	1.764	0.786	1.318	0.759	0.881
55	191	49.639	18.395	6	92	57.941	2119	371	17	16	16.677	14.582	172.315	0.715	1.144	0.874	0.845
56	127	19.984	10.893	2	49	62.527	219	374	26	9	23.930	6.757	176.128	0.408	3.541	0.282	0.734
57	2695	18.364	9.531	0	58	279.463	2743	376	72	56	71.022	48.315	20.073	0.434	1.470	0.680	0.872
58	163	52.448	18.568	13	99	54.284	1510	378	17	15	16.782	12.367	151.012	0.695	1.357	0.737	0.827
59	1098	14.626	7.796	0	46	192.995	1817	384	39	42	42.041	33.254	42.954	0.370	1.264	0.791	0.826
60	25	23.960	10.553	3	45	20.142	2096	384	6	7	7.410	4.296	68.904	0.774	1.725	0.580	0.758
61	761	61.958	26.616	5	140	159.338	1167	388	51	44	63.653	15.222	37.719	0.377	4.182	0.239	0.764
62	53	21.679	9.391	0	40	35.213	1401	395	10	11	11.173	6.040	37.249	0.537	1.850	0.541	0.721
63	44	25.205	10.190	0	44	32.042	3377	401	9	11	8.358	6.703	92.193	0.539	1.247	0.802	0.677
64	124	33.806	13.444	4	65	47.113	1986	406	15	14	13.405	11.778	41.760	0.702	1.138	0.879	0.818
65	75	41.387	12.692	8	65	37.799	3549	426	11	11	10.858	8.795	65.471	0.660	1.235	0.810	0.781
66	131	29.718	13.540	3	68	45.213	3750	436	14	13	13.795	12.091	167.439	0.805	1.141	0.876	0.862
67	1722	46.837	23.927	2	117	179.581	1068	450	52	51	50.984	43.004	51.719	0.671	1.186	0.843	0.879
68	318	28.538	15.340	2	69	70.426	2368	460	23	21	24.256	16.692	34.557	0.806	1.453	0.688	0.910
69	70	39.486	11.209	14	66	32.971	3678	463	11	9	10.130	8.798	156.765	0.809	1.151	0.869	0.859
70	671	35.966	19.911	1	90	122.711	2403	473	27	45	40.158	21.275	87.009	0.560	1.888	0.530	0.827
71	33	31.848	13.960	4	53	21.556	3658	484	8	6	7.432	5.653	5.040	0.892	1.315	0.761	0.857
72	52	21.115	9.052	1	37	29.556	2949	487	8	10	9.683	6.838	53.381	0.748	1.416	0.706	0.819
73	526	14.241	8.989	0	58	175.581	3321	502	31	33	29.467	22.728	64.773	0.214	1.297	0.771	0.656
74	76	41.539	15.592	4	69	34.385	1367	531	12	9	11.438	8.460	16.168	0.808	1.352	0.740	0.864
75	219	30.986	14.746	4	75	64.527	2730	537	19	15	20.258	13.764	0.768	0.661	1.472	0.679	0.859
76	26	27.000	12.410	5	47	22.142	1749	538	6	8	8.831	3.749	64.718	0.666	2.356	0.425	0.754
77	17	22.353	15.692	5	54	16.728	2431	542	6	5	5.699	3.798	18.003	0.763	1.500	0.666	0.739
78	53	16.792	6.203	3	31	31.799	2377	561	11	7	11.006	6.132	11.303	0.659	1.795	0.557	0.791
79	67	26.224	12.754	2	54	38.284	3127	562	14	11	15.918	5.359	40.694	0.574	2.970	0.337	0.740
80	180	37.200	14.667	1	69	64.527	398	563	11	25	24.716	9.272	82.404	0.543	2.666	0.375	0.837
81	2061	25.051	12.986	1	72	212.551	886	564	55	52	57.690	45.487	32.429	0.573	1.268	0.788	0.886
82	17	13.412	8.292	2	28	22.971	3884	601	6	8	6.299	3.436	63.908	0.405	1.833	0.546	0.515
83	119	40.008	17.301	4	79	50.870	3719	603	13	16	14.495	10.453	122.214	0.578	1.387	0.721	0.756
84	2089	18.459	9.269	0	52	272.149	2647	625	50	69	64.784	41.057	64.956	0.354	1.578	0.634	0.831
85	249	65.301	26.607	3	124	66.770	878	630	16	24	25.151	12.605	64.160	0.702	1.995	0.501	0.877
86	105	26.210	13.441	3	62	50.870	1986	636	19	9	18.519	7.219	13.857	0.510	2.565	0.390	0.755
87	1224	45.213	23.543	0	115	159.924	1945	646	39	54	55.716	27.971	61.178	0.601	1.992	0.502	0.882
88	11482	37.320	24.664	0	138	573.855	1112	678	179	127	179.815	81.302	30.914	0.438	2.212	0.452	0.844
89	165	20.097	11.497	1	60	54.770	1415	685	17	16	17.447	12.041	39.269	0.691	1.449	0.690	0.817
90	45	25.911	11.807	1	50	25.799	3929	689	9	8	8.690	6.593	31.476	0.850	1.318	0.759	0.818
91	88	37.545	14.626	5	74	42.870	2058	691	12	15	15.618	7.174	53.718	0.602	2.177	0.459	0.786
92	63	30.413	11.889	4	52	36.042	2241	697	12	10	11.479	6.988	37.178	0.609	1.643	0.609	0.754
93	36	12.472	5.475	2	28	32.971	1038	701	7	13	10.443	4.389	112.595	0.416	2.379	0.420	0.621
94	36	14.333	6.118	0	27	29.556	1028	713	11	5	10.031	4.569	175.700	0.518	2.195	0.456	0.735
95	1384	46.948	28.888	0	140	151.196	1292	722	43	45	49.145	35.856	48.515	0.761	1.371	0.730	0.922
96	538	29.284	11.749	2	69	102.468	474	723	32	30	32.883	20.831	40.186	0.644	1.579	0.633	0.849
97	299	38.977	23.255	0	93	86.326	3913	724	29	24	34.750	10.955	36.057	0.504	3.172	0.315	0.796
98	19	15.474	8.514	3	32	22.971	1706	730	5	9	8.489	2.850	65.121	0.453	2.979	0.336	0.623
99	120	26.050	10.608	4	51	44.870	3466	730	15	13	16.996	8.990	45.580	0.749	1.891	0.529	0.879
100	51	12.118	7.781	1	34	53.113	553	731	14	15	14.789	4.391	39.971	0.227	3.368	0.297	0.470
101	87	59.356	24.645	8	119	36.627	343	735	13	10	12.869	8.608	19.850	0.815	1.495	0.669	0.845
102	1535	38.322	19.041	0	120	180.409	2052	735	48	58	59.253	32.984	56.825	0.593	1.796	0.557	0.859
103	582	37.930	17.679	2	88	109.882	1857	744	32	32	35.493	20.878	50.990	0.606	1.700	0.588	0.849
104	2584	41.476	25.039	0	129	252.836	3857	758	52	86	82.615	39.824	66.318	0.508	2.075	0.482	0.862
105	251	24.159	11.021	2	52	75.255	246	764	21	22	22.761	14.041	55.283	0.557	1.621	0.617	0.784
106	119	27.101	14.252	2	62	46.870	3356	769	17	12	17.088	8.867	24.720	0.681	1.927	0.519	0.824
107	518	13.237	8.179	0	41	133.196	1705	771	32	33	33.468	19.706	44.262	0.367	1.698	0.589	0.713
108	538	73.758	31.632	2	140	108.125	1375	785	33	36	44.020	15.561	51.675	0.578	2.829	0.354	0.861
109	32	21.500	9.808	1	37	25.556	2710	789	9	7	7.504	5.430	31.674	0.616	1.382	0.724	0.688
110	559	33.061	17.124	1	85	142.267	3497	791	37	48	53.872	13.212	51.650	0.347	4.078	0.245	0.724
111	111	66.315	18.472	15	103	41.456	2329	796	13	13	14.344	9.853	52.916	0.812	1.456	0.687	0.877
112	653	42.083	17.022	2	80	115.054	481	799	35	33	37.208	22.345	44.527	0.620	1.665	0.601	0.845
113	95	30.495	12.780	5	62	41.456	223	801	12	14	15.403	7.853	47.334	0.695	1.961	0.510	0.823
114	770	26.382	13.193	1	79	117.882	27	840	33	36	36.643	26.755	59.316	0.696	1.370	0.730	0.877
115	3806	30.245	13.118	1	81	314.777	2287	848	77	82	90.507	53.542	46.148	0.483	1.690	0.592	0.898
116	82	44.341	16.519	8	87	38.042	3355	857	11	13	13.636	7.657	50.428	0.712	1.781	0.561	0.804
117	961	39.248	18.593	1	109	179.823	268	872	45	47	37.578	32.561	21.160	0.373	1.154	0.867	0.685
118	170	41.400	16.870	8	83	53.941	2047	874	16	18	18.305	11.825	54.730	0.734	1.548	0.646	0.840
119	29	38.207	13.200	13	67	22.142	1058	882	8	6	6.706	5.506	20.083	0.743	1.218	0.821	0.773
120	82	41.915	11.710	7	65	38.042	853	886	12	12	13.447	7.764	40.312	0.712	1.732	0.577	0.804
121	4199	40.199	22.004	0	134	387.505	594	898	71	113	97.657	54.746	88.943	0.351	1.784	0.561	0.746
122	102	30.196	12.743	4	60	42.870	3059	909	13	14	14.083	9.222	46.399	0.697	1.527	0.655	0.803
123	159	39.484	16.084	5	75	51.355	3233	914	18	15	16.244	12.463	28.540	0.758	1.303	0.767	0.830
124	52	21.442	11.127	3	52	32.971	3638	927	8	11	9.560	6.926	74.780	0.601	1.380	0.724	0.754
125	19	11.632	5.112	3	22	22.971	1083	929	7	7	6.866	3.524	33.271	0.453	1.949	0.513	0.585
126	17	13.647	7.062	3	27	18.142	283	930	7	5	6.678	3.241	21.025	0.649	2.060	0.485	0.680
127	285	56.221	20.851	4	119	72.426	2118	931	22	22	20.862	17.394	155.834	0.683	1.199	0.834	0.825
128	32	19.656	8.166	5	36	27.556	1170	938	7	10	8.822	4.619	65.266	0.530	1.910	0.524	0.681
129	53	39.302	12.992	7	85	27.799	2764	940	9	9	8.314	8.117	146.836	0.862	1.024	0.976	0.835
130	480	49.269	19.229	1	113	87.255	2814	946	25	28	29.491	20.723	57.394	0.792	1.423	0.703	0.892
131	172	33.448	12.084	2	61	53.456	478	948	15	17	18.352	11.933	59.003	0.756	1.538	0.650	0.862
132	398	28.508	13.997	1	74	95.882	286	958	27	30	34.338	14.758	47.412	0.544	2.327	0.430	0.845
133	24	24.750	7.886	7	38	22.142	1048	964	7	7	5.838	5.234	36.810	0.615	1.115	0.897	0.658
134	715	18.337	8.686	1	44	155.439	1415	964	26	47	39.444	23.080	87.176	0.372	1.709	0.585	0.764
135	98	46.816	17.583	4	88	40.042	3806	964	14	11	13.644	9.145	31.437	0.768	1.492	0.670	0.841
136	285	42.646	16.234	2	89	83.841	1705	968	24	26	29.055	12.489	51.792	0.510	2.326	0.430	0.799
137	207	29.309	13.704	3	73	69.841	449	970	24	20	28.587	9.220	43.300	0.533	3.101	0.323	0.823
138	89	29.742	12.741	4	63	43.113	3203	972	12	13	11.960	9.475	50.008	0.602	1.262	0.792	0.757
139	44	26.364	11.422	3	53	26.971	3403	973	9	8	9.713	5.768	47.543	0.760	1.684	0.594	0.838
140	922	21.166	10.135	1	63	151.439	17	986	41	38	44.740	26.239	40.733	0.505	1.705	0.586	0.847
141	864	48.718	20.398	0	101	142.024	2642	991	37	44	42.660	25.787	117.993	0.538	1.654	0.604	0.817
142	1217	45.413	20.193	0	115	176.610	660	1010	37	55	53.185	29.135	91.781	0.490	1.825	0.548	0.749
143	100	20.520	10.482	2	55	58.184	1696	1018	15	17	14.038	9.070	58.407	0.371	1.548	0.646	0.631
144	2903	55.740	34.034	0	148	243.664	1118	1030	59	77	70.364	52.530	85.264	0.614	1.339	0.747	0.903
145	369	71.038	31.467	1	153	87.355	1	1046	15	34	32.085	14.643	79.408	0.608	2.191	0.456	0.891
146	61	15.361	7.483	3	33	43.456	905	1051	10	13	12.198	6.367	100.031	0.406	1.916	0.522	0.592
147	497	42.751	16.742	1	87	98.326	2193	1051	27	27	26.285	24.074	133.195	0.646	1.092	0.916	0.835
148	46	39.522	13.579	8	61	24.971	1053	1063	8	8	9.452	6.196	40.257	0.927	1.525	0.656	0.876
149	173	38.850	14.640	5	88	49.941	1219	1068	15	17	16.079	13.699	99.766	0.872	1.174	0.852	0.880
150	190	22.979	10.256	1	52	63.012	1674	1072	17	19	19.086	12.675	51.838	0.601	1.506	0.664	0.815
151	20	27.950	13.489	7	57	18.971	3658	1087	6	7	5.784	4.402	73.947	0.698	1.314	0.761	0.702
152	3347	21.377	10.256	0	63	281.220	211	1096	71	73	71.373	59.708	46.718	0.532	1.195	0.837	0.888
153	107	21.439	8.653	1	38	57.355	3761	1102	12	16	15.471	8.806	66.778	0.409	1.757	0.569	0.693
154	17	8.412	5.136	1	18	26.971	3754	1104	4	10	7.802	2.774	97.050	0.294	2.813	0.356	0.523
155	33	35.000	13.038	15	67	22.971	586	1107	8	7	8.454	4.970	37.309	0.786	1.701	0.588	0.805
156	64	13.328	6.476	2	31	54.527	2554	1113	12	17	12.784	6.374	68.687	0.271	2.006	0.499	0.489
157	991	15.954	8.910	0	61	219.622	3607	1113	50	51	55.217	22.851	51.184	0.258	2.416	0.414	0.728
158	28	14.036	7.053	0	27	26.142	3649	1122	5	11	9.321	3.825	89.950	0.515	2.437	0.410	0.700
159	499	15.289	8.462	0	47	128.125	3865	1125	35	26	34.778	18.268	33.219	0.382	1.904	0.525	0.755
160	235	61.421	22.380	7	112	61.355	1096	1152	16	22	19.705	15.185	77.782	0.784	1.298	0.771	0.879
161	26	26.308	10.146	4	46	20.142	816	1165	7	6	6.380	5.189	39.021	0.805	1.230	0.813	0.800
162	936	23.801	12.053	0	63	160.752	2743	1172	39	42	44.019	27.073	50.194	0.455	1.626	0.615	0.826
163	166	16.048	7.888	2	42	97.983	1051	1177	23	22	22.138	9.547	58.241	0.217	2.319	0.431	0.551
164	1047	25.408	16.200	0	81	190.409	1089	1180	45	40	38.757	34.396	25.440	0.363	1.127	0.887	0.758
165	140	27.714	12.592	3	59	57.941	2725	1181	14	18	19.164	9.301	61.119	0.524	2.060	0.485	0.761
166	1429	15.199	8.764	0	61	219.522	328	1191	45	50	47.512	38.295	58.161	0.373	1.241	0.806	0.815
167	145	61.103	19.019	8	95	49.698	2518	1201	16	15	17.507	10.545	39.724	0.738	1.660	0.602	0.833
168	7482	33.123	21.553	0	129	484.458	1738	1208	109	142	161.706	58.912	59.048	0.401	2.745	0.364	0.890
169	631	32.158	15.430	1	75	131.782	3436	1209	45	28	41.368	19.421	24.948	0.457	2.130	0.469	0.805
170	49	35.143	13.637	6	70	27.799	948	1217	9	9	11.310	5.516	46.595	0.797	2.050	0.488	0.860
171	337	47.855	18.605	1	96	79.598	1126	1225	19	27	28.697	14.952	63.726	0.668	1.919	0.521	0.863
172	16	18.562	11.296	4	50	18.728	2092	1226	6	6	6.143	3.316	39.608	0.573	1.853	0.540	0.627
173	204	49.338	16.877	11	96	60.184	1390	1229	19	18	21.439	12.115	46.469	0.708	1.770	0.565	0.846
174	75	27.267	12.426	2	63	35.799	173	1235	11	10	11.886	8.034	46.801	0.735	1.479	0.676	0.833
175	980	17.706	9.441	0	55	196.794	999	1235	44	45	49.021	25.454	45.003	0.318	1.926	0.519	0.781
176	57	26.702	8.726	9	45	32.042	1108	1245	9	12	12.149	5.974	52.171	0.698	2.034	0.492	0.797
177	47	15.660	7.343	3	32	26.385	771	1249	9	8	9.802	6.105	37.665	0.848	1.606	0.623	0.847
178	396	17.222	8.591	0	46	117.054	502	1253	33	23	28.688	17.576	25.393	0.363	1.632	0.613	0.769
179	113	25.106	11.079	2	49	47.113	2643	1282	12	16	17.930	8.024	63.346	0.640	2.235	0.448	0.807
180	36	23.139	10.863	5	43	22.142	259	1310	8	6	8.552	5.360	32.013	0.923	1.596	0.627	0.900
181	23	13.870	7.950	2	32	20.142	569	1312	7	6	7.505	3.902	38.334	0.712	1.923	0.520	0.742
182	54	42.537	19.774	10	82	32.627	80	1318	10	11	11.851	5.801	48.565	0.637	2.043	0.490	0.766
183	72	29.319	13.496	4	68	40.042	2553	1329	11	14	14.813	6.189	51.688	0.564	2.394	0.418	0.750
184	155	25.723	13.020	1	56	62.184	3358	1329	17	21	23.977	8.231	52.182	0.504	2.913	0.343	0.765
185	376	39.109	16.964	2	85	82.912	2354	1334	24	26	29.109	16.446	48.232	0.687	1.770	0.565	0.877
186	1063	62.215	36.084	0	154	146.024	287	1341	48	42	55.422	24.421	40.852	0.626	2.269	0.441	0.894
187	263	43.958	21.492	4	109	69.012	645	1356	23	19	24.784	13.511	35.640	0.694	1.834	0.545	0.868
188	115	25.122	13.590	1	61	51.113	693	1371	13	17	16.565	8.839	66.652	0.553	1.874	0.534	0.777
189	1321	51.727	30.537	1	165	173.238	379	1375	54	49	63.054	26.675	45.590	0.553	2.364	0.423	0.867
190	19	22.526	7.097	10	32	19.556	81	1395	6	7	6.102	3.965	67.378	0.624	1.539	0.650	0.667
191	28	24.286	12.719	2	51	20.728	3210	1406	7	6	7.118	5.008	51.696	0.819	1.421	0.704	0.812
192	35	29.800	10.122	7	54	23.314	3627	1406	7	7	7.767	5.738	68.779	0.809	1.354	0.739	0.843
193	91	15.923	8.553	2	47	53.113	734	1417	18	10	15.551	7.450	19.260	0.405	2.087	0.479	0.674
194	124	21.339	11.513	1	47	55.698	3525	1421	12	20	19.103	8.265	78.298	0.502	2.311	0.433	0.747
195	37	14.946	8.485	4	39	32.971	2825	1423	11	8	9.087	5.184	178.472	0.428	1.753	0.571	0.583
196	72	47.972	20.089	3	96	34.870	359	1426	12	11	12.817	7.152	42.765	0.744	1.792	0.558	0.796
197	48	23.625	9.907	4	49	34.870	386	1436	11	12	14.010	4.362	46.175	0.496	3.212	0.311	0.706
198	77	13.195	6.458	1	30	77.012	918	1450	13	23	14.462	6.779	80.712	0.163	2.133	0.469	0.379
199	61	17.279	7.723	4	36	30.385	778	1458	10	9	9.436	8.231	19.026	0.830	1.147	0.872	0.841
200	1048	62.073	30.318	2	131	136.711	3320	1459	40	36	39.444	33.829	4.138	0.705	1.166	0.858	0.883
201	37	15.081	8.597	2	36	30.385	477	1466	10	9	9.937	4.741	48.083	0.504	2.096	0.477	0.673
202	64	23.391	9.074	4	41	38.627	3367	1476	13	11	13.393	6.084	41.582	0.539	2.201	0.454	0.723
203	45	28.289	10.753	1	49	36.042	617	1485	12	11	12.528	4.573	42.856	0.435	2.739	0.365	0.682
204	23	18.826	10.447	4	48	21.314	3056	1499	5	8	6.311	4.640	71.169	0.636	1.360	0.735	0.730
205	618	33.285	16.724	1	84	148.752	582	1506	34	35	32.665	24.089	26.562	0.351	1.356	0.737	0.730
206	26	29.192	12.010	10	52	20.971	1379	1518	7	7	6.681	4.955	39.356	0.743	1.348	0.742	0.732
207	42	21.881	9.920	4	44	28.627	2872	1526	10	9	8.333	6.417	29.906	0.644	1.299	0.770	0.706
208	492	36.602	17.428	2	90	107.640	2395	1545	31	31	37.085	16.892	45.528	0.534	2.195	0.455	0.816
209	61	39.967	17.777	3	72	29.213	354	1560	9	10	9.822	7.908	74.380	0.898	1.242	0.805	0.859
210	110	47.236	19.148	4	103	51.113	815	1569	14	16	17.978	7.791	52.540	0.529	2.308	0.433	0.786
211	16	13.812	8.938	4	33	20.728	2491	1573	4	8	7.203	2.828	91.954	0.468	2.546	0.393	0.653
212	298	46.091	19.726	2	102	73.355	430	1575	17	25	25.233	15.037	87.013	0.696	1.678	0.596	0.858
213	3277	18.816	9.611	0	58	314.049	3783	1577	74	64	78.313	53.278	33.842	0.418	1.470	0.680	0.884
214	80	28.950	13.597	1	56	40.627	3200	1578	9	15	15.816	6.440	81.624	0.609	2.456	0.407	0.769
215	555	48.077	19.074	2	94	96.083	357	1593	26	29	29.436	24.006	78.031	0.755	1.226	0.816	0.908
216	269	20.000	9.720	1	50	77.154	1214	1596	23	27	29.916	11.449	50.876	0.568	2.613	0.383	0.785
217	113	22.381	11.104	2	52	57.113	2026	1629	16	16	18.522	7.768	49.525	0.435	2.385	0.419	0.669
218	100	34.670	13.372	2	63	44.627	3474	1634	11	16	16.736	7.608	64.759	0.631	2.200	0.455	0.844
219	176	49.818	18.912	7	91	56.527	3203	1635	15	18	20.136	11.129	55.020	0.692	1.809	0.553	0.867
220	40	14.725	7.753	3	35	29.799	817	1640	9	10	8.288	6.145	46.269	0.566	1.349	0.741	0.661
221	505	11.988	7.016	0	41	218.208	3572	1641	43	35	37.149	17.308	38.864	0.133	2.146	0.466	0.565
222	2388	15.149	8.662	0	73	344.434	1468	1657	48	94	97.864	31.069	77.752	0.253	3.150	0.317	0.760
223	92	45.304	16.447	10	83	43.456	2340	1660	11	15	14.271	8.208	60.991	0.612	1.739	0.575	0.783
224	80	46.675	14.492	14	73	35.799	755	1661	10	12	12.499	8.149	45.443	0.784	1.534	0.652	0.851
225	2823	18.019	9.725	0	56	320.877	3800	1665	70	67	72.607	49.505	41.698	0.345	1.467	0.682	0.840
226	30	27.367	11.967	2	49	21.314	520	1671	7	6	6.853	5.574	29.872	0.830	1.229	0.813	0.833
227	85	63.306	19.284	11	96	33.799	1646	1692	11	10	10.731	10.085	32.267	0.935	1.064	0.940	0.895
228	43	26.581	14.566	0	55	29.213	2548	1694	10	9	10.442	5.243	39.680	0.633	1.992	0.502	0.761
229	96	49.938	16.420	4	92	39.456	3002	1703	11	13	12.528	9.756	79.587	0.775	1.284	0.779	0.821
230	179	34.503	15.092	4	73	58.527	3676	1707	15	18	19.516	11.678	70.006	0.657	1.671	0.598	0.819
231	345	13.974	7.831	0	47	132.225	383	1714	27	33	32.239	13.626	65.018	0.248	2.366	0.423	0.638
232	31	20.710	8.893	5	41	24.971	878	1723	7	9	9.174	4.302	52.789	0.625	2.132	0.469	0.765
233	495	19.792	9.965	1	55	112.569	1523	1737	31	33	32.710	19.268	44.038	0.491	1.698	0.589	0.798
234	30	12.867	8.963	1	34	22.728	1497	1741	6	8	8.288	4.609	50.829	0.730	1.798	0.556	0.800
235	265	33.917	15.372	3	75	78.669	2403	1750	17	26	23.751	14.206	93.628	0.538	1.672	0.598	0.799
236	100	14.300	7.516	1	47	50.284	1562	1753	16	14	15.819	8.049	45.063	0.497	1.965	0.509	0.717
237	24	39.375	15.319	16	77	18.142	1658	1754	6	6	6.241	4.896	45.000	0.916	1.275	0.784	0.828
238	421	26.732	13.977	2	84	100.811	353	1755	31	26	33.578	15.964	40.032	0.521	2.103	0.475	0.844
239	27	25.852	8.516	4	36	19.314	2012	1785	6	6	7.533	4.564	42.363	0.910	1.651	0.606	0.885
240	76	28.974	11.480	4	57	35.213	1199	1796	11	11	12.361	7.828	49.732	0.770	1.579	0.633	0.840
241	101	43.248	17.879	5	83	42.870	3223	1800	12	15	17.578	7.316	58.260	0.691	2.403	0.416	0.842
242	31	28.355	10.317	5	45	21.556	2791	1803	7	7	7.765	5.083	54.686	0.838	1.527	0.655	0.816
243	1110	52.850	30.490	1	129	176.794	983	1805	61	51	71.460	19.777	39.653	0.446	3.613	0.277	0.863
244	946	44.282	18.592	1	109	159.581	1390	1805	36	56	46.557	25.871	65.131	0.467	1.800	0.556	0.772
245	16	16.562	7.916	5	28	19.556	3849	1835	6	7	6.348	3.209	55.901	0.526	1.978	0.506	0.615
246	40	20.200	7.806	6	37	27.799	1036	1837	7	10	9.697	5.252	59.092	0.650	1.846	0.542	0.762
247	429	25.967	14.475	1	63	108.468	2759	1840	27	35	31.647	17.260	55.265	0.458	1.834	0.545	0.764
248	19	14.737	8.405	2	29	19.556	780	1847	6	7	6.176	3.917	74.969	0.624	1.577	0.634	0.633
249	632	72.446	38.985	2	169	116.468	299	1850	32	37	32.954	24.418	45.154	0.585	1.350	0.741	0.832
250	19	12.842	7.328	2	26	15.899	1449	1857	5	5	5.559	4.352	54.280	0.944	1.277	0.783	0.864
251	63	33.905	14.191	2	61	30.385	345	1866	8	11	10.983	7.304	84.583	0.858	1.504	0.665	0.881
252	361	18.812	8.661	1	49	92.811	2359	1868	28	27	29.855	15.396	49.249	0.527	1.939	0.516	0.790
253	1735	16.632	9.384	0	55	270.492	3045	1869	43	81	70.915	31.151	78.518	0.298	2.277	0.439	0.760
254	134	45.873	15.226	1	73	50.527	3496	1874	12	18	18.226	9.361	70.396	0.660	1.947	0.514	0.825
255	55	32.400	13.099	7	60	33.799	278	1875	11	10	13.148	5.326	48.327	0.605	2.469	0.405	0.775
256	168	38.196	11.987	8	72	52.284	2961	1889	16	16	17.760	12.044	44.090	0.772	1.475	0.678	0.866
257	55	37.000	15.790	5	74	32.385	597	1907	11	9	11.265	6.217	46.914	0.659	1.812	0.552	0.764
258	20	9.400	3.691	4	18	19.314	3561	1911	5	7	5.680	4.483	70.561	0.674	1.267	0.789	0.741
259	1142	35.384	16.785	1	105	217.865	2485	1916	36	60	53.400	27.229	92.177	0.302	1.961	0.510	0.715
260	164	35.329	16.557	2	87	55.941	1022	1925	17	17	19.837	10.526	51.108	0.659	1.884	0.531	0.839
261	32	12.188	5.038	2	20	29.799	2178	1941	9	10	10.598	3.844	53.058	0.453	2.757	0.363	0.640
262	253	14.012	8.052	1	41	122.125	129	1948	27	24	20.543	15.681	23.367	0.213	1.310	0.763	0.569
263	78	42.321	15.104	14	75	33.799	1272	1954	10	11	11.660	8.518	53.405	0.858	1.369	0.731	0.872
264	1056	70.454	36.774	0	156	142.368	4	1959	48	35	45.026	29.862	18.661	0.655	1.508	0.663	0.875
265	48	38.688	15.411	9	78	32.042	526	1960	9	12	12.661	4.827	54.624	0.588	2.623	0.381	0.750
266	81	31.432	13.539	10	64	43.213	1003	1966	9	12	11.390	9.055	68.664	0.545	1.258	0.795	0.814
267	288	35.618	12.873	2	75	73.841	2217	1975	22	24	25.491	14.385	45.713	0.664	1.772	0.564	0.847
268	805	26.877	12.814	1	66	129.296	3670	1991	32	42	45.400	22.576	57.420	0.605	2.011	0.497	0.866
269	62	39.339	13.375	7	67	35.799	778	1995	12	10	12.750	6.192	45.458	0.608	2.059	0.486	0.785
270	39	23.103	12.680	7	54	24.728	2529	2005	8	7	8.853	5.609	52.352	0.801	1.578	0.634	0.848
271	22	29.045	10.362	7	45	20.142	533	2020	7	6	5.821	4.812	17.412	0.681	1.210	0.827	0.721
272	682	25.045	13.366	0	74	121.296	3470	2021	30	40	39.780	21.829	69.258	0.583	1.822	0.549	0.851
273	119	13.303	8.797	1	42	89.497	280	2027	14	23	16.683	9.082	73.894	0.187	1.837	0.544	0.510
274	20	13.100	7.290	3	27	22.728	2791	2032	6	8	6.616	3.849	54.457	0.487	1.719	0.582	0.615
275	44	31.341	10.379	11	49	31.213	2805	2039	8	11	10.167	5.510	56.078	0.568	1.845	0.542	0.727
276	296	32.557	13.596	2	75	91.983	1203	2049	23	27	28.012	13.454	55.388	0.440	2.082	0.480	0.774
277	213	19.540	11.005	0	56	101.054	2755	2049	28	35	40.801	6.647	55.314	0.262	6.138	0.163	0.647
278	17	13.647	5.147	2	22	18.728	43	2074	5	7	7.215	3.000	66.643	0.609	2.405	0.416	0.694
279	71	27.254	8.726	2	47	37.456	316	2082	13	11	11.987	7.541	35.832	0.636	1.590	0.629	0.732
280	101	51.970	19.335	7	95	44.870	3393	2084	13	15	15.697	8.192	52.110	0.630	1.916	0.522	0.786
281	41	20.976	8.601	2	37	34.870	3705	2087	12	11	12.776	4.086	42.806	0.424	3.127	0.320	0.617
282	186	31.823	14.713	2	64	62.770	3856	2088	21	17	22.844	10.367	36.718	0.593	2.204	0.454	0.823
283	40	21.775	10.890	5	46	29.556	505	2121	5	11	11.144	4.570	87.052	0.575	2.438	0.410	0.777
284	32	10.969	7.584	1	31	40.870	862	2139	10	12	8.382	4.861	72.727	0.241	1.724	0.580	0.424
285	114	27.263	12.540	4	63	58.770	895	2143	14	18	17.329	8.376	50.583	0.415	2.069	0.483	0.740
286	46	19.174	12.241	1	48	35.456	853	2144	9	11	9.924	5.902	119.471	0.460	1.682	0.595	0.667
287	3207	36.391	20.020	0	114	276.735	1226	2147	72	83	92.349	44.216	51.727	0.526	2.089	0.479	0.898
288	129	28.031	11.363	4	54	50.284	3195	2154	16	14	17.937	9.157	45.480	0.641	1.959	0.510	0.830
289	25	22.440	10.108	5	41	19.556	3877	2162	7	6	6.505	4.893	163.074	0.821	1.329	0.752	0.769
290	118	41.466	16.314	4	83	47.456	1003	2164	13	16	17.946	8.372	61.655	0.658	2.144	0.467	0.814
291	127	21.378	11.003	3	48	50.527	3488	2167	17	15	18.165	8.902	36.875	0.625	2.041	0.490	0.786
292	28	16.286	11.191	3	46	23.556	1509	2168	6	8	7.658	4.655	85.968	0.634	1.645	0.608	0.727
293	117	21.299	10.963	2	53	59.698	3223	2181	18	17	19.816	7.518	49.296	0.413	2.636	0.379	0.678
294	118	38.483	16.945	7	73	48.527	196	2193	14	17	18.341	8.192	57.987	0.630	2.239	0.447	0.808
295	290	27.638	14.296	2	66	98.326	2525	2200	26	28	30.587	12.072	51.865	0.377	2.534	0.395	0.694
296	106	30.509	10.981	3	52	43.456	1907	2204	10	17	15.299	8.822	76.153	0.705	1.734	0.577	0.822
297	90	40.944	14.346	7	80	38.627	1283	2219	11	12	12.973	8.833	48.217	0.758	1.469	0.681	0.833
298	73	22.384	10.132	4	50	40.627	2707	2223	10	13	12.974	7.164	64.301	0.556	1.811	0.552	0.756
299	621	25.008	12.461	0	63	114.711	2817	2230	36	33	40.051	19.742	35.800	0.593	2.029	0.493	0.866
300	533	12.790	6.873	0	39	125.539	2130	2238	31	30	34.227	19.828	51.638	0.425	1.726	0.579	0.783
301	82	11.720	6.538	1	27	43.698	3452	2247	11	12	10.659	9.795	114.406	0.540	1.088	0.919	0.722
302	23	12.435	5.945	2	24	30.385	3445	2250	6	10	8.557	3.422	99.291	0.313	2.501	0.400	0.505
303	81	52.494	11.680	21	83	35.213	1069	2285	10	12	11.843	8.708	73.438	0.821	1.360	0.735	0.885
304	48	19.667	8.677	5	39	32.385	3220	2293	10	10	9.773	6.254	26.596	0.575	1.563	0.640	0.691
305	51	26.725	11.358	7	48	31.799	3242	2299	10	10	11.680	5.559	44.138	0.634	2.101	0.476	0.773
306	1288	14.924	7.872	1	45	227.279	3439	2311	46	50	51.429	31.887	55.520	0.313	1.613	0.620	0.769
307	583	16.240	8.490	0	46	158.267	612	2312	30	45	44.110	16.828	65.436	0.292	2.621	0.382	0.721
308	25	11.880	5.199	1	22	22.142	73	2320	6	8	7.213	4.413	81.094	0.641	1.635	0.612	0.685
309	45	23.444	9.273	4	41	26.142	2118	2336	8	8	8.884	6.449	45.554	0.827	1.378	0.726	0.882
310	178	47.258	18.843	4	94	60.184	565	2370	18	19	22.689	9.989	51.228	0.618	2.271	0.440	0.824
311	32	14.531	6.520	3	32	22.728	426	2377	6	8	8.169	4.988	86.305	0.778	1.638	0.611	0.810
312	141	34.631	13.202	2	74	47.456	3440	2389	13	15	14.676	12.233	112.139	0.787	1.200	0.834	0.879
313	88	25.932	11.388	3	63	52.284	252	2397	16	11	13.723	8.165	12.098	0.405	1.681	0.595	0.654
314	603	12.851	6.878	0	32	140.125	295	2403	31	36	31.423	24.433	63.716	0.386	1.286	0.778	0.729
315	66	31.333	11.927	5	53	33.213	2126	2403	10	10	11.481	7.319	46.062	0.752	1.569	0.638	0.820
316	457	43.961	18.746	1	96	92.569	2136	2406	27	29	33.835	17.197	49.425	0.670	1.967	0.508	0.869
317	4873	40.274	27.407	0	127	302.534	3266	2410	76	97	89.591	69.254	83.172	0.669	1.294	0.773	0.925
318	122	15.598	7.167	3	31	89.983	2736	2411	17	19	14.594	10.643	52.227	0.189	1.371	0.729	0.525
319	45	12.356	7.259	2	38	37.456	1566	2426	9	11	8.530	6.717	89.541	0.403	1.270	0.787	0.647
320	259	46.290	19.558	7	119	72.083	3861	2428	18	27	27.322	12.070	60.917	0.626	2.264	0.442	0.856
321	525	52.078	23.361	3	124	124.024	588	2443	37	36	44.361	15.068	42.377	0.429	2.944	0.340	0.795
322	34	19.912	13.002	2	49	30.385	1	2452	5	11	10.148	4.266	90.807	0.463	2.379	0.420	0.660
323	692	12.246	7.100	0	44	181.380	2252	2456	42	32	35.825	24.594	9.222	0.264	1.457	0.686	0.709
324	208	50.351	20.067	8	110	65.941	2355	2491	17	21	22.400	11.823	54.325	0.601	1.895	0.528	0.809
325	52	20.827	9.863	1	45	35.213	777	2508	9	12	10.091	6.561	108.161	0.527	1.538	0.650	0.684
326	651	14.270	7.664	0	38	189.823	1119	2509	32	42	32.740	25.317	76.461	0.227	1.293	0.773	0.703
327	35	17.943	9.261	1	39	26.971	1575	2509	7	10	10.556	4.221	57.166	0.605	2.501	0.400	0.753
328	680	14.210	8.124	0	44	177.924	2543	2513	32	38	35.570	24.341	53.829	0.270	1.461	0.684	0.736
329	499	41.102	18.100	2	97	119.640	146	2518	23	41	34.801	18.256	79.375	0.438	1.906	0.525	0.770
330	86	20.163	9.757	0	46	41.456	575	2520	13	13	13.047	8.392	38.258	0.629	1.555	0.643	0.751
331	60	31.233	9.461	10	47	32.385	2148	2526	11	9	10.312	7.408	34.283	0.719	1.392	0.718	0.795
332	453	17.751	10.264	0	59	119.983	1	2527	19	39	36.950	15.610	74.707	0.395	2.367	0.422	0.825
333	53	29.642	12.180	8	63	35.799	3715	2555	9	11	9.564	7.056	46.314	0.520	1.356	0.738	0.697
334	86	12.395	6.850	0	34	69.012	3810	2572	13	17	11.416	9.592	76.613	0.227	1.190	0.840	0.512
335	39	23.308	11.799	2	49	40.627	1909	2579	8	14	11.001	4.514	62.186	0.297	2.437	0.410	0.523
336	52	27.596	10.615	11	50	30.385	467	2606	12	7	11.202	5.910	17.878	0.708	1.895	0.528	0.839
337	621	48.625	24.855	3	115	146.510	2777	2610	48	42	49.368	16.016	39.329	0.364	3.082	0.324	0.692
338	24	18.292	9.630	1	36	28.971	741	2628	7	11	10.859	2.814	51.065	0.359	3.859	0.259	0.545
339	485	43.113	18.942	3	107	95.983	134	2634	26	31	34.292	18.008	56.891	0.662	1.904	0.525	0.872
340	52	31.654	13.934	5	55	28.385	293	2645	8	10	9.675	6.843	89.328	0.811	1.414	0.707	0.819
341	406	43.232	17.784	2	93	91.497	1566	2649	28	24	26.263	19.683	168.849	0.609	1.334	0.749	0.828
342	259	11.907	6.257	0	34	92.326	745	2660	26	19	21.901	15.057	17.742	0.382	1.455	0.688	0.712
343	92	21.413	10.864	0	58	63.355	3572	2661	13	25	25.194	4.650	65.896	0.288	5.419	0.185	0.584
344	47	26.170	9.185	12	43	28.728	1803	2680	10	7	10.332	5.792	170.427	0.716	1.784	0.561	0.839
345	173	32.590	15.202	5	79	67.841	177	2708	20	21	25.062	8.789	51.027	0.472	2.851	0.351	0.762
346	109	16.890	8.971	1	40	51.456	2846	2713	16	14	15.058	9.217	45.143	0.517	1.634	0.612	0.703
347	52	14.115	6.264	2	29	42.627	2491	2727	10	11	10.119	6.543	51.317	0.360	1.547	0.647	0.654
348	18	25.556	11.094	9	45	15.314	1907	2739	5	5	5.823	3.936	130.154	0.965	1.480	0.676	0.837
349	345	42.180	17.526	1	91	82.426	1930	2746	19	29	28.627	15.345	64.128	0.638	1.866	0.536	0.860
350	439	11.861	6.537	0	31	196.309	862	2764	31	43	33.850	16.512	54.648	0.143	2.050	0.488	0.506
351	38	28.579	10.477	7	47	26.971	421	2770	9	8	10.146	4.769	46.677	0.656	2.128	0.470	0.768
352	186	25.823	13.340	3	63	65.841	909	2775	18	24	25.084	9.441	57.604	0.539	2.657	0.376	0.793
353	361	52.044	22.158	2	108	88.326	1536	2796	18	33	31.021	14.817	84.712	0.581	2.094	0.478	0.809
354	287	24.969	12.453	3	63	81.497	2818	2805	22	28	31.078	11.758	53.682	0.543	2.643	0.378	0.802
355	165	63.442	20.781	5	122	49.113	222	2807	14	17	17.201	12.214	65.399	0.860	1.408	0.710	0.889
356	434	72.880	27.105	3	126	86.083	3903	2822	23	30	32.034	17.250	55.160	0.736	1.857	0.538	0.907
357	87	13.161	7.180	1	29	81.497	2367	2852	14	17	13.704	8.083	55.269	0.165	1.695	0.590	0.512
358	22	13.636	5.876	4	25	19.314	1449	2859	7	5	6.693	4.185	162.814	0.741	1.599	0.625	0.800
359	23	21.913	10.565	3	44	20.142	3882	2861	6	7	8.162	3.588	49.247	0.712	2.275	0.440	0.780
360	214	58.481	22.600	2	111	61.598	102	2863	21	18	22.928	11.884	36.795	0.709	1.929	0.518	0.853
361	314	39.363	17.867	2	83	73.255	2242	2877	21	25	23.986	16.668	76.441	0.735	1.439	0.695	0.858
362	71	22.873	8.055	0	37	32.728	2567	2888	8	11	12.041	7.508	76.136	0.833	1.604	0.624	0.899
363	36	22.861	9.851	4	43	24.971	141	2891	7	9	9.658	4.746	56.009	0.726	2.035	0.491	0.800
364	29	21.138	8.505	8	38	22.971	3248	2893	7	8	8.176	4.516	60.020	0.691	1.811	0.552	0.773
365	74	45.824	14.835	8	71	37.698	2927	2902	12	13	14.806	6.363	50.927	0.654	2.327	0.430	0.783
366	112	30.929	13.538	0	63	50.527	3782	2907	12	18	18.450	7.729	66.581	0.551	2.387	0.419	0.775
367	1142	16.954	9.098	0	57	189.480	2834	2948	42	44	40.073	36.284	56.979	0.400	1.104	0.905	0.814
368	344	33.608	16.456	2	77	85.841	3638	2949	20	28	27.071	16.179	113.008	0.587	1.673	0.598	0.807
369	35	19.429	8.269	5	38	29.799	124	2953	9	10	11.188	3.983	43.300	0.495	2.809	0.356	0.707
370	27	16.593	9.974	2	36	20.728	2007	2957	6	7	7.770	4.425	52.563	0.790	1.756	0.569	0.818
371	45	26.022	11.220	3	51	26.385	3093	2959	8	9	8.931	6.415	48.446	0.812	1.392	0.718	0.818
372	211	46.573	17.740	1	91	59.841	3291	2969	17	21	18.490	14.529	108.234	0.740	1.273	0.786	0.837
373	39	14.974	9.051	1	36	30.728	3660	2988	8	10	10.048	4.942	37.715	0.519	2.033	0.492	0.655
