 	Area	Mean	StdDev	Min	Max	Perim.	BX	BY	Width	Height	Major	Minor	Angle	Circ.	AR	Round	Solidity
1	362	19.903	9.942	0	55	111.397	2156	1	19	43	41.896	11.001	73.634	0.367	3.808	0.263	0.745
2	289	20.647	10.450	3	52	90.669	3151	4	18	33	31.731	11.596	68.284	0.442	2.736	0.365	0.758
3	63	24.508	10.431	4	47	30.971	2805	28	10	9	11.354	7.065	42.766	0.825	1.607	0.622	0.857
4	32	13.031	5.916	2	29	24.728	2140	58	6	9	7.840	5.197	104.034	0.658	1.508	0.663	0.753
5	58	31.500	12.027	8	53	35.213	1485	71	7	13	12.170	6.068	83.390	0.588	2.005	0.499	0.779
6	64	22.156	9.973	3	45	48.284	3853	86	9	14	11.843	6.881	77.919	0.345	1.721	0.581	0.598
7	238	22.185	11.395	2	56	65.598	1729	89	18	22	17.919	16.911	96.200	0.695	1.060	0.944	0.835
8	79	16.924	9.235	1	46	69.598	1537	104	10	20	17.136	5.870	76.450	0.205	2.919	0.343	0.500
9	23	14.174	7.165	4	33	17.556	9	116	7	5	6.444	4.545	178.361	0.938	1.418	0.705	0.807
10	142	20.148	10.846	1	53	52.042	2361	130	13	17	16.761	10.787	59.249	0.659	1.554	0.644	0.835
11	93	21.914	10.516	1	44	38.627	3979	140	11	12	12.472	9.494	55.431	0.783	1.314	0.761	0.834
12	374	66.880	25.208	7	126	80.426	3542	164	19	30	29.402	16.196	71.360	0.727	1.815	0.551	0.883
13	357	31.157	15.866	1	72	111.255	2305	183	18	43	36.125	12.583	78.593	0.362	2.871	0.348	0.701
14	24	19.750	9.790	2	37	18.728	2338	190	5	7	6.819	4.481	74.388	0.860	1.522	0.657	0.842
15	664	27.411	14.816	1	82	165.782	150	194	18	63	58.683	14.407	83.446	0.304	4.073	0.245	0.811
16	20	10.350	6.532	0	22	19.556	141	289	6	6	5.370	4.742	1.145	0.657	1.132	0.883	0.702
17	48	14.250	6.330	2	25	49.456	139	297	7	14	11.332	5.393	72.619	0.247	2.101	0.476	0.596
18	2531	45.630	24.346	1	128	270.451	1042	320	45	92	90.797	35.492	74.573	0.435	2.558	0.391	0.831
19	21	13.381	7.110	2	27	19.556	3879	331	6	7	7.248	3.689	59.428	0.690	1.965	0.509	0.724
20	19	15.737	7.534	1	31	17.314	1138	338	5	6	6.458	3.746	112.326	0.796	1.724	0.580	0.809
21	25	16.080	10.416	1	35	31.799	1145	339	10	7	7.380	4.313	177.380	0.311	1.711	0.584	0.490
22	503	31.579	14.221	3	82	113.983	1147	344	21	34	34.422	18.606	70.199	0.487	1.850	0.541	0.853
23	285	29.765	12.444	3	63	86.083	3947	347	17	34	33.783	10.741	72.563	0.483	3.145	0.318	0.815
24	44	21.068	10.073	1	43	28.971	3846	385	7	11	10.577	5.297	67.318	0.659	1.997	0.501	0.786
25	306	38.212	19.417	3	98	84.426	1966	393	14	33	31.046	12.550	85.626	0.539	2.474	0.404	0.818
26	382	19.178	11.040	0	63	104.569	1723	394	20	36	32.362	15.029	73.264	0.439	2.153	0.464	0.758
27	41	31.829	11.954	4	57	28.971	3339	395	7	10	9.621	5.426	82.011	0.614	1.773	0.564	0.732
28	36	13.778	5.972	5	30	28.728	1555	403	6	11	11.140	4.114	79.269	0.548	2.708	0.369	0.713
29	17	14.882	7.801	3	27	24.142	2042	413	9	6	7.205	3.004	147.340	0.367	2.398	0.417	0.507
30	112	31.384	11.400	7	59	47.456	1850	444	10	18	17.759	8.030	73.739	0.625	2.212	0.452	0.827
31	27	13.556	6.381	1	24	27.314	2001	445	4	12	9.946	3.456	95.414	0.455	2.878	0.348	0.720
32	39	13.359	5.985	2	24	31.213	3843	446	8	10	7.982	6.221	63.520	0.503	1.283	0.779	0.661
33	20	16.050	7.605	2	28	17.899	3138	456	4	7	6.366	4.000	78.567	0.784	1.591	0.628	0.889
34	170	24.806	9.322	3	49	54.770	246	477	17	17	15.297	14.150	139.534	0.712	1.081	0.925	0.804
35	705	16.132	8.754	0	49	164.267	1728	517	29	47	40.801	22.000	75.076	0.328	1.855	0.539	0.754
36	55	24.036	10.083	4	43	41.456	2545	534	9	14	12.051	5.811	76.092	0.402	2.074	0.482	0.647
37	87	30.609	11.779	3	52	41.456	2561	549	11	14	11.832	9.362	73.417	0.636	1.264	0.791	0.763
38	753	19.598	9.196	0	50	124.711	3822	551	31	40	37.837	25.339	72.324	0.608	1.493	0.670	0.858
39	40	27.825	10.066	7	49	27.556	1916	608	6	11	9.411	5.411	89.805	0.662	1.739	0.575	0.762
40	88	18.648	10.449	2	45	48.527	1173	629	13	17	17.008	6.588	117.240	0.470	2.582	0.387	0.688
41	67	16.194	7.069	5	32	46.385	618	644	8	19	17.038	5.007	93.732	0.391	3.403	0.294	0.647
42	35	19.714	9.317	4	49	24.971	1766	648	8	7	7.154	6.229	20.489	0.705	1.148	0.871	0.769
43	41	13.195	7.370	0	29	30.385	2993	663	11	5	10.861	4.807	179.593	0.558	2.260	0.443	0.781
44	141	35.518	14.697	5	72	56.870	3683	667	13	20	18.786	9.556	62.720	0.548	1.966	0.509	0.768
45	44	18.227	9.373	2	43	31.799	3591	695	7	12	10.020	5.591	74.838	0.547	1.792	0.558	0.710
46	402	58.090	21.964	4	111	92.669	1217	696	17	37	36.285	14.106	77.699	0.588	2.572	0.389	0.883
47	136	17.581	9.191	0	49	65.841	3667	735	13	21	17.736	9.763	100.964	0.394	1.817	0.550	0.682
48	80	35.225	14.333	1	66	38.627	3471	738	10	13	13.550	7.518	79.207	0.674	1.802	0.555	0.808
49	47	28.277	13.790	7	72	29.799	791	759	11	8	9.102	6.575	155.103	0.665	1.384	0.722	0.740
50	194	23.046	11.347	1	53	60.527	3506	789	16	17	17.115	14.433	29.638	0.665	1.186	0.843	0.834
51	24	25.292	9.480	6	42	19.314	3698	815	5	7	7.173	4.260	104.057	0.809	1.684	0.594	0.828
52	1211	36.023	16.239	2	82	168.167	3656	822	35	53	54.139	28.480	70.639	0.538	1.901	0.526	0.844
53	260	31.765	12.475	4	63	71.355	525	833	14	26	24.251	13.651	83.142	0.642	1.777	0.563	0.864
54	448	46.926	16.831	3	90	86.083	372	871	25	28	25.980	21.956	74.856	0.760	1.183	0.845	0.877
55	140	39.557	12.356	5	68	53.113	955	881	10	21	19.305	9.233	84.886	0.624	2.091	0.478	0.838
56	22	15.818	7.506	5	35	17.899	1760	911	5	6	5.556	5.041	91.252	0.863	1.102	0.907	0.863
57	90	23.111	10.398	2	47	39.799	1641	931	10	14	13.520	8.475	94.188	0.714	1.595	0.627	0.807
58	52	25.000	14.879	2	55	30.971	3511	971	7	12	11.680	5.669	75.643	0.681	2.060	0.485	0.806
59	242	37.475	14.359	4	71	76.184	3028	1046	14	30	28.530	10.800	82.528	0.524	2.642	0.379	0.815
60	63	12.333	6.248	1	30	48.284	3603	1097	11	15	12.504	6.415	114.671	0.340	1.949	0.513	0.558
61	1131	16.088	7.978	0	46	210.894	3456	1109	39	53	41.553	34.655	96.991	0.320	1.199	0.834	0.767
62	109	23.486	10.791	4	48	52.627	3110	1113	10	21	21.409	6.483	78.975	0.495	3.303	0.303	0.770
63	23	17.652	8.637	2	33	17.899	3011	1137	4	7	7.351	3.984	79.368	0.902	1.845	0.542	0.902
64	86	19.965	9.127	3	41	39.213	3274	1207	10	14	15.122	7.241	60.390	0.703	2.088	0.479	0.839
65	16	13.750	6.455	2	24	18.728	3895	1265	5	7	6.057	3.363	60.436	0.573	1.801	0.555	0.653
66	17	19.353	6.490	9	33	16.728	3911	1273	5	6	7.235	2.992	53.590	0.763	2.418	0.413	0.791
67	162	34.093	13.479	3	79	56.870	1286	1278	10	22	21.727	9.493	90.660	0.629	2.289	0.437	0.850
68	842	40.622	20.504	2	95	145.296	1296	1291	23	58	54.799	19.564	94.756	0.501	2.801	0.357	0.857
69	16	10.688	5.618	2	25	20.142	2334	1328	6	7	6.259	3.255	43.542	0.496	1.923	0.520	0.627
70	46	13.826	4.701	1	25	31.556	3216	1339	7	12	11.206	5.227	69.018	0.580	2.144	0.466	0.760
71	26	20.654	8.899	4	42	23.556	465	1352	6	9	8.880	3.728	51.089	0.589	2.382	0.420	0.754
72	24	12.542	6.541	2	30	26.971	3727	1358	7	9	8.260	3.700	46.322	0.415	2.233	0.448	0.578
73	18	17.944	8.192	3	29	20.142	2274	1373	6	6	6.354	3.607	120.721	0.558	1.761	0.568	0.667
74	70	14.671	7.247	1	41	48.527	3885	1383	13	14	13.847	6.437	62.186	0.374	2.151	0.465	0.603
75	29	24.621	9.667	2	43	26.971	2377	1399	5	11	9.012	4.097	80.426	0.501	2.200	0.455	0.690
76	101	13.921	7.956	0	41	56.870	1421	1429	9	23	20.383	6.309	72.634	0.392	3.231	0.310	0.719
77	90	24.211	11.015	2	54	46.042	1780	1444	9	19	17.472	6.559	84.413	0.534	2.664	0.375	0.741
78	259	56.815	19.793	8	104	71.355	491	1445	14	27	25.025	13.178	92.382	0.639	1.899	0.527	0.866
79	35	18.743	8.607	5	36	30.971	3790	1451	6	10	9.241	4.822	81.939	0.459	1.916	0.522	0.693
80	31	20.548	8.771	5	37	21.899	3555	1469	6	7	7.106	5.555	54.615	0.812	1.279	0.782	0.849
81	436	19.337	10.637	0	58	119.397	223	1470	21	41	35.203	15.769	80.576	0.384	2.232	0.448	0.743
82	53	17.057	8.486	2	39	38.385	1116	1497	7	16	14.171	4.762	80.745	0.452	2.976	0.336	0.702
83	257	50.973	15.644	6	81	70.426	2144	1509	20	20	20.053	16.318	48.355	0.651	1.229	0.814	0.825
84	107	23.757	10.972	2	49	53.355	594	1532	11	19	16.944	8.040	82.992	0.472	2.107	0.475	0.718
85	131	19.649	11.142	3	56	72.184	580	1543	11	25	20.529	8.125	84.610	0.316	2.527	0.396	0.624
86	115	27.565	13.429	3	65	56.870	47	1550	8	24	23.272	6.292	86.247	0.447	3.699	0.270	0.774
87	32	15.188	8.384	5	36	36.385	1452	1561	6	13	12.173	3.347	85.883	0.304	3.637	0.275	0.500
88	56	17.196	7.817	2	39	37.213	2370	1576	7	14	12.406	5.747	76.218	0.508	2.159	0.463	0.718
89	32	15.938	8.020	4	34	29.556	422	1632	6	10	9.413	4.328	81.256	0.460	2.175	0.460	0.634
90	1225	37.651	20.647	1	103	203.723	2474	1643	29	76	68.555	22.752	100.155	0.371	3.013	0.332	0.784
91	208	36.885	14.283	3	68	65.355	2947	1645	12	26	24.932	10.622	91.317	0.612	2.347	0.426	0.849
92	80	25.962	10.720	1	55	37.556	726	1723	9	11	10.846	9.391	74.286	0.713	1.155	0.866	0.870
93	276	26.304	12.788	1	64	120.326	148	1729	11	52	50.536	6.954	83.499	0.240	7.267	0.138	0.696
94	296	36.149	15.975	1	86	78.184	3299	1736	19	23	24.330	15.490	65.886	0.609	1.571	0.637	0.843
95	129	24.008	11.764	0	58	55.941	667	1761	11	22	20.256	8.108	75.095	0.518	2.498	0.400	0.791
96	264	48.481	17.824	7	99	69.355	2613	1761	16	25	25.870	12.993	73.197	0.690	1.991	0.502	0.867
97	66	18.288	7.396	7	34	35.799	3686	1816	9	13	12.545	6.698	68.540	0.647	1.873	0.534	0.776
98	59	23.203	8.816	6	44	31.213	1562	1944	9	11	11.124	6.753	66.470	0.761	1.647	0.607	0.819
99	474	34.525	15.284	3	91	100.225	1677	1945	21	37	34.530	17.478	84.107	0.593	1.976	0.506	0.843
100	60	17.817	9.637	2	50	42.284	964	1951	11	12	9.870	7.740	105.424	0.422	1.275	0.784	0.609
101	38	19.368	11.166	1	48	30.385	630	1973	7	10	10.045	4.816	75.809	0.517	2.086	0.479	0.704
102	73	31.521	11.518	4	52	39.213	741	2067	7	16	14.990	6.201	79.895	0.597	2.417	0.414	0.820
103	1066	34.053	17.419	1	98	170.024	2309	2069	28	57	55.601	24.411	96.520	0.463	2.278	0.439	0.850
104	223	25.130	12.633	1	59	79.355	580	2075	14	27	25.985	10.927	79.340	0.445	2.378	0.421	0.769
105	38	16.342	8.188	1	34	29.799	2808	2076	7	11	11.143	4.342	65.442	0.538	2.566	0.390	0.710
106	936	26.149	12.525	0	66	205.622	2874	2093	35	71	71.638	16.636	66.978	0.278	4.306	0.232	0.771
107	1638	19.404	10.516	0	75	307.463	694	2132	29	103	97.435	21.405	85.357	0.218	4.552	0.220	0.747
108	281	23.217	10.212	2	51	92.912	2834	2155	17	35	34.514	10.366	68.451	0.409	3.330	0.300	0.768
109	122	14.467	7.743	1	36	68.426	2783	2186	11	22	20.330	7.641	85.131	0.327	2.661	0.376	0.642
110	49	19.510	10.740	1	45	26.728	819	2205	7	9	8.647	7.215	75.342	0.862	1.198	0.834	0.883
111	79	22.608	8.098	1	41	36.385	3657	2229	11	11	10.638	9.456	71.091	0.750	1.125	0.889	0.819
112	326	19.138	10.049	0	51	99.397	3073	2243	28	25	28.926	14.350	151.212	0.415	2.016	0.496	0.764
113	44	26.455	12.082	4	54	32.971	312	2251	5	14	12.749	4.394	81.449	0.509	2.901	0.345	0.772
114	29	15.276	6.670	4	31	25.556	2354	2318	7	9	9.623	3.837	63.177	0.558	2.508	0.399	0.690
115	20	14.050	8.935	1	27	19.314	176	2329	4	8	7.799	3.265	81.146	0.674	2.388	0.419	0.784
116	177	16.277	8.804	1	43	95.841	2783	2346	16	25	19.329	11.659	87.909	0.242	1.658	0.603	0.610
117	175	21.377	11.314	2	56	84.426	375	2354	18	24	19.834	11.234	115.372	0.309	1.766	0.566	0.596
118	26	15.038	8.492	2	29	21.314	2535	2354	8	5	6.985	4.739	177.708	0.719	1.474	0.679	0.800
119	16	10.375	4.080	1	16	18.728	915	2358	5	6	5.757	3.538	134.761	0.573	1.627	0.615	0.727
120	70	11.886	6.057	0	25	45.113	2448	2395	10	14	12.224	7.291	78.650	0.432	1.676	0.596	0.657
121	854	29.836	13.168	3	81	131.296	646	2415	30	43	41.208	26.387	69.927	0.623	1.562	0.640	0.864
122	80	23.875	10.503	4	54	39.799	23	2437	8	16	15.932	6.393	80.973	0.635	2.492	0.401	0.816
123	842	16.109	8.646	1	49	204.894	1603	2438	42	34	37.969	28.235	164.761	0.252	1.345	0.744	0.743
124	46	21.652	9.608	4	38	30.971	3668	2454	7	12	10.844	5.401	61.678	0.603	2.008	0.498	0.767
125	297	34.939	15.471	2	76	90.083	693	2465	18	33	34.293	11.027	70.826	0.460	3.110	0.322	0.811
126	263	29.118	12.571	3	65	69.255	3413	2489	19	22	20.755	16.134	71.140	0.689	1.286	0.777	0.838
127	332	12.464	7.385	0	37	107.640	194	2497	23	26	22.403	18.868	117.486	0.360	1.187	0.842	0.707
128	148	23.939	12.030	2	56	56.870	3571	2500	12	19	19.199	9.815	78.841	0.575	1.956	0.511	0.787
129	119	19.849	9.263	2	45	48.284	526	2531	13	14	14.080	10.761	65.762	0.641	1.308	0.764	0.788
130	594	24.768	11.778	2	68	139.782	3554	2536	26	39	34.703	21.794	81.975	0.382	1.592	0.628	0.785
131	51	25.118	12.639	4	52	26.971	1935	2537	7	10	9.842	6.598	66.810	0.881	1.492	0.670	0.879
132	49	19.673	7.598	5	39	29.556	2681	2554	7	11	11.626	5.366	71.269	0.705	2.167	0.462	0.803
133	166	21.157	10.357	1	50	62.184	701	2569	16	21	21.815	9.689	55.916	0.539	2.252	0.444	0.792
134	172	28.163	12.817	2	56	64.770	2698	2580	15	24	21.800	10.046	75.835	0.515	2.170	0.461	0.745
135	33	15.545	6.088	1	29	23.556	3164	2580	6	9	8.380	5.014	96.644	0.747	1.671	0.598	0.795
136	119	21.622	9.572	3	46	66.184	3487	2580	12	26	24.939	6.076	67.907	0.341	4.105	0.244	0.706
137	50	12.580	5.925	4	31	39.456	3403	2583	10	14	12.670	5.025	56.233	0.404	2.522	0.397	0.625
138	56	21.821	10.588	2	45	32.385	2245	2599	11	9	8.660	8.234	112.161	0.671	1.052	0.951	0.742
139	174	21.201	9.129	1	42	73.598	3553	2601	15	26	27.110	8.172	70.112	0.404	3.317	0.301	0.737
140	49	18.837	9.655	3	50	40.870	1795	2604	6	16	13.459	4.636	83.514	0.369	2.903	0.344	0.653
141	16	24.750	9.849	8	45	15.314	2276	2620	6	4	5.329	3.823	12.452	0.857	1.394	0.717	0.800
142	154	29.539	11.878	7	63	53.941	3588	2620	13	19	19.093	10.270	66.537	0.665	1.859	0.538	0.828
143	118	26.364	13.065	1	54	56.042	3	2636	8	22	21.365	7.032	83.628	0.472	3.038	0.329	0.805
144	115	22.548	9.822	3	45	52.627	277	2665	8	21	19.995	7.323	85.564	0.522	2.730	0.366	0.810
145	520	42.942	18.278	4	96	117.640	40	2689	19	45	43.639	15.172	79.132	0.472	2.876	0.348	0.835
146	147	13.803	7.974	0	35	58.527	2248	2692	14	21	20.708	9.038	65.048	0.539	2.291	0.436	0.770
147	198	25.889	12.287	2	62	66.184	3515	2696	15	22	19.004	13.265	73.277	0.568	1.433	0.698	0.798
148	32	17.219	10.188	1	46	23.556	3202	2698	7	8	8.675	4.697	61.007	0.725	1.847	0.541	0.780
149	61	27.131	14.480	4	64	36.728	1646	2710	6	15	15.034	5.166	82.389	0.568	2.910	0.344	0.813
150	29	11.345	7.113	2	30	26.142	3259	2716	5	11	9.729	3.795	74.259	0.533	2.563	0.390	0.744
151	91	22.879	10.207	3	47	54.042	1946	2722	7	23	21.960	5.276	84.367	0.392	4.162	0.240	0.737
152	164	30.982	12.781	0	72	55.941	517	2734	11	22	20.497	10.188	83.193	0.659	2.012	0.497	0.854
153	17	13.529	5.959	5	25	16.728	2480	2763	7	4	7.155	3.025	21.623	0.763	2.365	0.423	0.791
154	123	21.732	10.463	1	49	56.770	3912	2771	13	20	18.250	8.582	67.082	0.480	2.127	0.470	0.685
155	60	23.217	12.134	2	54	36.042	2215	2775	8	14	12.801	5.968	75.164	0.580	2.145	0.466	0.750
156	101	24.851	12.081	4	61	47.799	1854	2824	9	19	20.518	6.268	73.068	0.556	3.274	0.305	0.849
157	146	16.336	7.968	2	43	73.841	3092	2840	17	19	17.191	10.814	59.988	0.336	1.590	0.629	0.664
158	400	47.212	28.757	1	133	126.368	564	2864	24	49	50.525	10.080	67.102	0.315	5.012	0.200	0.729
159	109	37.092	15.689	2	70	46.385	1203	2864	9	18	18.573	7.472	81.619	0.637	2.486	0.402	0.848
160	200	30.325	14.267	2	66	77.497	212	2867	13	30	29.610	8.600	76.645	0.418	3.443	0.290	0.758
161	239	26.849	12.243	1	58	113.497	2170	2868	11	43	39.181	7.767	93.858	0.233	5.045	0.198	0.655
162	57	15.000	8.742	1	37	40.627	2950	2882	7	16	13.245	5.479	87.171	0.434	2.417	0.414	0.687
163	2100	27.494	14.084	0	78	250.936	1358	2883	68	55	65.029	41.117	25.242	0.419	1.582	0.632	0.816
164	231	27.957	11.425	3	62	69.355	2542	2887	15	26	26.214	11.220	65.902	0.603	2.336	0.428	0.831
165	264	28.587	12.936	1	68	78.426	1909	2921	19	23	22.795	14.746	73.442	0.539	1.546	0.647	0.767
166	19	17.737	5.810	4	32	32.971	1013	2948	6	9	5.993	4.037	82.377	0.220	1.485	0.674	0.458
167	55	20.782	10.874	2	44	33.799	1209	2952	9	11	11.127	6.293	63.815	0.605	1.768	0.566	0.733
168	779	28.504	13.002	0	65	125.983	2227	2966	34	33	33.340	29.750	50.583	0.617	1.121	0.892	0.878
169	59	27.441	10.790	4	56	38.385	2201	2989	12	10	10.905	6.889	36.419	0.503	1.583	0.632	0.711
