 	Area	Mean	StdDev	Min	Max	Perim.	BX	BY	Width	Height	Major	Minor	Angle	Circ.	AR	Round	Solidity
1	19	21.789	10.475	4	40	18.728	3291	1	7	5	6.088	3.973	14.824	0.681	1.532	0.653	0.745
2	267	22.026	11.071	0	54	75.255	3769	7	24	19	25.965	13.093	32.143	0.592	1.983	0.504	0.841
3	45	36.911	13.149	7	69	32.042	2918	11	12	9	13.250	4.324	36.196	0.551	3.064	0.326	0.720
4	81	36.185	17.784	7	75	39.799	1408	20	16	8	14.982	6.884	18.080	0.643	2.176	0.459	0.831
5	43	51.442	16.075	21	84	27.556	2150	24	10	7	10.853	5.045	21.707	0.712	2.151	0.465	0.827
6	72	73.500	23.352	15	114	40.042	1164	27	16	9	15.596	5.878	19.968	0.564	2.653	0.377	0.774
7	75	24.347	11.424	2	51	49.355	3118	33	13	15	14.553	6.562	54.952	0.387	2.218	0.451	0.595
8	113	45.991	15.565	13	93	44.870	3187	37	17	10	16.749	8.590	177.545	0.705	1.950	0.513	0.834
9	70	44.171	11.907	13	73	32.627	3727	43	12	9	11.349	7.854	18.523	0.826	1.445	0.692	0.838
10	25	31.480	12.907	7	54	19.314	3027	52	7	5	7.405	4.299	30.966	0.842	1.723	0.580	0.862
11	1423	55.423	35.690	1	198	188.794	3305	78	54	55	67.076	27.011	47.374	0.502	2.483	0.403	0.849
12	134	24.261	12.840	3	63	61.941	3229	82	24	14	20.312	8.400	22.533	0.439	2.418	0.414	0.766
13	17	16.059	8.656	5	30	18.142	1060	93	5	7	6.980	3.101	59.349	0.649	2.251	0.444	0.694
14	48	33.000	11.151	9	69	32.627	725	100	11	9	11.322	5.398	30.806	0.567	2.098	0.477	0.727
15	194	43.418	19.993	6	97	73.841	2146	100	26	14	24.312	10.160	10.037	0.447	2.393	0.418	0.716
16	62	37.677	11.541	10	61	29.456	1325	103	11	9	9.512	8.299	18.807	0.898	1.146	0.872	0.832
17	36	28.778	12.419	7	58	25.556	3074	108	10	6	8.396	5.459	18.155	0.693	1.538	0.650	0.774
18	96	19.427	9.788	1	49	55.941	66	116	16	15	11.834	10.328	71.318	0.385	1.146	0.873	0.634
19	32	56.562	14.069	17	76	22.385	305	123	8	7	7.448	5.471	40.872	0.803	1.361	0.735	0.790
20	27	22.963	9.994	9	42	21.556	1730	123	8	6	8.585	4.005	26.505	0.730	2.144	0.466	0.783
21	59	29.915	14.048	5	69	33.213	1504	130	13	8	12.020	6.250	8.975	0.672	1.923	0.520	0.771
22	24	20.833	9.291	2	37	20.142	3263	137	8	5	7.197	4.246	14.073	0.743	1.695	0.590	0.800
23	55	39.545	15.220	6	72	33.456	2275	152	12	9	11.227	6.238	31.079	0.617	1.800	0.556	0.759
24	620	14.773	6.800	1	35	129.782	497	165	31	32	29.623	26.649	29.888	0.463	1.112	0.900	0.819
25	19	28.895	12.793	7	52	17.314	1693	165	6	5	6.699	3.611	44.781	0.796	1.855	0.539	0.826
26	221	87.882	28.033	19	162	63.598	3556	177	24	15	23.811	11.817	22.666	0.687	2.015	0.496	0.865
27	20	28.550	12.837	8	53	17.314	2958	213	6	5	6.614	3.850	46.574	0.838	1.718	0.582	0.833
28	2257	47.793	29.862	0	141	218.551	2634	222	73	54	68.227	42.120	22.837	0.594	1.620	0.617	0.872
29	239	42.481	14.280	7	84	67.355	1434	225	24	14	23.195	13.120	10.207	0.662	1.768	0.566	0.875
30	17	12.353	6.566	3	26	22.971	445	235	5	8	6.217	3.482	74.767	0.405	1.785	0.560	0.540
31	164	40.183	17.388	3	86	64.527	2714	241	25	11	23.485	8.891	2.731	0.495	2.641	0.379	0.765
32	23	42.130	14.150	10	73	20.728	1004	248	8	5	8.341	3.511	17.709	0.673	2.375	0.421	0.754
33	230	43.574	16.295	4	91	71.598	2748	250	28	14	25.505	11.482	8.767	0.564	2.221	0.450	0.821
34	16	15.875	9.394	2	40	14.485	2282	255	4	5	5.186	3.928	52.018	0.958	1.320	0.757	0.889
35	18	46.444	17.181	12	77	17.314	1544	261	6	5	6.532	3.509	34.266	0.755	1.862	0.537	0.783
36	50	25.840	11.116	7	57	28.627	3140	262	9	10	10.438	6.099	54.825	0.767	1.711	0.584	0.787
37	51	45.137	17.515	17	89	28.971	2388	273	12	6	10.920	5.946	10.754	0.764	1.836	0.545	0.887
38	53	81.094	25.939	26	125	29.799	2126	290	12	7	11.746	5.745	23.304	0.750	2.045	0.489	0.822
39	370	16.624	8.052	1	42	89.740	1917	292	24	27	25.330	18.599	126.458	0.577	1.362	0.734	0.805
40	1461	57.118	30.477	1	148	208.894	896	296	64	47	57.866	32.147	36.894	0.421	1.800	0.556	0.787
41	17	20.647	6.103	9	33	18.728	3574	305	6	6	7.181	3.014	42.104	0.609	2.383	0.420	0.708
42	2763	50.577	26.800	1	135	262.735	3332	320	88	56	87.931	40.008	23.563	0.503	2.198	0.455	0.877
43	55	37.655	12.683	8	77	31.456	3203	322	12	9	12.337	5.676	36.029	0.699	2.173	0.460	0.809
44	108	29.269	11.473	1	51	46.284	62	323	16	12	16.051	8.567	31.074	0.634	1.873	0.534	0.797
45	18	41.167	19.464	4	83	17.899	3994	328	5	6	6.158	3.722	49.899	0.706	1.655	0.604	0.818
46	114	68.009	20.769	14	110	41.698	3764	330	16	11	15.997	9.074	26.261	0.824	1.763	0.567	0.877
47	753	28.738	11.862	1	66	129.054	73	341	37	29	35.027	27.371	18.396	0.568	1.280	0.781	0.878
48	1492	32.938	15.684	0	85	203.865	2490	344	68	39	63.117	30.098	25.795	0.451	2.097	0.477	0.825
49	36	27.861	10.296	7	48	25.556	3117	346	9	7	8.978	5.105	20.902	0.693	1.759	0.569	0.766
50	90	58.200	20.564	21	97	41.213	3950	350	17	8	16.249	7.052	14.274	0.666	2.304	0.434	0.865
51	359	21.064	10.454	0	53	97.054	1769	353	25	32	37.326	12.246	61.624	0.479	3.048	0.328	0.786
52	41	42.073	15.744	4	66	26.142	3844	364	9	7	10.490	4.976	33.446	0.754	2.108	0.474	0.828
53	266	38.173	17.947	4	86	71.841	116	371	24	20	25.612	13.224	34.810	0.648	1.937	0.516	0.844
54	299	48.692	16.215	7	93	71.355	2193	372	24	19	26.328	14.460	28.847	0.738	1.821	0.549	0.895
55	56	29.768	11.866	4	59	28.385	1592	373	8	10	10.118	7.047	74.313	0.873	1.436	0.696	0.855
56	96	74.615	25.376	12	127	40.870	468	380	16	10	16.435	7.437	29.803	0.722	2.210	0.453	0.873
57	44	38.114	12.574	15	69	28.728	2405	385	11	6	12.182	4.599	18.385	0.670	2.649	0.377	0.838
58	95	21.200	10.536	2	44	47.113	1371	394	14	13	13.868	8.722	47.877	0.538	1.590	0.629	0.731
59	112	36.223	14.537	5	70	47.113	3914	401	18	9	17.608	8.099	11.663	0.634	2.174	0.460	0.812
60	42	29.429	15.632	2	70	30.042	2338	407	12	8	12.793	4.180	31.151	0.585	3.061	0.327	0.737
61	100	27.940	11.751	5	57	48.284	3333	419	12	17	17.468	7.289	67.602	0.539	2.397	0.417	0.769
62	47	24.255	9.622	4	48	28.627	1991	426	10	8	10.352	5.781	34.751	0.721	1.791	0.558	0.790
63	63	31.683	12.671	2	59	36.870	3065	427	11	11	10.864	7.383	34.648	0.582	1.471	0.680	0.728
64	338	30.050	14.591	3	69	94.225	1056	433	20	31	30.457	14.130	62.891	0.478	2.156	0.464	0.789
65	554	61.661	32.525	3	144	98.326	3258	446	29	25	29.604	23.827	32.886	0.720	1.242	0.805	0.889
66	182	82.357	26.472	8	137	55.113	51	449	20	13	19.869	11.663	15.820	0.753	1.704	0.587	0.875
67	34	45.706	16.482	13	76	25.556	17	464	9	7	9.278	4.666	31.253	0.654	1.989	0.503	0.756
68	34	50.882	20.550	14	100	21.899	1672	469	8	5	8.642	5.009	16.773	0.891	1.725	0.580	0.919
69	32	34.625	13.109	9	66	23.556	3934	476	9	6	8.916	4.570	21.908	0.725	1.951	0.513	0.780
70	99	38.970	16.906	1	85	42.627	1096	480	16	10	17.242	7.311	19.843	0.685	2.358	0.424	0.843
71	184	75.391	27.507	4	144	56.184	1434	502	20	14	20.683	11.327	24.356	0.732	1.826	0.548	0.864
72	27	26.259	9.964	5	49	26.142	3027	509	11	5	10.027	3.428	11.843	0.496	2.925	0.342	0.692
73	35	51.143	12.898	27	73	23.799	957	510	9	7	9.858	4.521	28.627	0.777	2.181	0.459	0.795
74	54	53.259	20.442	14	92	30.385	760	524	12	7	12.633	5.442	8.017	0.735	2.321	0.431	0.831
75	71	25.930	13.364	3	60	36.870	336	537	11	11	10.842	8.338	53.791	0.656	1.300	0.769	0.743
76	109	63.826	27.436	7	119	51.698	3726	542	20	12	21.972	6.316	28.549	0.512	3.479	0.287	0.823
77	51	48.922	17.547	8	80	30.042	246	565	12	8	11.285	5.754	24.482	0.710	1.961	0.510	0.779
78	77	41.961	14.644	11	73	38.870	2664	581	16	8	14.937	6.563	174.279	0.640	2.276	0.439	0.786
79	62	40.919	14.528	8	70	32.385	3712	601	13	7	12.857	6.140	19.860	0.743	2.094	0.478	0.873
80	70	44.743	14.833	12	80	32.142	2906	610	9	10	10.928	8.156	63.643	0.851	1.340	0.746	0.892
81	16	21.750	13.046	2	52	15.071	1982	623	6	3	6.103	3.338	5.780	0.885	1.828	0.547	0.941
82	20	34.100	14.045	8	58	24.971	3260	626	9	5	8.091	3.147	16.709	0.403	2.571	0.389	0.588
83	253	31.747	13.692	2	67	79.497	1452	636	28	20	30.189	10.671	32.626	0.503	2.829	0.353	0.794
84	47	27.106	11.157	7	52	32.042	562	644	11	10	11.337	5.279	46.157	0.575	2.148	0.466	0.723
85	34	23.441	8.631	7	42	25.314	270	660	10	5	10.949	3.954	16.403	0.667	2.769	0.361	0.850
86	28	36.607	12.182	7	56	20.142	136	676	7	6	7.143	4.991	30.859	0.867	1.431	0.699	0.824
87	83	112.735	34.910	27	190	37.456	606	680	14	10	15.260	6.925	30.921	0.743	2.203	0.454	0.851
88	498	39.367	17.300	1	81	106.569	3079	688	29	26	27.599	22.975	170.535	0.551	1.201	0.832	0.823
89	20	22.700	8.317	8	40	18.142	1083	692	7	5	6.661	3.823	28.266	0.764	1.742	0.574	0.741
90	108	59.407	21.177	17	110	48.284	2672	713	18	11	17.584	7.820	22.813	0.582	2.248	0.445	0.812
91	22	15.364	7.588	0	30	18.728	3067	714	7	5	6.495	4.313	155.312	0.788	1.506	0.664	0.800
92	237	36.169	14.692	3	69	61.941	623	716	23	14	23.037	13.099	175.560	0.776	1.759	0.569	0.899
93	127	13.575	7.751	1	44	70.083	1628	719	23	12	19.174	8.434	177.724	0.325	2.274	0.440	0.584
94	22	16.818	7.950	3	31	16.728	1636	730	6	5	5.840	4.797	20.654	0.988	1.218	0.821	0.863
95	107	37.514	14.923	7	76	40.627	704	733	14	11	13.979	9.746	23.109	0.815	1.434	0.697	0.884
96	102	45.314	16.088	8	77	44.870	3539	736	14	13	13.075	9.933	30.726	0.637	1.316	0.760	0.782
97	16	25.312	9.583	9	41	15.899	3473	756	6	4	5.662	3.598	173.380	0.795	1.573	0.636	0.800
98	64	37.234	14.499	4	73	34.627	1078	777	13	9	13.030	6.254	26.828	0.671	2.084	0.480	0.810
99	52	24.212	10.600	7	53	31.799	200	781	10	10	10.146	6.526	39.448	0.646	1.555	0.643	0.732
100	23	35.826	15.928	4	64	18.142	1790	782	7	5	7.340	3.990	22.256	0.878	1.840	0.544	0.836
101	1474	36.724	18.369	1	102	223.421	119	785	70	55	80.949	23.184	37.136	0.371	3.492	0.286	0.765
102	65	47.369	19.357	4	97	32.142	1084	788	12	7	13.114	6.311	18.902	0.791	2.078	0.481	0.929
103	66	58.576	20.610	13	101	36.042	3496	789	14	9	15.191	5.532	26.872	0.638	2.746	0.364	0.820
104	19	25.526	13.133	5	54	22.142	434	798	8	6	8.124	2.978	31.574	0.487	2.728	0.367	0.623
105	312	25.144	11.196	1	59	77.255	1836	817	20	24	23.150	17.160	60.044	0.657	1.349	0.741	0.848
106	170	44.794	18.274	2	98	51.941	3885	819	15	17	17.592	12.304	52.397	0.792	1.430	0.699	0.854
107	170	54.071	16.525	14	100	50.284	3740	843	17	14	17.987	12.034	32.969	0.845	1.495	0.669	0.895
108	34	38.882	13.649	8	62	23.799	3053	845	9	7	8.895	4.867	25.501	0.754	1.828	0.547	0.791
109	25	35.360	15.716	4	72	21.556	234	846	8	6	8.121	3.920	23.863	0.676	2.072	0.483	0.758
110	24	36.167	12.303	8	63	20.971	630	865	8	6	8.881	3.441	26.059	0.686	2.581	0.387	0.750
111	20	20.450	11.870	4	39	24.142	338	872	9	6	7.351	3.464	28.252	0.431	2.122	0.471	0.597
112	1143	52.563	27.794	2	136	152.409	391	872	50	43	53.963	26.969	36.373	0.618	2.001	0.500	0.881
113	32	28.969	9.806	8	50	22.971	2152	876	8	7	7.085	5.751	171.871	0.762	1.232	0.812	0.790
114	42	46.571	16.266	6	78	28.385	211	878	10	8	10.297	5.193	26.361	0.655	1.983	0.504	0.750
115	164	32.909	16.114	2	78	60.770	3342	883	20	18	19.793	10.550	38.643	0.558	1.876	0.533	0.770
116	117	42.726	14.083	5	70	46.284	349	887	15	13	15.686	9.497	27.115	0.686	1.652	0.605	0.815
117	892	29.635	14.123	1	64	141.338	1604	892	44	33	45.201	25.126	24.952	0.561	1.799	0.556	0.865
118	43	34.977	12.578	2	52	24.971	2248	914	9	7	8.887	6.161	11.337	0.867	1.443	0.693	0.835
119	145	41.117	17.071	0	77	51.355	345	918	19	13	18.493	9.983	17.779	0.691	1.852	0.540	0.815
120	19	33.000	11.652	5	58	18.142	2865	920	7	5	6.948	3.482	24.424	0.725	1.996	0.501	0.745
121	32	49.094	14.019	19	72	21.314	1296	933	7	6	8.291	4.914	35.187	0.885	1.687	0.593	0.889
122	17	29.059	10.078	11	50	17.314	2681	934	7	4	7.283	2.972	21.377	0.713	2.451	0.408	0.810
123	92	16.293	8.362	1	43	41.213	1	937	11	13	12.189	9.610	46.817	0.681	1.268	0.788	0.821
124	18	38.000	15.096	11	58	15.899	745	940	5	5	5.178	4.426	39.735	0.895	1.170	0.855	0.837
125	82	78.415	26.363	12	128	39.456	1620	947	16	9	14.973	6.973	23.226	0.662	2.147	0.466	0.832
126	697	57.783	24.874	2	119	113.054	3518	962	37	32	37.347	23.762	38.936	0.685	1.572	0.636	0.891
127	26	15.577	9.118	1	35	23.556	635	963	6	9	8.246	4.015	115.695	0.589	2.054	0.487	0.722
128	51	72.000	25.952	11	144	28.142	3269	969	11	6	11.303	5.745	9.730	0.809	1.967	0.508	0.903
129	21	23.571	8.795	8	41	17.899	3619	972	7	4	7.525	3.553	10.958	0.824	2.118	0.472	0.857
130	22	26.045	11.099	5	48	20.728	2858	985	8	5	7.971	3.514	14.749	0.643	2.268	0.441	0.759
131	22	28.318	11.008	11	46	19.314	3376	1000	6	6	6.650	4.212	32.847	0.741	1.579	0.633	0.759
132	718	56.224	24.650	0	116	111.882	1054	1022	35	33	39.704	23.025	41.772	0.721	1.724	0.580	0.904
133	62	36.516	12.457	1	62	36.870	3459	1043	13	9	11.779	6.702	14.460	0.573	1.758	0.569	0.734
134	67	17.552	8.902	1	46	39.456	713	1048	11	12	10.991	7.761	99.377	0.541	1.416	0.706	0.717
135	71	49.056	16.884	7	81	38.385	906	1059	15	8	15.058	6.003	18.921	0.606	2.508	0.399	0.830
136	36	11.361	5.514	1	22	25.556	3216	1067	7	8	7.564	6.060	49.026	0.693	1.248	0.801	0.766
137	40	47.450	18.652	18	81	25.899	1366	1074	10	5	10.963	4.646	13.038	0.749	2.360	0.424	0.909
138	159	60.623	19.126	7	106	52.527	1293	1075	17	16	18.903	10.710	39.275	0.724	1.765	0.567	0.846
139	33	17.545	8.352	4	38	24.385	3488	1088	8	7	7.365	5.705	147.489	0.697	1.291	0.775	0.733
140	40	32.275	12.094	8	64	26.971	2375	1092	11	6	9.809	5.192	15.538	0.691	1.889	0.529	0.816
141	269	42.164	13.891	2	87	74.184	2703	1093	25	18	24.971	13.716	32.295	0.614	1.821	0.549	0.834
142	286	23.311	10.608	2	53	82.912	171	1096	24	22	27.149	13.413	36.585	0.523	2.024	0.494	0.811
143	43	40.953	14.076	15	77	28.971	1509	1110	11	7	10.393	5.268	25.789	0.644	1.973	0.507	0.748
144	831	54.209	26.292	2	148	157.924	3369	1124	43	36	41.726	25.357	151.517	0.419	1.646	0.608	0.752
145	21	29.667	10.528	16	50	19.314	2382	1132	8	4	8.391	3.186	10.750	0.707	2.633	0.380	0.840
146	43	25.000	10.893	5	47	30.627	3936	1133	12	6	11.369	4.816	6.961	0.576	2.361	0.424	0.748
147	44	22.250	10.504	1	52	35.456	2693	1146	11	11	11.347	4.937	47.529	0.440	2.298	0.435	0.624
148	108	65.537	21.114	8	114	42.971	3562	1161	16	9	16.879	8.147	19.292	0.735	2.072	0.483	0.904
149	565	26.726	12.349	0	60	113.882	3612	1174	36	28	33.481	21.486	23.935	0.547	1.558	0.642	0.821
150	2078	37.387	15.343	1	88	229.865	1463	1183	60	63	72.754	36.366	43.324	0.494	2.001	0.500	0.880
151	76	36.671	15.895	4	78	44.284	1010	1189	12	13	11.847	8.168	57.749	0.487	1.450	0.689	0.694
152	103	38.447	14.269	3	66	44.284	384	1195	15	12	14.750	8.891	28.409	0.660	1.659	0.603	0.821
153	50	17.560	9.583	4	44	33.213	976	1199	12	9	9.448	6.738	166.824	0.570	1.402	0.713	0.694
154	100	24.120	12.915	3	59	53.355	997	1205	20	14	21.235	5.996	26.584	0.441	3.542	0.282	0.704
155	390	41.031	17.811	3	88	92.569	60	1214	29	23	26.812	18.520	163.602	0.572	1.448	0.691	0.800
156	22	38.636	15.261	15	67	19.314	2902	1218	8	4	8.059	3.476	20.722	0.741	2.319	0.431	0.815
157	26	30.885	13.042	4	52	20.142	920	1219	8	5	8.301	3.988	26.050	0.805	2.082	0.480	0.825
158	46	20.696	9.711	1	45	31.799	1294	1237	8	10	8.836	6.628	77.754	0.572	1.333	0.750	0.730
159	5367	46.156	27.969	0	174	428.759	438	1259	110	103	83.528	81.810	68.201	0.367	1.021	0.979	0.756
160	48	47.042	18.718	14	89	36.627	1635	1259	13	9	13.908	4.394	26.615	0.450	3.165	0.316	0.691
161	2084	26.008	13.520	0	79	252.492	19	1264	59	62	61.929	42.846	50.160	0.411	1.445	0.692	0.838
162	30	19.367	10.186	1	44	24.385	2757	1276	7	8	7.395	5.166	66.019	0.634	1.431	0.699	0.698
163	23	39.000	14.961	11	66	20.971	2287	1286	8	5	7.351	3.983	18.884	0.657	1.845	0.542	0.708
164	25	14.600	7.354	2	29	26.385	83	1293	7	9	8.188	3.887	58.238	0.451	2.106	0.475	0.595
165	53	48.302	16.907	10	84	32.385	3552	1334	12	8	12.580	5.364	37.132	0.635	2.345	0.426	0.785
166	38	59.079	17.824	17	84	29.799	421	1337	12	6	11.465	4.220	17.050	0.538	2.717	0.368	0.731
167	21	21.238	10.430	7	44	19.556	3065	1342	7	5	6.869	3.893	8.830	0.690	1.765	0.567	0.737
168	72	15.431	6.856	1	32	45.698	2698	1353	11	14	13.087	7.005	68.340	0.433	1.868	0.535	0.676
169	24	42.667	16.415	11	75	18.971	1705	1384	7	6	7.598	4.022	40.797	0.838	1.889	0.529	0.774
170	44	57.932	18.272	19	101	26.385	2846	1387	10	7	10.288	5.445	21.288	0.794	1.889	0.529	0.830
171	7399	34.912	22.749	0	148	559.713	3356	1393	202	79	161.960	58.167	177.974	0.297	2.784	0.359	0.722
172	148	32.189	15.801	1	81	60.184	2558	1396	20	16	19.525	9.651	45.042	0.513	2.023	0.494	0.749
173	32	28.406	9.530	10	44	23.556	2164	1401	10	5	9.976	4.084	18.782	0.725	2.442	0.409	0.831
174	402	22.142	9.551	1	51	84.083	3658	1421	24	27	29.167	17.549	59.416	0.715	1.662	0.602	0.864
175	1060	56.217	31.908	3	156	145.439	1774	1422	47	38	50.610	26.668	36.325	0.630	1.898	0.527	0.876
176	859	18.823	9.534	0	56	159.338	2580	1435	48	37	52.039	21.017	28.655	0.425	2.476	0.404	0.779
177	47	57.128	18.430	8	92	27.799	1066	1445	11	7	10.816	5.533	28.177	0.764	1.955	0.512	0.825
178	723	45.354	28.423	2	144	152.610	1800	1453	48	35	35.628	25.838	5.885	0.390	1.379	0.725	0.725
179	1752	27.877	11.802	1	67	217.421	2659	1495	55	49	50.242	44.400	162.820	0.466	1.132	0.884	0.854
180	32	36.625	15.084	11	73	23.556	2400	1496	9	6	9.303	4.379	30.543	0.725	2.124	0.471	0.821
181	2923	42.203	22.283	0	116	297.848	3558	1498	95	72	94.382	39.432	37.141	0.414	2.394	0.418	0.833
182	254	43.953	20.567	7	97	79.841	2611	1506	23	24	28.150	11.489	53.262	0.501	2.450	0.408	0.788
183	404	75.188	33.535	3	155	91.012	3252	1519	36	17	35.573	14.460	14.479	0.613	2.460	0.407	0.897
184	148	40.500	16.271	1	89	49.113	2580	1526	16	15	18.245	10.328	36.668	0.771	1.767	0.566	0.855
185	323	50.926	20.051	1	100	73.841	2212	1530	25	20	22.267	18.470	158.202	0.744	1.206	0.829	0.865
186	71	47.592	15.937	15	87	35.456	3009	1532	14	8	13.384	6.754	14.000	0.710	1.982	0.505	0.826
187	39	27.487	10.280	1	46	26.971	584	1538	9	8	10.730	4.628	32.049	0.674	2.319	0.431	0.796
188	86	44.093	13.809	9	70	38.042	804	1545	12	11	11.654	9.396	20.284	0.747	1.240	0.806	0.827
189	56	12.554	5.717	1	29	49.113	3520	1554	13	11	11.610	6.141	22.717	0.292	1.890	0.529	0.571
190	34	36.853	12.260	4	55	25.799	702	1581	9	7	9.535	4.540	29.944	0.642	2.100	0.476	0.739
191	22	37.500	13.309	9	66	20.142	3038	1587	8	5	7.673	3.651	18.898	0.681	2.102	0.476	0.746
192	284	50.394	20.339	3	97	69.598	3056	1590	23	18	22.826	15.842	16.761	0.737	1.441	0.694	0.870
193	219	47.817	17.601	8	98	59.941	6	1595	20	17	20.008	13.936	30.534	0.766	1.436	0.697	0.869
194	88	24.057	11.240	1	51	43.113	3404	1599	14	11	12.923	8.670	35.506	0.595	1.491	0.671	0.759
195	24	29.333	13.037	8	54	21.556	737	1602	9	5	8.220	3.718	25.050	0.649	2.211	0.452	0.750
196	30	36.267	11.614	15	64	23.556	1685	1611	9	6	9.066	4.213	20.921	0.679	2.152	0.465	0.769
197	18	18.000	8.918	4	38	17.314	3672	1618	6	5	5.695	4.024	12.104	0.755	1.415	0.707	0.800
198	56	50.482	18.110	2	95	33.799	596	1619	13	8	12.411	5.745	19.569	0.616	2.160	0.463	0.783
199	2165	25.488	10.959	0	67	231.421	1571	1626	64	54	65.645	41.992	156.130	0.508	1.563	0.640	0.872
200	3410	36.671	25.352	0	151	324.434	887	1628	73	90	98.695	43.992	58.199	0.407	2.243	0.446	0.819
201	42	49.381	18.501	13	88	31.556	504	1637	13	6	14.310	3.737	17.984	0.530	3.829	0.261	0.792
202	26	30.000	12.636	5	52	19.899	3120	1648	7	5	7.169	4.618	24.326	0.825	1.552	0.644	0.867
203	114	30.737	14.871	2	71	44.284	2445	1657	15	12	14.780	9.821	20.086	0.730	1.505	0.664	0.835
204	3234	53.006	36.588	0	168	267.664	1025	1663	87	69	94.330	43.652	28.129	0.567	2.161	0.463	0.878
205	16	28.750	13.097	5	57	15.314	27	1667	6	4	6.196	3.288	34.276	0.857	1.884	0.531	0.842
206	60	17.117	8.815	2	44	41.213	3628	1678	12	8	11.552	6.613	14.521	0.444	1.747	0.572	0.759
207	23	14.217	7.954	0	31	22.971	537	1689	8	6	7.517	3.896	28.693	0.548	1.930	0.518	0.648
208	112	19.268	9.493	1	44	48.870	1555	1689	18	11	15.237	9.359	10.850	0.589	1.628	0.614	0.765
209	30	29.967	11.657	5	49	26.142	2970	1694	10	6	8.698	4.392	27.617	0.552	1.980	0.505	0.698
210	39	46.846	21.541	10	82	24.142	386	1697	9	6	9.257	5.364	15.830	0.841	1.726	0.579	0.867
211	42	27.905	10.546	11	48	31.213	952	1710	11	7	11.079	4.827	20.841	0.542	2.295	0.436	0.718
212	470	24.704	11.671	0	57	91.154	952	1733	30	21	28.696	20.854	3.825	0.711	1.376	0.727	0.872
213	17	39.059	15.912	9	63	17.556	622	1734	6	6	6.064	3.569	41.261	0.693	1.699	0.589	0.694
214	188	21.968	9.253	0	47	53.355	1081	1750	16	18	17.627	13.579	71.508	0.830	1.298	0.770	0.870
215	7413	26.290	11.933	0	79	467.630	905	1761	123	90	120.480	78.341	179.074	0.426	1.538	0.650	0.797
216	28	47.643	16.185	19	76	23.556	1618	1778	8	6	7.078	5.037	22.242	0.634	1.405	0.712	0.747
217	42	12.048	4.732	2	21	35.799	3075	1793	8	11	9.625	5.556	111.789	0.412	1.732	0.577	0.604
218	24	16.792	10.754	1	40	29.799	97	1812	9	7	6.915	4.419	44.725	0.340	1.565	0.639	0.522
219	33	20.061	8.000	4	39	22.971	1080	1819	7	8	8.416	4.993	54.378	0.786	1.686	0.593	0.805
220	22	24.955	9.844	10	44	20.728	2919	1820	9	4	8.964	3.125	17.175	0.643	2.869	0.349	0.800
221	29	32.931	12.003	10	58	24.142	1215	1839	9	6	9.789	3.772	25.517	0.625	2.595	0.385	0.763
222	285	27.649	12.399	1	61	98.569	866	1842	20	37	37.092	9.783	69.057	0.369	3.791	0.264	0.713
223	2595	35.998	17.102	0	89	239.078	2599	1856	68	63	64.385	51.317	22.201	0.571	1.255	0.797	0.862
224	30	25.233	12.492	7	64	27.799	70	1858	10	8	10.757	3.551	36.008	0.488	3.030	0.330	0.638
225	78	18.410	7.878	2	33	40.284	2476	1868	12	11	12.486	7.954	40.631	0.604	1.570	0.637	0.776
226	73	12.849	6.333	1	31	56.184	938	1870	14	16	13.071	7.111	48.209	0.291	1.838	0.544	0.541
227	1438	45.195	20.163	0	105	165.581	92	1883	46	49	47.053	38.912	54.122	0.659	1.209	0.827	0.890
228	30	20.600	13.713	1	47	25.799	2269	1891	9	8	9.935	3.845	50.227	0.566	2.584	0.387	0.706
229	17	31.471	12.831	8	53	17.899	662	1900	7	4	7.115	3.042	22.596	0.667	2.339	0.428	0.791
230	18	22.389	9.882	7	42	18.142	3300	1905	6	6	7.366	3.111	42.775	0.687	2.367	0.422	0.735
231	84	12.798	6.495	2	30	50.770	2493	1927	14	12	11.900	8.987	13.239	0.410	1.324	0.755	0.651
232	276	40.181	15.329	2	87	71.154	656	1929	25	19	25.305	13.887	31.687	0.685	1.822	0.549	0.848
233	18	18.333	7.129	4	29	18.728	181	1938	6	5	6.632	3.456	164.547	0.645	1.919	0.521	0.706
234	44	39.955	13.747	9	63	27.799	2662	1949	10	8	10.924	5.128	26.950	0.715	2.130	0.469	0.800
235	131	16.832	7.639	2	38	64.184	2849	1963	19	13	18.637	8.950	27.817	0.400	2.082	0.480	0.728
236	17	42.765	10.503	29	61	15.899	2206	1970	6	4	6.575	3.292	24.595	0.845	1.997	0.501	0.829
237	813	44.608	18.360	2	92	115.640	1868	1971	37	33	34.003	30.443	33.459	0.764	1.117	0.895	0.901
238	2506	40.552	21.706	0	113	270.492	1731	1995	93	55	75.392	42.322	169.346	0.430	1.781	0.561	0.768
239	64	31.062	14.108	1	70	33.799	2317	2000	12	8	11.576	7.039	9.018	0.704	1.645	0.608	0.800
240	263	23.996	12.576	1	61	71.113	2705	2021	23	19	22.618	14.805	165.689	0.654	1.528	0.655	0.822
241	104	54.192	20.842	4	94	41.698	1128	2027	15	12	16.100	8.225	35.641	0.752	1.957	0.511	0.860
242	18	26.000	11.975	8	54	17.899	2458	2059	7	4	6.779	3.381	7.290	0.706	2.005	0.499	0.800
243	459	62.227	32.885	8	139	95.397	2196	2071	32	26	31.362	18.635	36.180	0.634	1.683	0.594	0.832
244	71	23.099	10.887	1	50	40.627	969	2078	13	9	11.196	8.074	14.924	0.541	1.387	0.721	0.743
245	20	24.100	9.130	7	44	17.314	505	2080	5	6	5.512	4.620	82.765	0.838	1.193	0.838	0.851
246	141	68.043	26.347	1	126	51.355	2977	2088	20	13	21.345	8.411	27.104	0.672	2.538	0.394	0.855
247	1479	25.010	10.482	1	59	190.894	597	2093	50	44	47.917	39.300	29.340	0.510	1.219	0.820	0.878
248	30	50.133	19.911	7	83	24.385	3864	2101	9	7	10.199	3.745	30.520	0.634	2.723	0.367	0.759
249	24	30.708	14.731	8	73	18.485	748	2103	6	5	6.769	4.515	23.762	0.883	1.499	0.667	0.889
250	208	36.750	14.789	2	76	67.012	843	2112	24	16	25.253	10.487	27.965	0.582	2.408	0.415	0.840
251	39	51.974	18.941	5	85	26.971	181	2113	11	5	10.899	4.556	6.036	0.674	2.392	0.418	0.821
252	727	32.926	15.164	1	81	132.953	1487	2120	43	27	40.253	22.996	6.722	0.517	1.750	0.571	0.859
253	1631	26.001	11.568	0	66	166.853	3164	2120	46	48	50.882	40.813	51.262	0.736	1.247	0.802	0.926
254	52	43.942	17.180	16	89	30.385	324	2126	12	7	10.704	6.185	24.267	0.708	1.730	0.578	0.812
255	477	33.604	18.950	2	83	111.640	3542	2128	25	30	30.029	20.225	94.294	0.481	1.485	0.673	0.793
256	30	23.067	10.544	5	40	20.971	897	2136	6	8	8.394	4.551	63.849	0.857	1.845	0.542	0.822
257	80	33.712	19.327	4	71	44.042	2620	2137	16	11	15.624	6.519	154.321	0.518	2.397	0.417	0.711
258	1693	37.514	21.212	1	126	203.480	2550	2140	59	50	55.037	39.167	155.833	0.514	1.405	0.712	0.826
259	420	49.348	21.060	1	104	115.397	2054	2146	41	23	39.731	13.459	22.578	0.396	2.952	0.339	0.717
260	7971	41.147	27.433	0	158	624.767	822	2152	121	133	123.744	82.016	54.107	0.257	1.509	0.663	0.747
261	856	37.103	19.179	2	106	142.953	3686	2155	36	35	33.563	32.473	29.142	0.526	1.034	0.968	0.802
262	23	32.565	14.547	7	55	19.314	2730	2174	8	4	8.229	3.559	14.022	0.775	2.312	0.432	0.868
263	24	44.750	11.722	24	63	18.485	508	2196	7	4	7.056	4.331	10.481	0.883	1.629	0.614	0.941
264	62	22.145	9.549	2	45	33.799	3731	2198	12	9	11.929	6.618	35.812	0.682	1.803	0.555	0.805
265	52	25.577	11.600	3	50	30.627	6	2213	11	8	10.536	6.284	167.704	0.697	1.677	0.596	0.770
266	175	67.497	27.535	4	121	69.355	3661	2218	29	12	29.418	7.574	16.989	0.457	3.884	0.257	0.837
267	1643	43.348	22.696	1	110	193.480	2614	2221	59	51	47.684	43.870	151.425	0.552	1.087	0.920	0.834
268	57	37.614	14.935	3	70	35.213	797	2231	13	9	14.781	4.910	28.724	0.578	3.010	0.332	0.770
269	32	21.719	9.985	0	37	21.899	158	2244	5	8	8.421	4.838	82.427	0.838	1.740	0.575	0.889
270	34	30.059	9.448	11	48	24.728	2350	2257	8	6	8.524	5.079	5.858	0.699	1.678	0.596	0.800
271	150	22.307	12.253	1	59	51.941	2500	2270	18	14	17.462	10.937	30.613	0.699	1.597	0.626	0.838
272	1046	18.622	9.197	0	55	148.267	3117	2279	37	43	40.116	33.199	65.790	0.598	1.208	0.828	0.874
273	43	55.814	15.468	21	93	26.971	3485	2286	9	8	11.105	4.930	38.552	0.743	2.253	0.444	0.843
274	16	32.812	10.833	20	59	16.728	2012	2292	7	4	6.723	3.030	32.471	0.719	2.219	0.451	0.780
275	37	57.784	21.680	24	104	27.556	3358	2293	11	6	11.567	4.073	23.505	0.612	2.840	0.352	0.804
276	1570	49.638	28.302	1	145	268.635	2956	2305	94	61	91.238	21.910	35.438	0.273	4.164	0.240	0.705
277	71	41.606	16.174	4	83	38.042	934	2314	14	10	15.323	5.900	29.514	0.617	2.597	0.385	0.807
278	28	23.607	12.160	6	43	22.385	2540	2332	9	6	8.502	4.193	17.505	0.702	2.028	0.493	0.718
279	41	25.780	10.331	5	50	31.799	824	2346	8	10	9.485	5.504	60.303	0.510	1.723	0.580	0.695
280	47	36.191	18.942	4	73	29.799	1969	2348	11	7	10.583	5.655	11.654	0.665	1.871	0.534	0.783
281	24	24.375	12.275	1	42	20.728	3381	2363	8	5	7.709	3.964	20.619	0.702	1.945	0.514	0.787
282	38	46.947	16.074	15	75	25.556	720	2376	10	6	9.816	4.929	19.148	0.731	1.991	0.502	0.809
283	478	21.360	10.237	1	51	107.882	965	2382	27	31	32.344	18.817	62.780	0.516	1.719	0.582	0.810
284	125	39.904	16.356	4	93	51.698	2105	2383	20	12	19.953	7.977	24.397	0.588	2.501	0.400	0.804
285	59	74.153	22.063	33	114	32.971	240	2385	12	7	11.947	6.288	14.376	0.682	1.900	0.526	0.831
286	187	41.353	18.467	1	88	59.941	3398	2400	24	11	23.227	10.251	9.809	0.654	2.266	0.441	0.868
287	1129	50.454	25.979	2	131	171.238	2524	2414	50	47	58.161	24.716	51.236	0.484	2.353	0.425	0.815
288	34	30.206	11.890	6	55	22.728	611	2423	6	7	7.292	5.936	87.202	0.827	1.228	0.814	0.872
289	3919	47.154	27.896	0	133	363.161	3844	2437	99	79	99.966	49.915	41.835	0.373	2.003	0.499	0.789
290	36	35.417	13.127	3	60	23.556	2475	2443	7	8	7.676	5.971	47.877	0.815	1.286	0.778	0.818
291	106	42.972	13.473	2	75	45.698	414	2485	16	12	13.668	9.874	17.921	0.638	1.384	0.722	0.774
292	17	19.588	7.177	10	35	17.314	625	2485	7	4	6.354	3.407	9.751	0.713	1.865	0.536	0.756
293	18	30.111	13.620	4	61	18.142	2016	2506	7	5	7.780	2.946	34.548	0.687	2.641	0.379	0.783
294	235	64.209	29.666	7	145	67.841	191	2508	25	17	26.028	11.496	27.111	0.642	2.264	0.442	0.841
295	54	34.593	12.307	13	62	30.385	73	2524	10	8	9.942	6.916	20.917	0.735	1.438	0.696	0.818
296	171	62.287	21.865	10	127	53.941	77	2535	20	14	21.018	10.359	26.880	0.739	2.029	0.493	0.864
297	34	22.206	12.472	2	51	22.385	1396	2544	8	7	8.103	5.342	37.018	0.853	1.517	0.659	0.791
298	413	16.259	8.569	0	49	112.953	2981	2547	37	20	35.316	14.890	14.497	0.407	2.372	0.422	0.792
299	50	14.780	7.169	5	40	30.042	2764	2551	9	10	8.234	7.732	155.086	0.696	1.065	0.939	0.769
300	129	51.000	19.476	3	97	52.284	960	2571	20	11	20.076	8.181	16.418	0.593	2.454	0.408	0.811
301	48	35.542	12.081	8	64	27.556	69	2584	10	7	10.192	5.997	26.406	0.794	1.700	0.588	0.850
302	44	38.818	14.447	12	77	26.971	888	2585	9	8	10.044	5.578	42.788	0.760	1.801	0.555	0.815
303	49	21.429	10.118	5	44	27.799	3110	2588	11	7	10.438	5.977	6.885	0.797	1.746	0.573	0.803
304	58	27.000	11.058	6	48	33.456	1290	2597	13	9	10.127	7.292	2.611	0.651	1.389	0.720	0.763
305	36	25.028	11.259	6	45	29.799	2673	2598	9	10	10.776	4.254	48.525	0.509	2.533	0.395	0.637
306	33	19.394	11.541	4	47	28.385	2525	2606	11	6	8.719	4.819	10.551	0.515	1.809	0.553	0.653
307	120	36.850	12.079	4	64	49.698	2452	2607	18	12	16.587	9.211	1.584	0.611	1.801	0.555	0.779
308	26	37.269	14.715	5	72	26.385	3589	2622	11	5	10.230	3.236	13.160	0.469	3.161	0.316	0.684
309	381	47.383	20.634	1	101	88.569	2061	2633	32	23	32.297	15.020	34.610	0.610	2.150	0.465	0.861
310	39	52.744	14.585	5	85	26.385	745	2639	10	7	10.060	4.936	27.738	0.704	2.038	0.491	0.772
311	138	36.572	18.552	3	85	86.225	746	2643	33	23	40.368	4.353	32.476	0.233	9.274	0.108	0.620
312	21	24.952	8.182	12	50	16.728	182	2664	7	4	6.633	4.031	3.012	0.943	1.646	0.608	0.875
313	391	45.813	21.165	3	95	94.669	536	2674	31	21	25.852	19.257	172.420	0.548	1.343	0.745	0.793
314	22	13.045	6.237	2	26	22.142	477	2685	7	7	7.830	3.577	31.653	0.564	2.189	0.457	0.657
315	62	31.452	13.162	1	59	31.213	2376	2707	10	9	10.611	7.439	21.147	0.800	1.426	0.701	0.838
316	18	19.167	8.276	3	36	26.142	764	2709	10	5	7.509	3.052	11.012	0.331	2.460	0.406	0.537
317	32	21.000	11.051	4	41	28.385	2430	2709	11	7	9.456	4.309	27.046	0.499	2.195	0.456	0.660
318	157	20.490	9.605	3	46	54.284	2145	2710	18	14	16.179	12.356	7.209	0.670	1.309	0.764	0.826
319	616	35.938	18.161	2	87	116.125	3197	2712	34	31	32.035	24.483	49.374	0.574	1.308	0.764	0.832
320	24	42.000	16.302	10	72	19.556	2035	2714	7	6	7.428	4.114	26.174	0.789	1.806	0.554	0.787
321	67	34.776	12.549	1	59	47.113	2920	2730	16	14	18.670	4.569	47.957	0.379	4.086	0.245	0.612
322	333	16.114	8.158	0	47	95.397	3165	2730	26	23	23.309	18.190	28.386	0.460	1.281	0.780	0.779
323	19	16.737	7.680	5	32	16.728	1848	2754	6	5	5.829	4.150	40.520	0.853	1.404	0.712	0.809
324	380	21.342	10.325	1	52	101.054	1261	2774	23	33	31.678	15.274	113.601	0.468	2.074	0.482	0.755
325	59	33.305	13.182	7	58	31.799	3916	2776	13	7	11.489	6.539	173.294	0.733	1.757	0.569	0.837
326	62	15.194	7.819	2	39	42.870	2299	2785	12	10	11.452	6.893	27.326	0.424	1.661	0.602	0.674
327	26	42.500	17.578	5	65	18.485	2720	2788	6	5	6.906	4.794	25.185	0.956	1.441	0.694	0.929
328	71	21.127	12.710	2	56	34.385	2290	2810	13	8	12.800	7.063	18.555	0.755	1.812	0.552	0.840
329	57	34.439	13.655	8	62	31.213	1708	2812	12	8	11.612	6.250	21.369	0.735	1.858	0.538	0.826
330	20	16.800	9.677	2	43	22.728	3809	2829	8	6	6.957	3.660	20.285	0.487	1.901	0.526	0.635
331	22	28.409	11.215	1	48	19.314	1575	2842	7	4	7.657	3.658	9.683	0.741	2.093	0.478	0.830
332	98	50.367	19.977	12	100	46.284	572	2861	18	10	16.185	7.709	23.226	0.575	2.099	0.476	0.790
333	98	37.571	16.800	4	74	44.042	3660	2876	17	8	16.363	7.625	178.055	0.635	2.146	0.466	0.841
334	18	22.722	10.110	7	40	17.899	2061	2884	7	4	7.772	2.949	20.674	0.706	2.636	0.379	0.800
335	126	62.341	23.981	14	120	49.698	2943	2884	19	12	20.066	7.995	31.817	0.641	2.510	0.398	0.860
336	26	46.538	15.079	9	72	20.728	1751	2888	8	5	8.134	4.070	26.281	0.760	1.998	0.500	0.825
337	71	53.014	16.523	18	94	34.385	2302	2900	12	9	12.413	7.282	31.843	0.755	1.705	0.587	0.821
338	119	25.319	9.836	3	52	47.941	3638	2908	13	15	13.780	10.995	106.455	0.651	1.253	0.798	0.793
339	36	23.806	10.019	6	43	28.385	2101	2924	12	5	10.989	4.171	10.154	0.561	2.635	0.380	0.766
340	90	32.544	12.936	4	65	38.971	1975	2926	15	8	15.070	7.604	2.278	0.745	1.982	0.505	0.891
341	52	22.596	10.248	4	46	27.799	2512	2926	9	9	9.859	6.716	40.921	0.846	1.468	0.681	0.825
342	100	21.970	9.551	1	45	41.213	1132	2933	13	11	12.706	10.021	11.947	0.740	1.268	0.789	0.826
343	77	80.494	26.395	22	138	36.627	578	2935	14	9	14.700	6.669	22.638	0.721	2.204	0.454	0.860
344	50	24.740	9.955	3	47	26.971	1191	2936	9	8	9.289	6.853	23.736	0.864	1.355	0.738	0.840
345	16	37.125	16.153	10	68	15.314	1106	2952	6	4	5.957	3.420	29.931	0.857	1.742	0.574	0.821
346	1998	38.401	23.915	0	121	204.610	1169	2962	77	37	71.832	35.415	4.577	0.600	2.028	0.493	0.921
347	962	18.257	9.800	0	54	195.380	3782	2967	68	28	54.439	22.499	7.533	0.317	2.420	0.413	0.728
348	100	62.420	24.996	7	115	44.870	3334	2968	18	10	18.425	6.910	21.208	0.624	2.666	0.375	0.816
