 	Area	Mean	StdDev	Min	Max	Perim.	BX	BY	Width	Height	Major	Minor	Angle	Circ.	AR	Round	Solidity
1	109	43.706	17.552	1	92	46.385	949	1	20	7	18.764	7.396	0.728	0.637	2.537	0.394	0.928
2	30	17.467	10.051	1	46	22.142	3486	1	8	6	8.401	4.547	27.747	0.769	1.848	0.541	0.800
3	328	33.741	15.056	1	83	82.326	1184	12	28	19	25.381	16.454	171.685	0.608	1.543	0.648	0.837
4	20	24.200	10.571	2	43	16.485	2093	29	6	4	6.289	4.049	18.435	0.925	1.553	0.644	0.909
5	36	36.167	14.403	3	64	23.556	2685	33	8	7	8.644	5.303	32.245	0.815	1.630	0.613	0.837
6	313	52.796	17.590	3	99	77.255	3600	36	24	24	24.618	16.188	42.080	0.659	1.521	0.658	0.825
7	28	28.786	12.842	3	58	23.799	3400	37	8	8	7.692	4.635	34.669	0.621	1.660	0.603	0.683
8	31	16.290	8.696	2	37	29.556	2372	45	7	11	10.911	3.617	109.654	0.446	3.016	0.332	0.639
9	38	31.158	13.300	6	58	23.556	3859	57	8	7	8.084	5.985	19.708	0.861	1.351	0.740	0.835
10	54	20.037	10.601	1	51	29.556	2613	60	10	7	10.660	6.450	2.736	0.777	1.653	0.605	0.864
11	33	23.970	10.684	8	46	30.627	768	78	10	7	8.487	4.951	23.382	0.442	1.714	0.583	0.647
12	47	22.957	7.644	10	41	32.385	1183	82	8	10	10.141	5.901	97.995	0.563	1.718	0.582	0.729
13	103	36.350	16.519	5	72	42.870	1049	100	15	11	14.017	9.356	2.275	0.704	1.498	0.668	0.814
14	202	29.762	9.964	7	52	73.497	1696	122	20	18	18.372	13.999	32.632	0.470	1.312	0.762	0.761
15	99	22.222	9.412	4	46	48.527	1737	135	14	15	16.555	7.614	47.607	0.528	2.174	0.460	0.720
16	514	31.595	12.494	1	71	100.811	3362	140	30	27	30.639	21.360	36.293	0.636	1.434	0.697	0.866
17	32	42.844	9.762	21	60	20.728	1190	143	7	6	7.286	5.592	6.150	0.936	1.303	0.768	0.877
18	221	52.946	15.342	9	89	65.598	3424	156	19	18	18.987	14.820	21.756	0.645	1.281	0.781	0.819
19	21	23.095	7.127	8	37	17.899	1652	164	6	5	6.063	4.410	169.004	0.824	1.375	0.727	0.824
20	110	51.582	19.047	7	98	44.042	2453	164	18	9	16.970	8.253	9.917	0.713	2.056	0.486	0.880
21	48	15.812	8.348	1	31	36.627	2940	169	9	10	8.730	7.000	40.028	0.450	1.247	0.802	0.686
22	150	39.513	20.323	1	83	57.113	3507	173	22	10	21.891	8.724	173.971	0.578	2.509	0.399	0.829
23	28	21.571	12.761	4	52	22.142	3789	180	8	6	7.444	4.789	31.336	0.718	1.554	0.643	0.767
24	152	45.638	17.450	1	94	53.698	3056	191	15	17	18.398	10.519	52.159	0.662	1.749	0.572	0.822
25	17	19.471	6.719	10	35	17.556	2131	192	6	6	6.700	3.231	43.577	0.693	2.074	0.482	0.739
26	27	14.259	7.372	3	34	21.556	815	201	8	6	6.560	5.240	164.146	0.730	1.252	0.799	0.750
27	16	16.312	9.748	6	41	16.728	1590	205	5	6	5.274	3.863	108.635	0.719	1.365	0.732	0.696
28	102	24.745	11.530	4	55	43.698	1268	248	12	14	14.452	8.987	78.102	0.671	1.608	0.622	0.773
29	48	30.417	11.074	2	51	33.213	1585	265	11	8	9.719	6.288	163.803	0.547	1.545	0.647	0.696
30	16	22.562	8.382	9	38	16.728	1806	270	5	6	5.359	3.802	52.805	0.719	1.410	0.709	0.696
31	98	55.347	16.282	13	97	39.456	255	271	14	11	12.254	10.183	26.746	0.791	1.203	0.831	0.838
32	25	18.960	8.753	2	38	20.142	783	278	6	7	8.132	3.914	55.762	0.774	2.077	0.481	0.794
33	17	14.118	7.999	1	30	20.142	3201	294	6	7	5.352	4.044	74.518	0.527	1.323	0.756	0.576
34	325	14.600	7.182	0	34	98.811	1144	295	23	26	23.920	17.299	56.707	0.418	1.383	0.723	0.749
35	30	33.500	12.995	0	61	23.556	684	320	7	8	6.486	5.889	134.940	0.679	1.101	0.908	0.732
36	31	21.839	7.331	5	38	24.142	3149	320	7	8	6.910	5.712	166.092	0.668	1.210	0.827	0.738
37	211	56.592	19.821	5	100	60.770	419	330	17	20	21.481	12.506	55.736	0.718	1.718	0.582	0.858
38	49	29.571	8.055	4	45	26.971	1974	340	7	9	9.185	6.792	81.537	0.846	1.352	0.739	0.867
39	382	23.366	11.202	0	63	97.154	262	344	27	26	29.652	16.403	34.440	0.509	1.808	0.553	0.793
40	354	51.449	22.164	2	116	91.397	1312	345	32	18	31.830	14.161	4.282	0.533	2.248	0.445	0.748
41	188	43.457	12.141	7	75	57.355	1026	367	18	16	17.521	13.662	172.736	0.718	1.282	0.780	0.839
42	21	24.286	11.109	5	44	16.485	2609	369	5	5	5.896	4.535	52.448	0.971	1.300	0.769	0.933
43	17	35.059	9.890	15	53	15.314	3238	373	5	5	4.939	4.383	98.195	0.911	1.127	0.887	0.810
44	26	18.462	10.952	2	41	18.728	2824	374	6	6	6.685	4.952	29.397	0.932	1.350	0.741	0.867
45	32	18.594	9.514	4	36	29.799	2658	384	9	9	8.536	4.773	41.527	0.453	1.788	0.559	0.610
46	23	11.304	5.981	2	24	24.971	10	393	8	6	7.604	3.851	150.644	0.464	1.974	0.506	0.613
47	28	27.393	11.229	5	45	24.142	1838	394	6	8	6.737	5.291	115.622	0.604	1.273	0.785	0.727
48	2675	24.783	10.972	0	64	275.806	617	399	57	67	63.140	53.942	107.684	0.442	1.171	0.854	0.883
49	31	29.194	10.925	10	46	22.971	3388	399	9	6	8.153	4.841	28.801	0.738	1.684	0.594	0.775
50	20	15.350	8.406	0	30	23.556	693	403	5	9	7.262	3.507	80.942	0.453	2.071	0.483	0.597
51	31	32.129	12.063	14	67	26.042	950	404	8	8	7.112	5.550	43.971	0.574	1.282	0.780	0.660
52	16	19.688	9.386	2	40	18.728	59	406	7	5	7.603	2.679	27.437	0.573	2.838	0.352	0.667
53	92	43.196	13.600	6	75	36.627	2470	409	12	11	12.158	9.635	37.611	0.862	1.262	0.792	0.872
54	19	19.263	8.061	5	33	20.142	3496	418	7	6	7.178	3.370	36.934	0.589	2.130	0.470	0.655
55	73	39.945	11.415	2	65	32.627	1258	422	12	9	11.316	8.214	10.681	0.862	1.378	0.726	0.859
56	125	17.840	8.655	0	40	52.770	1444	429	17	14	14.417	11.039	22.531	0.564	1.306	0.766	0.742
57	204	31.966	12.691	1	59	56.426	1499	431	18	18	16.677	15.575	135.421	0.805	1.071	0.934	0.855
58	31	21.613	9.240	4	38	20.728	3558	431	8	5	8.026	4.918	8.935	0.907	1.632	0.613	0.899
59	108	15.037	8.375	1	38	51.698	2182	444	13	18	16.332	8.420	57.703	0.508	1.940	0.516	0.699
60	17	29.529	10.596	6	49	16.142	2971	449	5	6	5.410	4.001	50.490	0.820	1.352	0.740	0.756
61	22	27.591	9.410	7	44	17.556	3321	456	7	5	6.432	4.355	7.506	0.897	1.477	0.677	0.800
62	30	28.867	9.605	9	46	21.314	2340	482	7	6	7.187	5.314	20.366	0.830	1.352	0.739	0.882
63	33	15.121	6.795	2	28	22.485	755	484	7	6	7.230	5.811	4.112	0.820	1.244	0.804	0.880
64	47	28.128	7.456	11	41	27.213	1555	488	9	9	8.218	7.282	41.598	0.798	1.129	0.886	0.803
65	31	18.613	7.649	6	34	26.142	1539	490	10	5	9.181	4.299	171.347	0.570	2.136	0.468	0.738
66	27	23.259	9.792	5	39	19.899	784	498	7	5	7.056	4.872	29.722	0.857	1.448	0.691	0.871
67	81	34.704	11.858	4	59	39.698	1899	519	15	9	13.056	7.899	14.772	0.646	1.653	0.605	0.775
68	23	32.174	9.029	9	46	18.728	986	531	7	5	6.102	4.799	8.445	0.824	1.272	0.786	0.807
69	21	23.095	8.905	2	40	18.728	2019	533	5	7	5.849	4.571	109.227	0.752	1.279	0.782	0.764
70	378	24.026	11.486	2	53	88.326	956	545	25	28	32.188	14.952	52.548	0.609	2.153	0.465	0.850
71	47	17.149	9.544	1	45	31.799	1239	566	7	12	11.643	5.140	86.713	0.584	2.265	0.441	0.718
72	297	40.949	19.196	2	80	73.598	1710	572	25	19	27.275	13.865	23.577	0.689	1.967	0.508	0.876
73	97	21.144	9.531	2	44	50.770	1312	577	12	14	13.464	9.173	68.830	0.473	1.468	0.681	0.729
74	156	21.712	10.303	4	56	60.770	1289	580	18	16	17.093	11.620	16.901	0.531	1.471	0.680	0.746
75	36	28.333	11.849	13	65	25.213	2835	582	9	7	8.675	5.284	33.979	0.712	1.642	0.609	0.758
76	1176	34.591	16.207	2	85	146.368	2266	583	48	36	50.855	29.443	21.451	0.690	1.727	0.579	0.906
77	236	38.602	15.059	6	80	74.669	2727	590	18	25	26.849	11.192	66.341	0.532	2.399	0.417	0.810
78	32	47.469	16.130	13	82	21.314	3153	592	6	7	7.425	5.488	42.236	0.885	1.353	0.739	0.889
79	31	23.516	11.284	3	46	21.556	2862	611	7	7	6.575	6.003	28.910	0.838	1.095	0.913	0.785
80	37	47.324	15.350	15	74	24.728	2978	617	10	5	9.451	4.985	9.409	0.760	1.896	0.527	0.860
81	26	35.731	13.791	3	64	19.314	3695	635	7	5	7.015	4.719	19.660	0.876	1.486	0.673	0.867
82	24	17.333	8.085	5	31	24.971	2296	639	9	7	9.456	3.232	40.974	0.484	2.926	0.342	0.676
83	389	34.540	13.565	2	77	87.740	466	643	24	26	27.045	18.314	61.002	0.635	1.477	0.677	0.837
84	27	27.963	12.154	2	49	23.799	2118	647	8	7	7.712	4.458	30.017	0.599	1.730	0.578	0.667
85	111	61.541	19.694	1	102	40.527	1334	666	15	12	13.488	10.478	174.031	0.849	1.287	0.777	0.851
86	25	15.320	9.141	2	39	18.728	3688	687	5	7	6.978	4.562	119.735	0.896	1.530	0.654	0.833
87	115	31.339	13.083	5	64	44.870	1177	689	13	14	15.951	9.180	46.319	0.718	1.738	0.575	0.836
88	266	16.974	8.119	0	39	72.083	934	699	21	21	20.714	16.350	31.977	0.643	1.267	0.789	0.811
89	35	31.771	10.339	7	53	24.385	147	702	8	8	7.630	5.840	25.391	0.740	1.306	0.765	0.737
90	54	43.630	16.686	5	77	28.385	3114	707	9	9	9.814	7.006	51.819	0.842	1.401	0.714	0.844
91	45	40.978	12.969	15	71	24.971	136	709	8	8	7.705	7.436	87.735	0.907	1.036	0.965	0.857
92	29	22.310	13.205	1	58	24.142	2488	720	9	6	7.495	4.926	30.364	0.625	1.521	0.657	0.725
93	263	77.992	27.096	8	133	63.841	3184	724	22	18	20.966	15.972	11.168	0.811	1.313	0.762	0.887
94	20	14.950	9.638	2	41	24.728	2832	728	5	9	7.400	3.441	120.231	0.411	2.150	0.465	0.597
95	45	25.267	10.595	3	55	28.385	2082	736	9	9	8.376	6.840	58.410	0.702	1.225	0.817	0.763
96	18	32.278	12.920	10	51	15.314	3512	738	4	6	5.895	3.888	67.308	0.965	1.516	0.659	0.878
97	94	13.809	7.071	2	31	51.113	249	740	13	18	20.072	5.963	61.849	0.452	3.366	0.297	0.701
98	82	35.317	12.422	5	62	39.456	2881	752	14	10	12.762	8.181	1.452	0.662	1.560	0.641	0.785
99	24	28.083	7.961	16	43	21.556	1686	767	8	6	7.440	4.107	16.658	0.649	1.811	0.552	0.716
100	39	40.564	14.212	6	68	24.971	3318	767	8	8	8.899	5.580	33.881	0.786	1.595	0.627	0.804
101	43	16.744	6.779	5	33	26.385	1277	772	11	6	9.708	5.640	15.203	0.776	1.721	0.581	0.860
102	52	18.942	8.489	2	41	29.556	3647	776	8	10	8.284	7.992	35.367	0.748	1.037	0.965	0.812
103	227	49.643	20.821	4	90	79.983	445	781	22	29	30.519	9.470	54.377	0.446	3.222	0.310	0.790
104	32	24.594	10.016	4	44	24.142	272	786	10	5	9.676	4.211	9.804	0.690	2.298	0.435	0.790
105	136	55.691	16.712	8	98	44.385	1369	786	13	13	13.698	12.642	112.542	0.868	1.084	0.923	0.916
106	323	20.601	10.888	1	51	96.468	3317	786	26	25	27.386	15.017	49.593	0.436	1.824	0.548	0.804
107	37	32.568	8.808	14	47	31.799	3910	791	10	8	8.699	5.416	166.266	0.460	1.606	0.623	0.643
108	26	20.692	10.821	3	47	18.728	3518	830	7	5	7.250	4.566	175.519	0.932	1.588	0.630	0.867
109	460	16.861	8.581	2	52	103.640	1490	862	27	28	25.863	22.646	125.829	0.538	1.142	0.876	0.801
110	33	19.515	7.835	7	34	30.627	4	873	8	10	7.840	5.359	98.514	0.442	1.463	0.684	0.579
111	60	19.883	9.551	4	51	38.284	492	876	12	10	10.551	7.241	17.108	0.514	1.457	0.686	0.690
112	75	39.320	14.673	7	73	33.213	3478	881	12	9	11.832	8.071	22.010	0.854	1.466	0.682	0.857
113	120	30.800	12.149	4	63	49.941	926	889	12	19	19.167	7.972	63.505	0.605	2.404	0.416	0.805
114	154	62.221	22.333	3	114	53.941	2368	890	19	15	22.030	8.900	34.401	0.665	2.475	0.404	0.853
115	19	18.947	10.931	1	45	20.728	2694	894	9	4	8.040	3.009	17.370	0.556	2.672	0.374	0.760
116	66	49.636	12.734	26	84	33.799	3855	902	12	9	10.471	8.025	26.733	0.726	1.305	0.766	0.800
117	56	22.804	10.206	1	42	34.042	3922	902	11	9	9.624	7.409	1.939	0.607	1.299	0.770	0.762
118	178	37.545	14.307	4	82	55.698	2470	914	19	14	19.181	11.816	19.527	0.721	1.623	0.616	0.850
119	325	59.975	21.674	1	107	82.912	991	918	31	19	27.734	14.920	166.276	0.594	1.859	0.538	0.826
120	53	14.981	8.231	1	35	53.941	2709	927	8	16	11.437	5.900	92.700	0.229	1.938	0.516	0.538
121	1447	51.243	24.213	1	129	178.066	3396	940	45	49	51.028	36.105	118.466	0.573	1.413	0.708	0.853
122	1228	65.482	30.142	3	143	149.196	3559	948	37	48	44.880	34.838	108.872	0.693	1.288	0.776	0.910
123	21	29.286	13.108	3	48	16.728	3716	954	6	5	6.469	4.133	36.650	0.943	1.565	0.639	0.875
124	19	25.895	12.174	1	53	16.728	3607	958	7	4	7.043	3.435	0.926	0.853	2.050	0.488	0.809
125	59	31.305	13.135	6	61	32.385	3634	958	12	8	12.574	5.974	25.630	0.707	2.105	0.475	0.849
126	637	33.126	12.778	1	68	110.569	3015	966	36	26	35.522	22.832	177.414	0.655	1.556	0.643	0.862
127	33	33.485	12.743	6	60	22.142	770	971	7	7	7.437	5.650	21.194	0.846	1.316	0.760	0.825
128	67	56.209	10.564	21	80	31.213	1026	1007	10	10	9.396	9.079	55.913	0.864	1.035	0.966	0.870
129	132	37.250	16.140	6	68	56.184	365	1013	17	18	19.563	8.591	48.393	0.525	2.277	0.439	0.748
130	28	38.679	12.543	15	63	23.556	3343	1017	8	6	7.992	4.461	21.622	0.634	1.792	0.558	0.727
131	56	31.000	11.438	7	58	26.971	3580	1024	8	9	9.233	7.722	114.384	0.967	1.196	0.836	0.911
132	2615	42.132	21.422	1	118	304.635	3828	1032	108	46	101.921	32.668	173.835	0.354	3.120	0.321	0.715
133	51	27.412	8.668	10	44	30.385	1491	1050	8	10	9.342	6.951	73.835	0.694	1.344	0.744	0.785
134	119	42.723	14.047	8	75	44.870	2334	1056	16	12	14.896	10.172	149.714	0.743	1.464	0.683	0.850
135	17	13.647	10.216	1	34	18.728	3238	1056	7	5	6.214	3.483	27.348	0.609	1.784	0.561	0.694
136	21	20.810	6.266	8	30	20.728	1488	1065	6	7	6.451	4.145	131.037	0.614	1.557	0.642	0.667
137	47	15.340	8.872	1	40	30.627	1689	1088	8	10	9.004	6.646	76.973	0.630	1.355	0.738	0.746
138	188	26.968	13.640	2	68	57.012	3380	1095	18	17	18.407	13.004	143.242	0.727	1.415	0.706	0.830
139	146	18.418	10.466	2	51	64.426	2585	1109	18	17	15.483	12.006	28.954	0.442	1.290	0.775	0.700
140	16	18.188	9.035	2	32	15.899	384	1120	6	4	6.173	3.300	25.143	0.795	1.870	0.535	0.821
141	100	34.960	10.409	6	59	45.456	475	1123	14	11	12.013	10.599	16.299	0.608	1.133	0.882	0.784
142	4629	36.055	20.198	0	112	303.019	2387	1127	87	77	83.842	70.297	26.363	0.634	1.193	0.838	0.918
143	35	27.143	13.493	6	51	22.971	2857	1134	7	8	7.676	5.805	53.702	0.834	1.322	0.756	0.814
144	20	13.850	6.953	4	29	20.142	401	1137	5	7	5.899	4.317	83.687	0.619	1.366	0.732	0.714
145	62	42.435	10.771	13	62	32.627	3620	1140	11	10	10.941	7.215	35.644	0.732	1.517	0.659	0.790
146	31	13.323	7.035	2	34	30.385	979	1155	10	8	9.002	4.384	28.755	0.422	2.053	0.487	0.596
147	735	48.931	25.712	1	143	122.368	1732	1167	38	31	35.568	26.311	23.066	0.617	1.352	0.740	0.856
148	18	14.500	6.750	3	24	17.314	2570	1174	7	4	6.794	3.373	180.000	0.755	2.014	0.497	0.783
149	177	13.424	6.489	1	33	88.569	1247	1175	17	20	17.162	13.131	131.022	0.284	1.307	0.765	0.672
150	34	37.294	11.869	15	65	24.385	1451	1178	9	7	9.134	4.740	26.953	0.719	1.927	0.519	0.764
151	24	27.875	11.330	9	50	19.556	800	1183	8	5	7.615	4.013	21.850	0.789	1.898	0.527	0.774
152	97	58.258	18.028	10	102	37.799	25	1186	13	10	13.272	9.306	21.176	0.853	1.426	0.701	0.898
153	159	48.352	19.983	5	94	59.456	216	1186	26	8	24.810	8.160	179.692	0.565	3.040	0.329	0.881
154	22	21.909	9.665	10	49	20.142	2744	1189	8	5	7.775	3.603	33.953	0.681	2.158	0.463	0.772
155	3413	35.406	17.728	0	103	299.362	3499	1202	70	79	72.536	59.909	39.575	0.479	1.211	0.826	0.822
156	28	37.536	12.854	13	61	22.728	1481	1226	7	7	7.074	5.039	21.701	0.681	1.404	0.712	0.747
157	116	30.181	15.220	2	80	44.042	1996	1228	13	14	14.177	10.418	55.669	0.752	1.361	0.735	0.829
158	210	22.195	11.901	1	58	65.012	3637	1239	19	19	17.370	15.393	132.448	0.624	1.128	0.886	0.795
159	18	16.111	6.173	7	26	18.728	224	1262	6	6	5.084	4.508	142.018	0.645	1.128	0.887	0.706
160	78	50.346	18.771	4	88	36.627	1977	1264	13	10	12.890	7.705	31.652	0.731	1.673	0.598	0.830
161	196	17.306	8.357	2	44	64.184	3463	1264	16	18	18.807	13.269	58.208	0.598	1.417	0.706	0.815
162	123	22.894	11.019	4	50	52.527	1873	1285	19	11	17.458	8.970	166.910	0.560	1.946	0.514	0.734
163	271	21.277	9.302	1	49	74.669	1970	1305	27	19	24.130	14.300	162.142	0.611	1.687	0.593	0.817
164	56	22.179	10.593	4	49	33.213	1508	1312	13	7	11.671	6.109	3.636	0.638	1.910	0.523	0.757
165	28	27.821	14.087	4	63	20.142	1110	1316	7	6	6.221	5.730	12.953	0.867	1.086	0.921	0.812
166	291	31.777	13.502	2	67	70.184	2268	1332	17	23	23.337	15.876	85.763	0.742	1.470	0.680	0.875
167	38	35.079	10.896	10	55	22.728	3432	1343	7	7	7.575	6.387	24.778	0.924	1.186	0.843	0.894
168	1520	46.143	22.959	1	109	231.765	3856	1350	58	52	52.788	36.662	37.553	0.356	1.440	0.695	0.702
169	23	13.826	7.184	2	31	17.899	3386	1356	4	7	7.264	4.032	91.210	0.902	1.802	0.555	0.902
170	37	15.892	7.179	4	31	29.213	2558	1362	11	7	9.274	5.080	168.819	0.545	1.826	0.548	0.661
171	41	27.732	11.039	7	55	23.556	3111	1391	8	7	7.466	6.992	50.865	0.928	1.068	0.937	0.863
172	47	31.872	10.276	12	55	25.556	3042	1392	7	9	9.473	6.317	66.676	0.904	1.499	0.667	0.887
173	19	10.579	6.406	0	22	17.314	1024	1396	4	7	6.620	3.654	106.317	0.796	1.812	0.552	0.809
174	1288	39.758	22.854	1	101	155.095	2131	1396	38	47	46.285	35.431	82.135	0.673	1.306	0.766	0.884
175	31	31.194	14.442	3	55	24.385	2064	1399	9	7	7.147	5.523	20.845	0.655	1.294	0.773	0.721
176	65	22.600	11.028	3	63	34.870	2113	1424	13	10	11.412	7.252	22.697	0.672	1.574	0.635	0.765
177	203	45.276	17.452	5	90	67.355	765	1425	26	13	25.017	10.332	9.073	0.562	2.421	0.413	0.827
178	186	15.903	7.496	0	34	63.598	318	1426	18	19	17.488	13.542	47.971	0.578	1.291	0.774	0.785
179	24	24.500	12.004	2	43	24.971	610	1445	8	6	6.785	4.504	173.325	0.484	1.506	0.664	0.640
180	413	22.245	9.301	1	55	85.497	2900	1448	23	26	24.343	21.602	85.694	0.710	1.127	0.887	0.861
181	41	31.463	11.178	9	57	24.142	188	1455	8	7	8.742	5.972	30.573	0.884	1.464	0.683	0.872
182	47	36.362	13.193	6	68	30.627	2601	1467	11	9	12.130	4.933	36.742	0.630	2.459	0.407	0.758
183	32	13.094	7.554	1	32	25.556	617	1472	5	10	9.886	4.121	88.164	0.616	2.399	0.417	0.744
184	19	32.526	11.843	5	48	15.556	2095	1477	6	5	5.999	4.033	25.908	0.987	1.488	0.672	0.792
185	51	14.059	7.693	1	32	59.355	3415	1482	17	14	11.209	5.793	157.869	0.182	1.935	0.517	0.347
186	44	12.523	5.724	1	26	37.799	3407	1486	7	14	11.857	4.725	79.868	0.387	2.509	0.399	0.638
187	39	32.769	11.699	7	55	24.142	3636	1491	8	7	7.956	6.241	15.514	0.841	1.275	0.784	0.848
188	45	28.600	9.990	5	50	27.213	3762	1493	9	9	7.824	7.323	72.446	0.764	1.068	0.936	0.756
189	30	12.900	6.250	4	26	28.385	3418	1497	11	6	9.936	3.844	5.615	0.468	2.584	0.387	0.619
190	45	33.089	13.069	4	57	26.142	2501	1501	9	7	9.091	6.302	22.284	0.827	1.442	0.693	0.865
191	77	49.182	16.030	13	81	33.799	604	1504	11	10	11.599	8.452	23.476	0.847	1.372	0.729	0.870
192	347	18.254	9.534	0	48	72.770	1	1505	25	19	24.946	17.711	172.186	0.823	1.409	0.710	0.917
193	39	29.077	10.398	4	49	24.728	2534	1505	8	7	8.130	6.107	40.170	0.801	1.331	0.751	0.839
194	183	21.891	9.956	4	49	70.527	1237	1506	26	13	25.794	9.033	15.213	0.462	2.855	0.350	0.764
195	167	45.856	15.662	7	85	56.527	1121	1520	22	12	20.874	10.187	171.170	0.657	2.049	0.488	0.837
196	24	28.042	11.254	4	47	20.971	594	1522	8	6	6.441	4.744	4.213	0.686	1.358	0.736	0.686
197	47	18.383	8.499	1	36	35.456	2933	1534	11	10	9.778	6.120	48.016	0.470	1.598	0.626	0.648
198	21	27.714	10.204	7	44	17.314	2219	1560	6	5	6.156	4.343	40.071	0.880	1.417	0.706	0.857
199	510	56.222	26.647	4	139	103.640	1528	1577	38	26	37.701	17.224	31.495	0.597	2.189	0.457	0.866
200	18	16.722	7.706	4	32	16.728	2146	1593	5	6	5.570	4.114	59.562	0.808	1.354	0.739	0.783
201	301	25.070	11.268	1	64	80.326	3803	1606	25	19	23.875	16.052	18.649	0.586	1.487	0.672	0.808
202	29	32.552	10.828	10	55	20.971	3198	1607	8	6	8.218	4.493	30.950	0.829	1.829	0.547	0.806
203	144	31.729	12.237	3	66	55.355	599	1608	15	19	18.253	10.045	57.627	0.591	1.817	0.550	0.787
204	92	55.859	17.661	7	94	39.213	3860	1613	13	11	13.132	8.920	36.353	0.752	1.472	0.679	0.852
205	16	15.375	7.813	5	30	20.142	3428	1650	6	7	8.257	2.467	50.248	0.496	3.346	0.299	0.582
206	37	32.811	14.508	2	57	22.385	3195	1667	8	7	7.499	6.282	169.576	0.928	1.194	0.838	0.841
207	22	24.727	11.281	4	45	19.556	483	1668	7	5	6.906	4.056	168.809	0.723	1.702	0.587	0.746
208	106	57.821	18.847	1	89	38.042	3151	1672	13	11	13.115	10.291	4.027	0.920	1.274	0.785	0.898
209	140	37.400	13.074	4	73	45.456	677	1684	15	13	14.883	11.977	178.001	0.851	1.243	0.805	0.878
210	25	29.560	8.775	14	43	21.556	2326	1688	7	7	6.708	4.745	55.348	0.676	1.414	0.707	0.704
211	199	24.533	12.945	1	60	58.770	2806	1688	18	17	16.835	15.050	46.166	0.724	1.119	0.894	0.850
212	139	52.460	17.116	18	104	46.870	2547	1695	15	14	16.898	10.473	40.516	0.795	1.613	0.620	0.874
213	25	22.000	9.794	5	42	25.556	920	1707	9	6	6.897	4.615	18.270	0.481	1.495	0.669	0.641
214	60	25.150	12.725	2	52	35.456	1022	1708	12	10	13.112	5.826	40.211	0.600	2.251	0.444	0.779
215	2805	27.617	11.586	1	62	351.161	906	1713	73	106	93.447	38.219	114.380	0.286	2.445	0.409	0.579
216	77	43.844	15.563	5	70	33.213	1756	1720	10	11	11.748	8.345	117.789	0.877	1.408	0.710	0.860
217	76	25.750	11.585	4	55	42.042	1637	1725	11	14	12.117	7.986	107.301	0.540	1.517	0.659	0.724
218	847	21.691	10.390	1	52	160.167	971	1726	33	50	46.533	23.176	109.264	0.415	2.008	0.498	0.781
219	3245	42.307	21.265	1	112	271.078	1901	1740	77	65	77.125	53.571	146.739	0.555	1.440	0.695	0.875
220	245	33.971	14.599	2	67	74.426	2542	1757	24	17	23.373	13.346	11.415	0.556	1.751	0.571	0.817
221	18	22.389	11.035	4	39	16.728	3081	1760	6	5	6.235	3.676	41.729	0.808	1.696	0.590	0.783
222	23	30.609	9.999	11	52	20.142	500	1785	8	5	7.519	3.895	30.295	0.712	1.931	0.518	0.767
223	30	31.300	13.113	4	56	20.728	2280	1787	6	7	6.730	5.675	77.179	0.877	1.186	0.843	0.833
224	38	15.184	6.612	3	30	25.556	2754	1788	7	9	9.296	5.205	56.640	0.731	1.786	0.560	0.784
225	20	27.850	9.069	11	42	17.556	355	1804	6	6	5.277	4.826	149.253	0.815	1.093	0.915	0.769
226	61	18.607	9.822	1	41	37.456	488	1815	9	12	12.628	6.150	61.097	0.546	2.053	0.487	0.726
227	519	26.154	17.002	1	76	125.782	2697	1815	33	29	32.672	20.226	147.314	0.412	1.615	0.619	0.734
228	40	28.100	9.811	6	46	23.899	9	1821	7	7	8.489	6.000	38.262	0.880	1.415	0.707	0.909
229	41	23.220	7.728	5	41	31.799	3361	1823	11	7	10.318	5.060	178.714	0.510	2.039	0.490	0.667
230	28	18.143	8.980	4	36	28.971	2115	1826	12	6	10.032	3.554	19.194	0.419	2.823	0.354	0.636
231	20	24.300	11.890	4	48	17.899	1589	1828	5	6	6.699	3.802	56.991	0.784	1.762	0.568	0.816
232	29	25.690	11.168	5	46	20.142	802	1836	5	8	7.105	5.197	91.602	0.898	1.367	0.731	0.866
233	16	27.250	10.389	8	41	17.556	1239	1836	7	5	6.171	3.301	27.751	0.652	1.869	0.535	0.681
234	181	60.425	16.652	10	95	52.527	2985	1843	16	16	15.473	14.895	64.323	0.824	1.039	0.963	0.877
235	809	40.918	19.484	2	92	128.125	392	1848	47	27	45.639	22.570	163.381	0.619	2.022	0.495	0.875
236	52	48.385	13.855	13	74	27.556	1926	1853	9	8	8.571	7.725	164.743	0.861	1.110	0.901	0.860
237	63	21.937	10.488	3	45	46.770	2363	1865	14	9	11.708	6.851	0.949	0.362	1.709	0.585	0.667
238	108	27.583	10.649	4	51	50.042	2609	1869	17	11	15.684	8.768	0.809	0.542	1.789	0.559	0.788
239	390	65.682	25.954	7	125	84.083	432	1916	30	21	26.033	19.075	0.132	0.693	1.365	0.733	0.859
240	126	19.270	8.855	1	41	47.355	1430	1916	15	14	14.630	10.965	136.591	0.706	1.334	0.750	0.805
241	36	15.056	5.913	2	24	22.142	1448	1924	8	6	8.425	5.441	155.247	0.923	1.548	0.646	0.878
242	50	20.340	8.993	4	38	35.456	1102	1930	9	11	9.700	6.563	57.734	0.500	1.478	0.677	0.690
243	20	27.850	10.080	14	44	20.142	3458	1932	8	5	6.588	3.865	4.665	0.619	1.705	0.587	0.702
244	25	34.120	15.624	9	63	20.142	3594	1950	6	7	6.356	5.008	53.243	0.774	1.269	0.788	0.758
245	68	52.588	15.642	11	81	30.627	298	1955	9	11	11.149	7.766	56.065	0.911	1.436	0.697	0.889
246	49	35.816	14.306	6	73	26.385	3448	1965	10	7	9.423	6.621	24.466	0.885	1.423	0.703	0.852
247	20	10.600	6.278	2	25	26.142	3763	1980	9	7	7.036	3.619	135.720	0.368	1.944	0.514	0.500
248	205	46.971	18.836	4	87	66.284	2886	1985	23	13	23.286	11.209	1.089	0.586	2.077	0.481	0.827
249	563	34.266	13.772	0	85	117.782	481	1986	35	33	37.890	18.919	47.476	0.510	2.003	0.499	0.830
250	159	14.258	7.976	1	38	77.740	3780	1987	18	21	18.573	10.900	47.965	0.331	1.704	0.587	0.615
251	23	25.565	8.559	1	35	19.556	3072	2006	6	7	7.566	3.870	51.604	0.756	1.955	0.512	0.742
252	51	36.059	13.932	3	66	27.556	2313	2019	10	7	9.860	6.586	13.057	0.844	1.497	0.668	0.872
253	63	35.984	12.875	7	65	31.799	724	2021	10	10	9.189	8.729	95.194	0.783	1.053	0.950	0.834
254	23	29.435	10.211	7	45	18.728	2446	2030	7	5	6.325	4.630	18.997	0.824	1.366	0.732	0.807
255	138	90.145	25.897	7	152	45.113	2821	2034	15	14	16.367	10.736	44.121	0.852	1.525	0.656	0.887
256	22	25.318	10.710	4	44	18.142	552	2046	6	6	6.353	4.409	42.791	0.840	1.441	0.694	0.800
257	41	29.780	11.284	8	55	31.799	924	2049	8	12	11.294	4.622	58.363	0.510	2.443	0.409	0.701
258	54	31.296	12.674	5	64	28.971	1829	2057	11	7	10.275	6.692	14.721	0.809	1.535	0.651	0.871
259	870	57.830	26.570	3	127	133.640	2822	2062	50	26	49.636	22.317	13.225	0.612	2.224	0.450	0.892
260	809	36.308	14.236	1	76	119.640	2356	2063	37	28	37.359	27.572	2.398	0.710	1.355	0.738	0.901
261	69	67.812	22.919	6	108	36.042	1983	2075	12	10	11.168	7.866	26.254	0.667	1.420	0.704	0.780
262	191	14.634	7.815	0	39	65.012	929	2083	19	18	17.358	14.010	34.501	0.568	1.239	0.807	0.778
263	23	32.435	10.076	14	53	18.142	2698	2086	7	5	6.295	4.652	16.012	0.878	1.353	0.739	0.836
264	232	32.435	16.693	1	77	63.941	3861	2086	20	16	21.665	13.634	19.484	0.713	1.589	0.629	0.861
265	68	13.618	7.186	1	34	44.042	385	2095	11	14	11.282	7.674	61.371	0.441	1.470	0.680	0.651
266	96	20.792	10.541	4	54	54.184	3102	2106	20	10	20.246	6.037	16.764	0.411	3.353	0.298	0.696
267	36	24.833	9.063	5	41	28.971	392	2107	8	9	8.108	5.654	117.578	0.539	1.434	0.697	0.673
268	61	44.623	13.537	17	73	33.799	2009	2131	11	9	11.107	6.992	31.957	0.671	1.588	0.630	0.808
269	23	27.261	9.051	12	44	17.899	668	2135	6	5	5.978	4.898	15.902	0.902	1.220	0.819	0.868
270	61	45.508	13.279	5	80	31.799	1116	2138	12	8	11.225	6.919	8.222	0.758	1.622	0.616	0.836
271	1495	31.584	12.168	2	73	176.652	9	2146	54	41	50.202	37.917	10.092	0.602	1.324	0.755	0.882
272	75	45.333	15.658	4	90	31.799	2345	2150	11	9	11.221	8.510	159.766	0.932	1.319	0.758	0.898
273	140	20.300	9.930	1	44	66.770	3845	2168	16	14	15.200	11.727	35.379	0.395	1.296	0.771	0.725
274	24	34.208	14.040	15	67	19.314	3893	2170	7	5	6.827	4.476	11.088	0.809	1.525	0.656	0.857
275	1138	49.250	29.795	0	118	142.610	999	2175	45	40	48.470	29.894	135.482	0.703	1.621	0.617	0.885
276	92	21.076	10.021	2	52	39.456	3861	2186	13	11	11.761	9.960	18.466	0.743	1.181	0.847	0.811
277	208	61.332	23.955	2	111	59.598	1356	2187	21	17	21.306	12.430	30.568	0.736	1.714	0.583	0.870
278	36	42.861	17.833	5	67	22.971	2746	2231	8	7	8.345	5.493	23.223	0.857	1.519	0.658	0.818
279	99	16.111	7.928	1	39	58.770	645	2232	14	20	20.926	6.024	59.237	0.360	3.474	0.288	0.660
280	76	43.566	13.229	9	76	36.971	2152	2256	13	9	11.592	8.348	177.884	0.699	1.389	0.720	0.817
281	625	56.739	26.610	0	128	99.397	2918	2282	30	31	31.410	25.335	49.885	0.795	1.240	0.807	0.908
282	48	21.083	9.206	4	42	28.142	2454	2286	7	9	9.716	6.290	120.707	0.762	1.545	0.647	0.842
283	24	19.792	7.437	7	36	21.556	2458	2297	7	6	6.966	4.387	133.471	0.649	1.588	0.630	0.727
284	49	23.347	11.180	2	44	30.971	377	2310	11	7	10.013	6.231	3.291	0.642	1.607	0.622	0.778
285	29	26.241	13.351	4	50	23.556	3898	2311	7	7	6.200	5.955	125.506	0.657	1.041	0.961	0.725
286	80	35.075	12.114	4	58	34.042	2490	2327	12	10	11.803	8.630	28.384	0.868	1.368	0.731	0.851
287	39	16.795	7.049	5	33	34.627	2305	2343	10	10	10.532	4.715	51.312	0.409	2.234	0.448	0.582
288	86	19.093	8.651	4	38	37.799	1096	2353	12	11	11.380	9.622	93.577	0.756	1.183	0.846	0.843
289	90	22.367	9.120	4	49	37.213	3161	2381	12	11	12.007	9.543	29.390	0.817	1.258	0.795	0.861
290	49	24.510	11.303	2	53	34.627	3303	2381	14	7	11.577	5.389	15.316	0.514	2.148	0.465	0.726
291	2031	21.425	11.175	0	60	234.693	2179	2384	48	64	64.860	39.870	106.983	0.463	1.627	0.615	0.860
292	639	43.039	21.638	1	111	110.368	3239	2400	32	35	36.765	22.130	46.874	0.659	1.661	0.602	0.881
293	251	32.446	12.575	2	61	72.426	2631	2405	24	19	24.039	13.294	29.914	0.601	1.808	0.553	0.810
294	187	37.818	13.354	2	74	67.012	279	2426	17	22	22.538	10.564	69.570	0.523	2.133	0.469	0.781
295	16	19.062	8.775	4	33	14.728	3206	2442	5	5	5.839	3.489	45.000	0.927	1.673	0.598	0.821
296	30	18.267	9.021	2	39	24.385	522	2446	7	9	7.364	5.187	118.729	0.634	1.420	0.704	0.706
297	24	27.625	8.611	9	44	18.142	1088	2460	6	6	7.011	4.359	38.402	0.916	1.608	0.622	0.842
298	26	22.154	12.626	2	44	24.385	3738	2470	7	9	6.918	4.785	80.460	0.549	1.446	0.692	0.642
299	3513	41.901	22.235	1	124	341.706	3382	2478	102	64	100.271	44.608	17.521	0.378	2.248	0.445	0.821
300	378	53.884	24.581	4	107	77.355	2335	2494	25	20	25.633	18.776	13.246	0.794	1.365	0.732	0.912
301	20	33.400	10.753	11	52	18.485	1339	2501	8	3	7.578	3.360	0.000	0.736	2.255	0.443	0.909
302	61	35.590	12.512	10	62	31.213	3609	2509	10	9	9.732	7.981	32.198	0.787	1.219	0.820	0.836
303	166	42.506	13.061	10	76	50.527	1382	2512	17	15	16.911	12.498	36.050	0.817	1.353	0.739	0.858
304	203	41.768	15.690	9	80	59.113	3512	2528	17	19	18.256	14.158	82.274	0.730	1.289	0.776	0.839
305	45	37.156	15.266	11	70	27.556	2810	2534	10	7	9.561	5.993	21.441	0.745	1.595	0.627	0.804
306	98	27.653	10.119	5	49	39.799	2253	2539	11	12	12.230	10.202	68.549	0.777	1.199	0.834	0.860
307	57	30.702	14.385	5	61	32.385	3596	2541	11	8	10.411	6.971	5.883	0.683	1.493	0.670	0.786
308	194	40.809	14.922	3	73	55.355	463	2551	16	18	19.466	12.689	121.994	0.796	1.534	0.652	0.884
309	737	36.560	17.590	2	84	130.853	2470	2572	37	38	32.305	29.047	66.642	0.541	1.112	0.899	0.796
310	33	20.697	9.309	5	39	24.728	1154	2573	7	8	7.688	5.466	35.520	0.678	1.407	0.711	0.742
311	28	18.000	11.065	0	47	29.213	3728	2581	9	7	8.170	4.363	155.733	0.412	1.872	0.534	0.615
312	444	27.128	11.558	1	64	95.154	1935	2592	20	31	31.083	18.187	83.648	0.616	1.709	0.585	0.839
313	1455	24.668	11.479	1	66	190.995	230	2599	62	39	57.695	32.110	12.802	0.501	1.797	0.557	0.860
314	37	16.459	8.918	4	35	36.627	2477	2613	9	14	13.062	3.607	59.604	0.347	3.622	0.276	0.552
315	18	25.111	9.190	12	41	21.314	3063	2627	6	6	5.486	4.177	131.403	0.498	1.313	0.761	0.655
316	95	18.137	9.579	0	45	82.225	2452	2628	27	21	22.672	5.335	32.064	0.177	4.250	0.235	0.416
317	16	20.312	6.690	9	31	15.899	576	2632	6	4	5.017	4.060	24.183	0.795	1.236	0.809	0.821
318	21	13.571	5.904	5	25	23.799	2442	2650	8	8	10.019	2.669	47.306	0.466	3.754	0.266	0.627
319	17	36.824	11.577	18	56	14.728	258	2654	5	5	5.281	4.099	40.708	0.985	1.288	0.776	0.829
320	22	18.091	8.280	2	36	25.556	2229	2681	9	6	8.814	3.178	161.168	0.423	2.773	0.361	0.587
321	27	36.296	11.896	4	67	20.142	2686	2683	6	7	6.689	5.140	43.456	0.836	1.301	0.768	0.806
322	86	17.965	9.786	0	39	42.527	3777	2704	13	11	12.210	8.968	28.900	0.598	1.362	0.734	0.748
323	16	15.625	6.428	5	26	17.314	3377	2736	5	6	6.501	3.134	47.085	0.671	2.075	0.482	0.696
324	94	13.351	6.257	0	30	80.912	3368	2743	14	17	12.785	9.362	56.657	0.180	1.366	0.732	0.521
325	110	20.800	10.049	3	46	45.113	1038	2754	16	12	15.451	9.064	21.708	0.679	1.705	0.587	0.809
326	59	47.678	14.610	10	81	29.799	292	2763	10	9	10.717	7.010	31.944	0.835	1.529	0.654	0.849
327	182	30.901	12.636	1	73	56.770	1945	2770	18	18	18.344	12.632	38.860	0.710	1.452	0.689	0.835
328	893	25.358	16.811	1	114	124.953	2239	2776	37	37	36.280	31.339	131.616	0.719	1.158	0.864	0.885
329	20	29.350	12.145	7	52	17.556	72	2778	6	6	7.477	3.406	50.061	0.815	2.195	0.455	0.784
330	1883	40.356	21.369	1	117	229.622	1218	2784	85	34	86.308	27.778	6.018	0.449	3.107	0.322	0.837
331	149	36.181	15.059	4	72	49.698	1992	2837	15	16	15.559	12.193	35.099	0.758	1.276	0.784	0.882
332	307	27.033	13.338	1	71	75.497	2595	2850	21	23	23.771	16.444	53.555	0.677	1.446	0.692	0.853
333	128	46.109	19.506	10	94	45.456	3547	2850	16	12	16.094	10.126	19.781	0.778	1.589	0.629	0.871
334	454	39.808	17.601	1	83	87.497	823	2853	27	25	26.548	21.774	133.116	0.745	1.219	0.820	0.877
335	138	15.246	8.025	1	39	66.770	974	2854	11	21	17.951	9.788	94.626	0.389	1.834	0.545	0.713
336	26	17.885	8.599	5	34	22.385	3441	2866	7	8	6.888	4.806	126.086	0.652	1.433	0.698	0.732
337	76	26.553	13.827	3	58	37.799	2990	2873	12	11	14.893	6.497	33.739	0.668	2.292	0.436	0.817
338	16	21.562	8.000	10	35	16.485	3791	2889	7	3	6.936	2.937	9.516	0.740	2.362	0.423	0.865
339	216	61.046	21.721	3	114	59.355	2477	2909	19	18	20.713	13.278	44.776	0.770	1.560	0.641	0.867
340	17	23.647	8.838	7	35	17.071	799	2910	5	5	5.692	3.803	24.326	0.733	1.497	0.668	0.810
341	42	40.714	11.878	15	63	26.971	3311	2912	9	8	9.711	5.507	32.390	0.726	1.764	0.567	0.778
342	47	19.979	9.667	2	43	36.627	750	2920	14	8	14.081	4.250	25.358	0.440	3.313	0.302	0.681
343	92	36.207	17.909	3	72	40.284	387	2952	15	10	14.668	7.986	15.457	0.712	1.837	0.544	0.825
344	982	30.659	14.524	1	74	136.711	2612	2958	35	41	44.636	28.012	60.831	0.660	1.593	0.628	0.897
345	142	32.951	13.675	2	69	49.456	3750	2983	18	11	18.057	10.013	173.148	0.730	1.803	0.555	0.855
346	19	28.053	14.045	11	52	18.142	2788	2987	5	7	6.092	3.971	77.924	0.725	1.534	0.652	0.745
347	30	29.533	11.264	6	60	20.142	211	2993	7	6	7.198	5.307	146.109	0.929	1.356	0.737	0.870
348	28	41.714	10.356	13	60	21.314	233	2994	8	5	8.097	4.403	12.561	0.775	1.839	0.544	0.875
