 	Area	Mean	StdDev	Min	Max	Perim.	BX	BY	Width	Height	Major	Minor	Angle	Circ.	AR	Round	Solidity
1	99	30.798	13.795	4	60	40.142	1403	1	9	14	15.814	7.971	109.220	0.772	1.984	0.504	0.925
2	35	14.114	9.193	1	41	36.042	2884	1	7	13	10.583	4.211	106.098	0.339	2.513	0.398	0.560
3	146	27.432	12.766	2	53	64.770	3783	10	11	23	21.554	8.625	100.853	0.437	2.499	0.400	0.772
4	32	20.312	8.460	3	38	31.556	1952	45	5	12	10.382	3.925	102.817	0.404	2.645	0.378	0.660
5	53	16.528	8.498	1	33	33.213	1431	81	8	13	11.285	5.980	115.792	0.604	1.887	0.530	0.731
6	397	21.997	10.058	2	49	113.296	2159	81	19	41	38.210	13.229	106.394	0.389	2.888	0.346	0.775
7	434	19.505	10.638	1	64	89.397	2011	102	20	31	28.301	19.525	97.962	0.682	1.449	0.690	0.879
8	41	20.561	9.537	4	51	29.213	533	127	8	11	11.680	4.470	112.989	0.604	2.613	0.383	0.713
9	385	19.260	10.077	0	51	105.640	3177	130	20	31	27.743	17.669	96.121	0.434	1.570	0.637	0.776
10	620	16.839	9.342	0	48	282.392	688	151	45	65	52.598	15.008	116.475	0.098	3.505	0.285	0.381
11	31	12.677	6.725	2	23	29.556	1687	155	6	11	9.880	3.995	96.334	0.446	2.473	0.404	0.633
12	70	20.857	9.878	3	40	39.213	2851	161	9	14	12.813	6.956	102.576	0.572	1.842	0.543	0.765
13	62	21.355	9.790	1	43	32.971	2272	189	8	12	12.325	6.405	111.710	0.717	1.924	0.520	0.821
14	223	49.269	19.243	4	88	68.770	370	217	16	26	26.712	10.629	114.844	0.593	2.513	0.398	0.827
15	17	13.235	5.964	5	23	15.314	877	225	4	6	5.827	3.715	66.470	0.911	1.569	0.638	0.850
16	96	24.698	9.361	3	44	46.042	2822	250	10	17	18.035	6.778	106.008	0.569	2.661	0.376	0.807
17	27	15.963	7.208	2	30	28.728	1457	259	5	12	10.262	3.350	109.647	0.411	3.063	0.326	0.692
18	826	40.801	17.491	3	89	123.882	3843	285	27	42	42.698	24.631	101.927	0.676	1.734	0.577	0.908
19	69	17.551	8.450	2	35	33.213	2385	302	8	12	11.554	7.604	105.477	0.786	1.520	0.658	0.857
20	406	26.906	11.310	3	58	100.811	1589	329	20	37	35.452	14.581	106.257	0.502	2.431	0.411	0.813
21	64	19.203	8.233	4	40	38.042	3661	338	8	15	15.906	5.123	112.590	0.556	3.105	0.322	0.762
22	625	14.557	7.883	0	43	160.752	2592	353	27	43	36.773	21.640	81.959	0.304	1.699	0.588	0.756
23	46	25.435	12.364	7	55	31.799	3057	353	7	12	11.324	5.172	113.024	0.572	2.189	0.457	0.742
24	46	11.326	6.697	1	26	31.799	565	358	9	10	7.907	7.407	53.474	0.572	1.068	0.937	0.697
25	111	13.396	7.130	0	33	69.012	1361	374	14	18	14.957	9.449	73.280	0.293	1.583	0.632	0.610
26	84	24.000	12.282	2	58	44.870	87	377	9	18	16.480	6.490	105.811	0.524	2.539	0.394	0.774
27	38	13.816	7.425	2	40	58.284	1433	383	13	12	10.282	4.705	137.737	0.141	2.185	0.458	0.360
28	59	13.136	7.321	0	36	63.113	3535	384	6	23	19.305	3.891	91.642	0.186	4.961	0.202	0.515
29	526	17.190	8.285	1	46	104.711	2638	386	28	30	27.866	24.034	127.544	0.603	1.159	0.862	0.837
30	834	18.881	10.920	0	55	172.167	39	394	28	50	44.338	23.949	112.775	0.354	1.851	0.540	0.809
31	502	28.849	11.574	1	61	105.740	3158	413	24	37	36.291	17.612	117.705	0.564	2.061	0.485	0.847
32	56	14.518	7.767	1	31	39.213	3980	425	8	10	9.595	7.431	102.170	0.458	1.291	0.774	0.727
33	53	18.981	7.700	5	38	35.213	3296	427	8	12	11.423	5.908	119.548	0.537	1.934	0.517	0.726
34	297	36.966	13.442	1	70	79.497	302	441	17	28	25.252	14.975	103.213	0.591	1.686	0.593	0.824
35	17517	36.575	23.434	0	137	981.301	1081	474	150	269	235.363	94.762	114.733	0.229	2.484	0.403	0.744
36	80	11.450	5.726	1	23	77.255	1311	481	12	20	12.337	8.256	110.203	0.168	1.494	0.669	0.479
37	16	13.312	6.549	1	25	26.971	784	483	6	9	7.534	2.704	107.653	0.276	2.786	0.359	0.421
38	3915	29.839	16.430	0	91	355.546	1530	499	75	122	126.017	39.556	119.501	0.389	3.186	0.314	0.882
39	17	13.294	7.752	1	29	17.314	674	501	5	6	5.750	3.764	105.190	0.713	1.528	0.655	0.739
40	117	17.000	7.484	2	40	61.941	1615	517	10	24	20.695	7.198	92.817	0.383	2.875	0.348	0.699
41	80	29.113	10.756	3	51	58.142	1	550	4	27	25.013	4.072	91.067	0.297	6.142	0.163	0.851
42	74	20.824	9.169	2	43	39.456	267	570	9	14	12.682	7.430	111.370	0.597	1.707	0.586	0.759
43	82	14.280	8.120	1	31	66.426	2212	573	15	20	17.423	5.992	134.970	0.234	2.908	0.344	0.512
44	17	13.353	5.326	7	25	21.314	1329	574	4	9	8.210	2.637	106.061	0.470	3.114	0.321	0.694
45	92	23.652	9.500	1	44	43.698	3849	586	10	17	15.333	7.640	91.619	0.605	2.007	0.498	0.748
46	70	21.343	10.368	2	49	48.284	1614	601	10	17	16.335	5.456	113.286	0.377	2.994	0.334	0.651
47	50	21.520	8.343	4	38	35.213	786	621	8	13	14.533	4.380	112.904	0.507	3.318	0.301	0.741
48	41	14.146	7.528	3	36	51.698	1096	635	9	16	13.404	3.895	115.541	0.193	3.442	0.291	0.519
49	173	23.306	13.174	1	58	60.527	3221	636	13	23	24.182	9.109	111.615	0.593	2.655	0.377	0.836
50	60	23.917	11.831	2	52	42.870	2958	641	9	16	16.825	4.541	111.886	0.410	3.705	0.270	0.659
51	76	22.697	9.894	3	47	38.627	2434	655	8	16	14.776	6.549	105.481	0.640	2.256	0.443	0.813
52	32	19.344	9.475	1	36	28.142	2795	657	5	11	9.611	4.239	105.250	0.508	2.267	0.441	0.744
53	396	19.548	10.227	1	68	142.610	2252	671	33	42	39.088	12.899	129.047	0.245	3.030	0.330	0.537
54	148	18.345	9.042	0	48	65.841	3111	671	12	23	20.705	9.101	101.701	0.429	2.275	0.440	0.734
55	284	28.789	12.471	0	67	78.669	54	672	18	27	27.896	12.962	115.461	0.577	2.152	0.465	0.837
56	487	47.035	21.140	5	104	114.569	220	682	22	46	46.115	13.446	111.486	0.466	3.430	0.292	0.854
57	55	22.509	11.953	7	52	30.385	3686	690	7	12	11.299	6.198	98.735	0.749	1.823	0.549	0.815
58	153	17.438	9.305	2	45	67.598	831	703	14	21	17.472	11.150	121.368	0.421	1.567	0.638	0.723
59	376	30.418	15.966	1	72	130.610	3776	727	20	48	47.488	10.081	102.963	0.277	4.711	0.212	0.654
60	47	13.468	7.564	1	30	36.627	3177	742	8	13	12.156	4.923	103.561	0.440	2.469	0.405	0.662
61	65	13.031	6.610	1	28	40.870	3677	746	11	12	10.157	8.148	93.204	0.489	1.246	0.802	0.670
62	1874	29.467	15.450	1	83	327.848	873	747	71	54	64.375	37.065	9.349	0.219	1.737	0.576	0.640
63	204	37.701	16.470	1	77	69.355	1931	757	16	24	25.762	10.082	116.873	0.533	2.555	0.391	0.829
64	18	18.556	10.551	3	42	23.556	942	766	6	9	7.500	3.056	66.286	0.408	2.454	0.407	0.522
65	54	19.389	9.464	1	40	41.698	2987	774	10	12	9.139	7.524	107.153	0.390	1.215	0.823	0.635
66	528	53.222	22.007	5	117	117.640	2899	775	24	44	45.650	14.727	112.094	0.479	3.100	0.323	0.849
67	103	16.097	7.951	0	39	54.527	1043	778	14	13	14.234	9.213	34.357	0.435	1.545	0.647	0.673
68	139	20.338	9.188	1	48	65.255	3299	798	15	20	17.200	10.289	110.073	0.410	1.672	0.598	0.704
69	20	16.300	8.392	2	32	36.385	3946	806	9	9	7.451	3.417	127.903	0.190	2.180	0.459	0.381
70	50	22.260	9.428	2	42	32.971	271	817	7	12	10.718	5.940	96.261	0.578	1.804	0.554	0.735
71	163	27.926	11.916	4	54	51.355	1612	846	15	18	18.573	11.174	116.786	0.777	1.662	0.602	0.867
72	37	18.568	8.633	2	40	26.971	602	853	7	9	7.730	6.095	100.156	0.639	1.268	0.788	0.725
73	126	28.333	11.840	2	60	54.770	2137	869	12	21	17.773	9.027	102.868	0.528	1.969	0.508	0.750
74	106	18.755	10.006	0	43	61.113	866	870	10	21	17.371	7.770	77.310	0.357	2.236	0.447	0.682
75	271	38.731	14.837	2	78	77.012	1204	882	17	26	24.850	13.885	111.519	0.574	1.790	0.559	0.834
76	127	17.992	8.172	2	39	56.527	3591	901	15	15	17.844	9.062	130.569	0.499	1.969	0.508	0.763
77	114	21.623	10.847	2	49	53.355	1222	913	12	20	19.179	7.568	109.627	0.503	2.534	0.395	0.752
78	88	27.670	12.173	7	60	41.698	3307	925	11	16	16.702	6.708	118.554	0.636	2.490	0.402	0.815
79	16	17.188	7.985	7	32	15.314	1038	937	4	6	5.957	3.420	119.931	0.857	1.742	0.574	0.821
80	75	17.987	9.328	2	44	43.799	481	940	9	17	16.608	5.750	110.883	0.491	2.889	0.346	0.735
81	358	21.394	10.482	0	48	101.397	2851	942	19	39	37.136	12.274	107.103	0.438	3.025	0.331	0.766
82	640	24.873	12.015	1	63	126.368	2821	955	27	38	37.909	21.495	112.536	0.504	1.764	0.567	0.833
83	622	41.680	18.513	5	92	111.983	1816	960	27	40	44.316	17.871	118.288	0.623	2.480	0.403	0.876
84	25	17.640	7.968	4	40	20.728	3458	964	5	7	7.314	4.352	103.871	0.731	1.680	0.595	0.794
85	76	19.316	9.429	2	39	48.870	3834	967	9	17	15.324	6.315	100.407	0.400	2.427	0.412	0.700
86	401	22.796	10.354	1	50	87.497	3034	971	21	29	28.039	18.209	82.463	0.658	1.540	0.649	0.839
87	61	17.656	7.644	2	33	35.799	1986	975	10	12	13.334	5.825	124.509	0.598	2.289	0.437	0.735
88	806	36.763	17.376	1	88	124.125	250	984	32	39	40.591	25.282	126.148	0.657	1.606	0.623	0.891
89	34	18.471	8.614	4	40	28.142	490	987	6	10	9.580	4.519	100.311	0.539	2.120	0.472	0.708
90	95	12.758	6.791	1	34	68.426	1647	991	13	17	13.171	9.184	92.334	0.255	1.434	0.697	0.585
91	25	14.240	9.288	2	39	25.799	1358	1001	8	7	6.534	4.871	26.050	0.472	1.341	0.746	0.610
92	218	32.376	13.470	3	72	74.426	2912	1023	16	24	24.564	11.300	113.501	0.495	2.174	0.460	0.806
93	2771	45.139	23.892	1	127	269.563	2553	1031	62	95	95.862	36.804	120.662	0.479	2.605	0.384	0.892
94	105	19.105	8.630	4	40	50.284	1314	1047	11	19	17.435	7.668	104.916	0.522	2.274	0.440	0.747
95	115	17.548	8.018	2	41	49.113	33	1072	13	18	16.105	9.092	110.948	0.599	1.771	0.565	0.762
96	1225	32.416	13.770	0	88	187.581	191	1101	40	54	56.910	27.407	114.949	0.437	2.076	0.482	0.855
97	36	17.889	7.574	5	33	30.971	480	1126	6	12	11.552	3.968	110.754	0.472	2.911	0.343	0.706
98	810	44.440	19.408	2	98	136.024	2913	1132	32	43	46.800	22.037	119.528	0.550	2.124	0.471	0.868
99	187	18.380	9.512	1	51	71.497	2471	1133	14	24	21.723	10.961	100.045	0.460	1.982	0.505	0.744
100	352	28.457	13.759	0	65	94.912	2498	1133	21	34	35.672	12.564	116.410	0.491	2.839	0.352	0.837
101	356	15.247	7.780	1	40	94.912	1946	1165	24	29	22.618	20.040	75.043	0.497	1.129	0.886	0.744
102	121	19.769	7.843	1	36	44.042	885	1173	12	15	16.100	9.569	120.027	0.784	1.682	0.594	0.864
103	895	38.203	19.622	2	108	128.368	133	1191	34	39	42.557	26.777	124.034	0.683	1.589	0.629	0.896
104	229	17.476	8.155	2	41	89.497	655	1204	16	29	26.445	11.025	104.462	0.359	2.399	0.417	0.688
105	50	14.960	8.169	2	38	46.284	3008	1211	10	12	9.011	7.065	70.506	0.293	1.275	0.784	0.559
106	154	24.643	10.939	3	58	60.770	907	1236	12	23	19.676	9.965	88.735	0.524	1.974	0.506	0.778
107	58	18.345	9.402	2	42	43.698	2185	1253	9	16	15.741	4.691	113.549	0.382	3.355	0.298	0.671
108	33	12.939	7.004	4	29	26.728	3773	1258	5	11	11.575	3.630	108.886	0.580	3.189	0.314	0.776
109	174	19.523	9.430	1	51	60.770	1203	1275	15	18	18.389	12.048	111.240	0.592	1.526	0.655	0.807
110	221	18.122	9.041	1	46	78.083	3591	1280	19	21	18.964	14.838	87.932	0.455	1.278	0.782	0.706
111	28	11.500	7.147	2	28	25.314	1552	1296	7	8	6.602	5.400	58.361	0.549	1.223	0.818	0.675
112	92	30.609	12.955	4	66	51.113	393	1355	11	17	17.670	6.629	111.998	0.443	2.666	0.375	0.702
113	49	15.265	8.595	2	36	27.799	3972	1366	8	10	9.637	6.474	114.851	0.797	1.489	0.672	0.810
114	30	10.700	7.760	2	31	26.385	3978	1372	8	9	7.279	5.247	69.310	0.542	1.387	0.721	0.638
115	157	14.834	7.728	1	36	75.012	2989	1387	16	16	17.506	11.419	48.789	0.351	1.533	0.652	0.746
116	5826	33.765	21.783	0	118	394.416	3675	1396	74	132	128.119	57.899	110.760	0.471	2.213	0.452	0.895
117	37	13.135	7.583	1	33	41.213	446	1409	7	17	14.871	3.168	107.222	0.274	4.694	0.213	0.587
118	37	20.622	8.992	4	36	31.799	3559	1409	7	13	12.387	3.803	111.105	0.460	3.257	0.307	0.679
119	44	23.136	10.589	8	49	33.456	3224	1423	7	13	13.411	4.177	111.638	0.494	3.210	0.312	0.682
120	1226	20.086	9.735	0	50	171.581	3782	1432	35	56	53.426	29.218	101.391	0.523	1.829	0.547	0.848
121	23	13.739	8.131	2	29	22.385	2881	1460	6	7	6.322	4.632	91.939	0.577	1.365	0.733	0.676
122	147	16.354	8.846	4	48	55.355	1145	1461	13	19	17.531	10.676	83.521	0.603	1.642	0.609	0.774
123	194	16.062	8.098	1	39	56.284	1500	1467	16	18	18.413	13.415	120.811	0.770	1.373	0.729	0.857
124	33	26.182	11.240	2	54	26.971	2351	1473	7	9	9.477	4.434	109.818	0.570	2.137	0.468	0.710
125	25	15.040	8.576	1	41	21.556	3978	1474	6	8	7.496	4.246	114.442	0.676	1.765	0.566	0.735
126	159	26.887	11.072	5	63	53.113	2298	1481	13	19	18.685	10.835	108.772	0.708	1.725	0.580	0.839
127	30	16.267	10.667	1	40	26.142	1728	1534	6	9	9.837	3.883	108.435	0.552	2.533	0.395	0.698
128	151	20.490	9.158	0	49	65.598	397	1556	13	23	21.788	8.824	110.243	0.441	2.469	0.405	0.706
129	34	18.206	10.519	2	40	38.627	1770	1556	11	11	11.665	3.711	136.209	0.286	3.143	0.318	0.523
130	464	37.136	16.193	5	85	117.296	3506	1565	24	40	38.668	15.278	113.899	0.424	2.531	0.395	0.799
131	102	34.941	13.259	1	66	46.284	3276	1578	10	19	18.181	7.143	109.748	0.598	2.545	0.393	0.826
132	91	16.769	8.560	1	38	41.456	2343	1608	11	15	12.466	9.294	88.592	0.665	1.341	0.746	0.774
133	745	18.067	9.959	0	56	152.610	23	1662	22	53	52.971	17.907	97.907	0.402	2.958	0.338	0.827
134	69	24.580	9.301	5	44	39.799	3193	1666	10	13	13.561	6.479	115.681	0.547	2.093	0.478	0.750
135	29	12.931	8.510	1	31	29.213	468	1682	7	11	9.818	3.761	116.304	0.427	2.611	0.383	0.604
136	2611	26.575	11.333	0	67	347.061	916	1692	87	89	93.765	35.455	44.753	0.272	2.645	0.378	0.600
137	365	39.912	14.860	2	77	81.497	493	1704	23	27	28.890	16.086	120.886	0.691	1.796	0.557	0.866
138	151	17.272	9.176	3	46	70.184	593	1716	18	21	14.461	13.295	59.599	0.385	1.088	0.919	0.614
139	28	12.500	8.293	1	32	27.556	2242	1723	6	10	9.559	3.729	103.335	0.463	2.563	0.390	0.629
140	307	30.267	12.379	4	63	78.669	3262	1723	17	29	28.315	13.805	98.467	0.623	2.051	0.488	0.837
141	7742	36.079	20.203	0	113	601.068	3133	1727	100	172	150.104	65.671	101.765	0.269	2.286	0.438	0.747
142	19	9.895	6.332	2	26	21.556	1355	1733	7	6	5.685	4.256	137.709	0.514	1.336	0.749	0.623
143	1101	21.147	10.650	1	51	163.924	967	1747	45	43	52.663	26.619	42.854	0.515	1.978	0.505	0.833
144	51	19.569	9.542	3	39	31.213	2604	1749	8	11	10.961	5.924	114.319	0.658	1.850	0.540	0.779
145	66	21.545	10.384	0	46	37.799	477	1759	9	14	16.192	5.190	111.111	0.580	3.120	0.321	0.786
146	187	32.652	15.515	3	85	71.841	1162	1766	15	27	27.724	8.588	113.106	0.455	3.228	0.310	0.791
147	57	17.474	8.683	4	37	34.870	3122	1785	9	12	10.809	6.714	98.199	0.589	1.610	0.621	0.699
148	109	25.569	12.438	1	62	54.527	452	1803	11	20	19.344	7.175	112.569	0.461	2.696	0.371	0.749
149	80	16.512	7.531	3	38	54.527	3230	1810	9	16	14.642	6.957	82.479	0.338	2.105	0.475	0.675
150	30	22.533	8.370	6	42	29.213	2689	1838	6	11	8.858	4.312	110.497	0.442	2.054	0.487	0.619
151	43	17.442	7.747	3	36	29.556	865	1844	6	12	12.267	4.463	107.445	0.619	2.749	0.364	0.819
152	758	25.958	11.594	1	63	126.125	2865	1845	32	37	34.317	28.124	117.997	0.599	1.220	0.820	0.854
153	135	37.370	13.792	6	65	55.355	311	1903	14	18	18.775	9.155	114.662	0.554	2.051	0.488	0.787
154	91	19.615	8.892	1	42	44.284	3130	1903	9	18	15.913	7.281	104.370	0.583	2.185	0.458	0.791
155	75	22.333	12.193	0	53	35.556	453	1931	8	12	13.446	7.102	109.864	0.745	1.893	0.528	0.872
156	380	28.466	11.917	5	70	90.912	808	1969	18	32	28.704	16.856	92.015	0.578	1.703	0.587	0.837
157	480	24.387	12.151	2	67	97.983	1582	1971	24	31	30.040	20.345	116.258	0.628	1.477	0.677	0.844
158	18	20.111	7.592	2	33	21.556	52	1972	7	7	7.005	3.272	143.834	0.487	2.141	0.467	0.581
159	275	18.069	9.005	0	52	116.711	173	1983	26	34	31.464	11.128	122.759	0.254	2.827	0.354	0.625
160	2062	26.327	13.514	0	74	260.108	774	1990	47	78	68.831	38.143	109.157	0.383	1.805	0.554	0.845
161	108	20.426	9.723	1	50	45.113	2266	1999	13	16	16.894	8.140	120.533	0.667	2.075	0.482	0.788
162	167	21.329	10.594	0	50	57.941	3051	2013	16	18	16.017	13.275	84.749	0.625	1.207	0.829	0.809
163	24	17.167	8.524	6	37	25.556	2965	2017	6	10	8.592	3.557	110.272	0.462	2.416	0.414	0.615
164	607	25.293	12.757	1	68	142.267	3232	2023	29	45	37.296	20.722	98.932	0.377	1.800	0.556	0.729
165	43	29.395	10.086	7	49	24.142	3701	2049	7	8	8.738	6.266	113.284	0.927	1.395	0.717	0.896
166	254	24.630	10.847	1	52	77.497	1771	2051	16	29	24.930	12.972	99.656	0.531	1.922	0.520	0.809
167	160	38.150	14.271	4	70	53.456	639	2057	13	18	18.678	10.907	102.724	0.704	1.712	0.584	0.858
168	34	24.912	12.988	1	57	30.971	3830	2083	6	13	11.622	3.725	104.385	0.445	3.120	0.320	0.708
169	116	17.983	9.283	1	37	50.284	2874	2089	10	16	16.343	9.037	97.694	0.577	1.808	0.553	0.806
170	190	42.263	15.680	7	83	61.598	798	2098	13	24	23.130	10.459	102.740	0.629	2.211	0.452	0.835
171	66	29.530	12.354	2	61	33.799	1150	2107	8	13	12.681	6.627	103.803	0.726	1.914	0.523	0.841
172	16	16.750	6.340	8	27	20.728	2521	2114	5	8	7.689	2.649	125.685	0.468	2.902	0.345	0.667
173	787	43.757	19.113	1	93	117.054	2556	2124	29	41	42.549	23.550	114.655	0.722	1.807	0.553	0.905
174	633	26.232	14.208	0	85	172.995	1623	2165	19	62	62.147	12.969	94.936	0.266	4.792	0.209	0.723
175	605	40.597	18.128	1	85	118.610	1669	2167	24	44	42.688	18.045	107.850	0.540	2.366	0.423	0.857
176	60	19.483	7.563	7	44	33.456	1854	2168	9	13	11.634	6.566	74.645	0.674	1.772	0.564	0.784
177	38	15.132	9.335	1	35	30.142	555	2183	7	11	9.712	4.982	107.713	0.526	1.950	0.513	0.717
178	36	14.861	6.503	2	31	24.142	3554	2187	5	10	8.862	5.172	98.190	0.776	1.713	0.584	0.857
179	45	25.578	10.404	6	45	29.799	3895	2187	7	12	11.410	5.022	110.103	0.637	2.272	0.440	0.776
180	296	14.807	7.960	1	46	96.225	1928	2217	20	24	22.027	17.110	77.376	0.402	1.287	0.777	0.740
181	163	30.123	15.241	1	67	66.669	1758	2221	16	25	26.382	7.867	116.092	0.461	3.354	0.298	0.758
182	38	16.474	7.370	3	32	27.556	2718	2228	5	11	10.751	4.500	98.837	0.629	2.389	0.419	0.800
183	245	24.241	10.143	0	50	70.326	1757	2261	22	21	24.607	12.677	139.719	0.623	1.941	0.515	0.807
184	180	19.367	9.340	1	50	71.841	217	2263	16	21	21.569	10.626	119.798	0.438	2.030	0.493	0.741
185	77	31.455	12.395	7	64	42.284	1890	2269	11	14	14.763	6.641	115.464	0.541	2.223	0.450	0.733
186	81	16.370	7.592	2	35	36.627	407	2275	12	11	10.543	9.782	115.355	0.759	1.078	0.928	0.814
187	173	19.428	11.296	1	45	71.012	612	2279	15	20	17.615	12.505	114.968	0.431	1.409	0.710	0.739
188	106	28.453	12.413	2	53	42.870	3860	2281	12	15	15.985	8.443	118.191	0.725	1.893	0.528	0.851
189	54	20.426	9.240	4	47	36.627	1188	2297	8	14	13.960	4.925	109.731	0.506	2.835	0.353	0.720
190	17	14.588	7.542	2	33	19.314	1571	2303	4	8	7.718	2.805	104.596	0.573	2.752	0.363	0.723
191	176	32.699	12.349	4	61	59.841	1731	2324	15	21	19.258	11.636	118.057	0.618	1.655	0.604	0.798
192	99	23.808	10.588	2	47	40.870	3061	2380	10	16	14.630	8.616	86.777	0.745	1.698	0.589	0.832
193	66	29.273	12.466	5	60	36.142	2022	2403	7	14	13.777	6.100	103.212	0.635	2.259	0.443	0.857
194	261	36.977	14.124	1	72	68.184	464	2408	16	23	22.602	14.703	99.080	0.705	1.537	0.651	0.863
195	1977	24.171	11.258	0	64	231.421	335	2421	48	64	61.398	40.998	105.485	0.464	1.498	0.668	0.869
196	8769	26.636	13.100	0	76	501.186	164	2490	102	156	147.553	75.668	72.360	0.439	1.950	0.513	0.833
197	167	29.515	12.101	3	60	71.598	3389	2497	17	20	20.301	10.474	121.100	0.409	1.938	0.516	0.731
198	52	25.019	11.968	1	48	32.142	1024	2500	7	12	11.328	5.845	101.552	0.633	1.938	0.516	0.812
199	696	13.807	7.218	1	39	204.794	442	2508	33	39	31.630	28.017	99.755	0.209	1.129	0.886	0.731
200	187	45.299	16.209	5	81	61.355	2104	2514	15	21	21.031	11.321	113.447	0.624	1.858	0.538	0.801
201	54	16.667	7.348	2	35	31.799	3866	2516	11	9	10.303	6.674	13.795	0.671	1.544	0.648	0.750
202	27	9.593	4.987	3	22	23.556	2916	2523	7	8	8.151	4.217	133.105	0.611	1.933	0.517	0.720
203	64	26.656	11.867	2	50	38.627	2647	2526	9	15	15.991	5.096	115.191	0.539	3.138	0.319	0.749
204	124	20.226	8.100	4	43	63.598	668	2534	13	22	20.828	7.580	111.061	0.385	2.748	0.364	0.699
205	51	15.392	9.119	2	42	38.971	2593	2555	7	15	13.846	4.690	104.221	0.422	2.952	0.339	0.662
206	23	23.522	9.816	3	38	22.142	147	2558	6	8	7.345	3.987	105.705	0.590	1.842	0.543	0.697
207	527	22.209	12.121	1	64	170.510	661	2558	24	57	46.694	14.370	76.161	0.228	3.249	0.308	0.622
208	80	23.850	10.433	4	48	51.355	1825	2560	13	19	18.289	5.569	124.468	0.381	3.284	0.305	0.635
209	215	31.000	12.513	3	59	67.012	3913	2561	16	24	24.819	11.030	111.878	0.602	2.250	0.444	0.813
210	19	10.947	4.859	4	25	17.899	2282	2563	5	6	5.888	4.109	130.213	0.745	1.433	0.698	0.809
211	339	36.065	16.742	2	92	81.841	1497	2591	16	32	30.949	13.946	108.615	0.636	2.219	0.451	0.890
212	359	51.552	20.211	3	104	85.355	754	2593	15	34	32.607	14.018	97.827	0.619	2.326	0.430	0.900
213	26	17.115	7.565	3	36	24.385	1659	2604	7	9	7.349	4.505	51.616	0.549	1.631	0.613	0.634
214	64	15.953	8.586	2	41	35.799	1621	2631	10	12	13.202	6.172	121.841	0.628	2.139	0.468	0.766
215	1530	25.549	12.445	0	73	236.593	3940	2651	47	81	77.994	24.977	120.605	0.343	3.123	0.320	0.824
216	42	20.952	8.115	10	38	26.385	549	2654	8	8	8.275	6.462	118.145	0.758	1.280	0.781	0.808
217	98	22.306	10.192	2	51	60.426	3836	2663	12	19	16.499	7.563	73.488	0.337	2.182	0.458	0.622
218	56	16.500	8.940	4	45	36.870	448	2673	8	14	11.229	6.350	80.346	0.518	1.768	0.565	0.700
219	131	28.695	11.917	3	59	53.698	1309	2679	12	20	19.420	8.589	106.484	0.571	2.261	0.442	0.792
220	210	23.543	9.387	2	57	59.698	1644	2679	18	18	17.408	15.360	126.605	0.740	1.133	0.882	0.843
221	90	35.900	12.587	5	60	40.870	3854	2707	10	16	15.047	7.616	107.776	0.677	1.976	0.506	0.804
222	314	38.500	14.841	3	73	77.841	2277	2733	19	28	29.464	13.569	114.023	0.651	2.171	0.461	0.860
223	119	33.866	11.057	10	62	45.113	2058	2749	13	16	15.886	9.538	120.104	0.735	1.666	0.600	0.829
224	25	13.160	6.762	4	29	23.556	2080	2755	6	9	8.979	3.545	111.034	0.566	2.533	0.395	0.714
225	61	21.885	9.189	2	40	31.799	239	2814	10	10	9.432	8.234	135.923	0.758	1.146	0.873	0.803
226	39	26.410	12.875	5	55	30.142	724	2828	5	13	11.832	4.197	103.308	0.539	2.820	0.355	0.804
227	599	12.671	6.682	0	38	165.095	2224	2828	43	30	37.922	20.111	20.826	0.276	1.886	0.530	0.680
228	473	24.150	10.884	0	55	114.711	111	2833	25	38	36.996	16.278	120.864	0.452	2.273	0.440	0.828
229	335	27.525	12.409	2	68	101.397	1645	2835	20	36	36.223	11.775	112.398	0.409	3.076	0.325	0.795
230	17	13.000	6.134	1	28	15.899	3200	2863	4	6	5.730	3.777	108.256	0.845	1.517	0.659	0.829
231	481	35.869	14.867	1	77	97.154	2461	2875	25	28	26.748	22.896	104.438	0.640	1.168	0.856	0.847
232	3174	22.790	11.523	0	72	303.706	3105	2917	72	82	91.931	43.960	128.696	0.432	2.091	0.478	0.877
233	110	16.109	8.146	0	33	51.941	774	2939	13	14	14.680	9.540	127.090	0.512	1.539	0.650	0.743
234	16	19.500	8.230	8	36	18.728	1655	2976	5	7	5.428	3.753	101.835	0.573	1.446	0.691	0.667
235	56	17.732	9.076	4	34	40.284	3955	2978	12	11	10.884	6.551	37.278	0.434	1.662	0.602	0.626
236	56	21.929	10.413	4	42	34.385	2252	2981	8	13	10.964	6.503	107.570	0.595	1.686	0.593	0.747
237	49	19.857	9.443	4	43	29.799	1107	2989	9	10	10.330	6.039	128.737	0.693	1.710	0.585	0.766
