 	Area	Mean	StdDev	Min	Max	Perim.	BX	BY	Width	Height	Major	Minor	Angle	Circ.	AR	Round	Solidity
1	26	29.154	14.352	5	59	23.314	3647	1	10	4	10.257	3.228	10.085	0.601	3.178	0.315	0.812
2	26	54.462	15.368	27	96	23.556	2354	3	10	5	9.148	3.619	1.539	0.589	2.528	0.396	0.732
3	72	86.417	28.103	4	138	35.213	1243	9	14	8	13.636	6.723	179.567	0.730	2.028	0.493	0.823
4	34	61.412	20.750	23	93	23.899	2897	35	9	5	9.731	4.448	5.254	0.748	2.188	0.457	0.861
5	165	19.794	9.946	1	51	67.841	623	40	20	18	19.838	10.590	138.647	0.451	1.873	0.534	0.724
6	168	64.417	30.072	4	143	53.113	998	48	21	12	19.681	10.868	170.591	0.748	1.811	0.552	0.873
7	870	61.643	33.122	2	153	168.409	3207	66	47	39	48.191	22.986	141.433	0.385	2.096	0.477	0.751
8	4146	48.932	29.697	1	172	343.019	467	69	113	58	108.747	48.542	169.435	0.443	2.240	0.446	0.810
9	314	55.710	24.610	4	128	86.326	3151	80	32	16	32.645	12.247	164.068	0.529	2.666	0.375	0.821
10	49	22.510	9.408	2	45	32.142	1550	85	11	7	10.933	5.707	2.149	0.596	1.916	0.522	0.760
11	44	41.114	12.743	11	75	27.556	2788	99	11	6	10.953	5.115	170.863	0.728	2.142	0.467	0.822
12	40	39.175	14.811	6	61	26.971	3113	104	11	6	9.178	5.549	9.509	0.691	1.654	0.605	0.808
13	18	32.000	9.293	13	45	15.899	1733	120	6	4	5.557	4.124	11.562	0.895	1.347	0.742	0.857
14	474	20.797	10.663	0	58	90.569	1687	124	26	26	26.226	23.012	59.106	0.726	1.140	0.877	0.884
15	936	61.333	39.796	1	195	167.782	3281	124	50	34	44.731	26.643	11.088	0.418	1.679	0.596	0.750
16	39	61.821	23.294	18	105	28.385	3137	144	11	6	10.748	4.620	9.357	0.608	2.326	0.430	0.765
17	65	56.985	20.610	16	97	32.971	3474	151	13	7	13.504	6.128	9.246	0.751	2.204	0.454	0.878
18	33	33.273	14.751	1	65	25.556	744	155	9	7	8.874	4.735	157.715	0.635	1.874	0.534	0.717
19	34	36.206	11.124	19	57	24.142	347	160	10	5	9.334	4.638	4.485	0.733	2.012	0.497	0.829
20	47	38.511	16.604	8	71	30.142	3670	166	13	5	12.537	4.773	3.750	0.650	2.626	0.381	0.862
21	79	38.987	14.430	5	72	35.799	1324	167	13	9	12.174	8.263	12.833	0.775	1.473	0.679	0.845
22	33	50.152	18.456	12	85	25.556	3112	170	11	5	10.722	3.919	9.920	0.635	2.736	0.365	0.795
23	91	36.648	15.350	3	73	39.456	3645	170	16	9	15.593	7.431	14.344	0.735	2.098	0.477	0.858
24	20	23.550	10.640	2	45	19.314	1462	178	8	4	6.945	3.667	166.979	0.674	1.894	0.528	0.784
25	22	40.091	16.397	6	66	19.899	1033	184	8	4	7.906	3.543	177.647	0.698	2.231	0.448	0.846
26	163	84.601	38.760	4	186	59.698	2293	185	21	14	21.117	9.828	25.728	0.575	2.149	0.465	0.789
27	22	29.682	6.736	14	42	17.314	3952	188	6	5	5.955	4.704	10.403	0.922	1.266	0.790	0.863
28	39	39.897	14.069	16	69	26.142	1207	194	10	6	10.050	4.941	19.638	0.717	2.034	0.492	0.867
29	196	48.867	20.996	1	101	61.941	2377	199	24	14	22.331	11.175	162.358	0.642	1.998	0.500	0.838
30	53	30.698	13.845	3	75	31.799	849	200	12	8	11.448	5.895	35.239	0.659	1.942	0.515	0.752
31	46	31.717	14.778	4	63	28.627	3309	202	11	7	11.119	5.267	26.900	0.705	2.111	0.474	0.800
32	19	39.000	21.071	3	67	18.728	124	214	8	4	6.766	3.575	12.105	0.681	1.892	0.528	0.760
33	30	34.967	8.923	17	57	22.142	2856	231	8	6	8.036	4.753	164.971	0.769	1.691	0.591	0.811
34	27	44.556	21.887	9	89	25.556	1464	233	11	4	10.050	3.421	11.857	0.519	2.938	0.340	0.761
35	47	32.830	12.298	9	58	34.142	3034	241	15	5	13.895	4.307	3.806	0.507	3.226	0.310	0.803
36	29	32.621	10.665	3	47	29.556	1174	257	12	5	10.010	3.689	9.503	0.417	2.714	0.368	0.659
37	74	73.405	21.715	22	113	38.870	1141	258	15	9	14.326	6.577	12.415	0.615	2.178	0.459	0.775
38	70	64.557	26.247	8	111	33.799	2362	272	12	8	11.903	7.488	9.737	0.770	1.590	0.629	0.843
39	229	57.192	26.965	4	138	63.113	1068	295	23	14	23.267	12.532	5.855	0.722	1.857	0.539	0.891
40	45	31.733	12.920	6	65	26.728	3154	296	10	6	11.309	5.066	162.384	0.792	2.232	0.448	0.874
41	29	41.655	16.167	8	67	24.142	2564	298	10	5	9.511	3.882	1.021	0.625	2.450	0.408	0.753
42	22	38.864	14.980	14	73	20.485	2208	300	9	3	9.495	2.950	7.957	0.659	3.219	0.311	0.898
43	863	49.323	18.342	0	111	118.468	820	307	41	30	39.474	27.836	172.958	0.773	1.418	0.705	0.903
44	26	62.385	17.552	19	95	19.071	1405	310	7	4	7.457	4.439	6.051	0.898	1.680	0.595	0.963
45	59	37.034	15.209	8	65	30.142	3604	311	11	7	11.498	6.534	21.916	0.816	1.760	0.568	0.894
46	58	55.672	19.574	9	93	30.385	634	314	11	7	11.618	6.357	172.804	0.789	1.828	0.547	0.859
47	21	28.238	9.990	15	55	22.728	1338	323	9	4	9.428	2.836	179.431	0.511	3.324	0.301	0.677
48	92	56.630	26.405	5	112	53.698	1499	325	22	11	19.527	5.999	158.869	0.401	3.255	0.307	0.689
49	4292	48.988	29.560	0	152	362.818	1780	328	127	60	114.984	47.526	3.716	0.410	2.419	0.413	0.796
50	25	38.960	15.426	14	72	23.314	2461	328	10	4	9.432	3.375	9.368	0.578	2.795	0.358	0.794
51	84	19.250	9.356	1	43	40.284	1678	330	14	12	12.985	8.236	35.189	0.650	1.577	0.634	0.737
52	1140	48.368	20.876	3	113	136.610	113	346	46	36	43.056	33.712	10.915	0.768	1.277	0.783	0.917
53	63	12.095	6.850	0	28	32.627	200	347	11	10	9.583	8.370	173.930	0.744	1.145	0.873	0.778
54	18	43.500	13.626	22	77	18.485	1235	348	8	3	7.254	3.159	10.648	0.662	2.296	0.436	0.857
55	17	34.941	9.371	21	55	18.728	3422	352	7	4	7.429	2.913	15.949	0.609	2.550	0.392	0.723
56	65	23.708	10.913	5	44	38.870	3859	358	12	10	10.883	7.605	160.877	0.541	1.431	0.699	0.751
57	19	25.474	11.345	7	54	19.314	3022	361	8	4	7.626	3.172	14.442	0.640	2.404	0.416	0.776
58	19	45.053	13.677	21	70	19.314	728	364	8	4	8.687	2.785	16.882	0.640	3.119	0.321	0.792
59	31	25.645	11.059	3	44	31.556	17	382	13	4	11.748	3.360	9.746	0.391	3.496	0.286	0.697
60	77	40.377	14.377	7	69	38.042	3299	383	15	9	14.703	6.668	16.756	0.669	2.205	0.453	0.802
61	52	38.769	15.513	11	72	28.385	3760	385	11	7	10.844	6.106	0.912	0.811	1.776	0.563	0.832
62	32	53.562	14.928	26	81	22.971	3918	385	9	6	8.630	4.721	9.255	0.762	1.828	0.547	0.780
63	28	51.036	13.234	25	76	21.899	930	394	9	4	8.681	4.107	173.629	0.734	2.114	0.473	0.875
64	92	42.989	17.430	8	88	40.627	3824	397	16	9	13.783	8.499	21.230	0.700	1.622	0.617	0.844
65	626	24.010	10.319	1	59	107.397	1494	405	32	29	29.066	27.422	132.553	0.682	1.060	0.943	0.874
66	22	25.955	8.449	12	44	22.142	1604	409	9	4	9.104	3.077	6.613	0.564	2.959	0.338	0.733
67	646	59.709	26.667	3	125	112.468	3464	410	41	26	38.014	21.637	160.530	0.642	1.757	0.569	0.859
68	392	76.564	36.718	6	155	85.841	227	411	34	17	33.047	15.103	179.893	0.669	2.188	0.457	0.885
69	42	41.214	12.352	7	68	33.213	3393	413	14	6	11.704	4.569	3.719	0.478	2.561	0.390	0.712
70	317	23.937	11.187	1	58	89.154	2255	414	32	16	29.437	13.711	172.025	0.501	2.147	0.466	0.802
71	113	20.566	8.229	2	44	50.527	3888	414	16	13	15.860	9.072	149.556	0.556	1.748	0.572	0.758
72	25	50.120	20.663	20	84	19.314	2478	419	8	4	8.119	3.921	6.910	0.842	2.071	0.483	0.877
73	54	22.722	10.834	3	50	31.799	3344	432	12	7	11.719	5.867	170.889	0.671	1.997	0.501	0.794
74	22	17.182	5.909	7	31	28.971	912	434	8	7	5.996	4.672	147.504	0.329	1.283	0.779	0.537
75	143	36.210	14.226	5	70	49.698	90	441	18	12	17.408	10.459	6.931	0.728	1.664	0.601	0.844
76	61	17.066	8.234	2	34	31.556	3764	452	10	9	10.088	7.699	39.132	0.770	1.310	0.763	0.830
77	22	20.318	6.175	5	34	19.314	2173	455	8	4	8.180	3.425	2.873	0.741	2.389	0.419	0.815
78	226	44.637	17.808	3	95	68.083	635	457	23	17	21.867	13.159	157.207	0.613	1.662	0.602	0.813
79	80	21.150	9.933	2	43	40.284	1661	462	14	10	13.129	7.759	18.578	0.619	1.692	0.591	0.780
80	1388	44.821	25.629	0	143	222.208	3045	470	79	32	76.211	23.189	175.955	0.353	3.286	0.304	0.706
81	159	58.226	16.805	14	103	51.355	3411	484	18	14	17.207	11.765	174.074	0.758	1.463	0.684	0.855
82	65	33.892	15.046	7	66	43.698	802	486	16	9	13.408	6.172	4.095	0.428	2.172	0.460	0.657
83	71	46.577	20.514	3	95	39.698	3667	506	16	8	13.948	6.481	179.667	0.566	2.152	0.465	0.755
84	138	13.486	6.967	0	32	74.426	1679	507	19	16	15.374	11.429	10.896	0.313	1.345	0.743	0.651
85	18	17.333	6.453	2	27	16.485	3824	515	5	5	5.574	4.112	116.980	0.832	1.356	0.738	0.837
86	647	36.839	19.286	1	98	120.711	684	518	44	23	43.048	19.136	7.197	0.558	2.250	0.445	0.831
87	43	52.256	19.490	8	95	27.556	2556	519	11	6	11.307	4.842	5.609	0.712	2.335	0.428	0.819
88	166	53.163	20.134	13	100	65.941	710	541	28	11	25.713	8.220	171.477	0.480	3.128	0.320	0.804
89	77	75.234	23.890	26	128	35.213	1194	548	14	8	13.473	7.277	162.319	0.780	1.852	0.540	0.856
90	25	24.880	10.997	10	46	22.142	827	550	9	5	8.404	3.787	19.131	0.641	2.219	0.451	0.769
91	53	47.264	21.887	12	116	33.213	2278	559	13	8	12.649	5.335	162.499	0.604	2.371	0.422	0.752
92	400	19.782	10.050	1	54	101.154	399	563	32	21	26.802	19.002	167.122	0.491	1.410	0.709	0.796
93	16	11.750	6.277	1	24	17.314	187	575	6	5	5.109	3.987	139.213	0.671	1.281	0.780	0.696
94	17	15.941	8.265	5	31	24.142	179	580	9	5	7.736	2.798	5.950	0.367	2.765	0.362	0.523
95	163	51.074	25.331	2	111	51.113	836	600	19	12	18.188	11.411	174.972	0.784	1.594	0.627	0.876
96	91	50.473	18.411	14	95	42.870	435	614	17	9	16.233	7.138	2.751	0.622	2.274	0.440	0.781
97	117	18.068	9.578	1	43	49.941	3756	618	14	14	12.742	11.691	34.857	0.589	1.090	0.917	0.770
98	16	35.250	16.151	6	61	16.142	2738	622	6	5	6.397	3.184	150.638	0.772	2.009	0.498	0.727
99	79	52.937	21.684	10	97	37.556	3460	625	15	7	15.243	6.599	8.386	0.704	2.310	0.433	0.888
100	52	43.442	9.799	21	76	28.385	2266	631	10	8	10.012	6.613	24.114	0.811	1.514	0.660	0.825
101	1428	45.971	23.165	1	122	213.723	1427	632	72	41	71.529	25.419	156.779	0.393	2.814	0.355	0.753
102	49	18.020	8.688	4	36	38.971	2021	638	14	7	11.290	5.526	169.766	0.405	2.043	0.489	0.645
103	23	22.522	9.648	7	40	19.556	3759	642	7	5	7.156	4.092	9.720	0.756	1.749	0.572	0.767
104	31	45.290	20.191	13	80	22.971	2850	648	9	6	7.906	4.992	175.160	0.738	1.584	0.631	0.775
105	223	25.036	10.200	2	54	69.255	3965	658	23	16	21.833	13.005	25.634	0.584	1.679	0.596	0.811
106	20	18.250	7.608	7	35	16.142	3252	668	6	5	6.503	3.916	152.188	0.965	1.660	0.602	0.833
107	18	38.000	11.355	16	60	15.314	286	674	6	4	5.895	3.888	22.692	0.965	1.516	0.659	0.878
108	20	33.150	9.719	17	47	20.728	721	674	9	4	8.002	3.182	16.105	0.585	2.515	0.398	0.755
109	144	35.451	13.698	1	71	48.042	1526	679	18	10	18.015	10.177	5.219	0.784	1.770	0.565	0.900
110	158	22.222	12.759	2	59	48.042	241	691	16	13	16.050	12.534	24.263	0.860	1.281	0.781	0.905
111	41	15.683	9.142	2	36	39.213	811	698	10	12	10.124	5.156	57.291	0.335	1.963	0.509	0.558
112	23	11.739	5.387	1	21	26.142	2450	702	11	5	11.844	2.473	16.518	0.423	4.790	0.209	0.697
113	145	19.717	9.841	1	45	64.184	3230	702	21	13	17.362	10.634	13.839	0.442	1.633	0.612	0.714
114	17	14.588	10.094	2	37	23.556	2942	709	7	7	6.761	3.202	48.704	0.385	2.112	0.474	0.548
115	104	15.202	7.954	1	36	56.527	3625	714	16	13	13.337	9.929	5.603	0.409	1.343	0.744	0.662
116	61	33.607	15.369	8	69	35.456	3576	724	14	8	13.719	5.661	17.300	0.610	2.423	0.413	0.744
117	460	44.567	20.485	2	106	100.912	16	725	35	20	35.824	16.349	6.537	0.568	2.191	0.456	0.818
118	26	63.308	20.930	29	100	25.314	3208	726	11	4	10.794	3.067	8.219	0.510	3.520	0.284	0.800
119	80	48.800	17.161	13	94	36.627	3074	732	15	8	13.585	7.498	3.487	0.749	1.812	0.552	0.865
120	25	22.400	8.713	7	44	20.142	2184	740	7	6	7.061	4.508	35.456	0.774	1.566	0.638	0.806
121	18	20.167	8.840	4	35	16.485	2561	753	7	3	6.921	3.311	179.573	0.832	2.090	0.478	0.923
122	26	17.115	8.842	0	32	20.728	624	756	8	5	8.955	3.697	20.860	0.760	2.423	0.413	0.839
123	43	50.767	17.880	14	86	28.142	542	767	10	7	11.100	4.932	17.704	0.682	2.250	0.444	0.835
124	131	74.763	32.985	15	148	52.284	638	771	22	9	20.865	7.994	4.557	0.602	2.610	0.383	0.826
125	21	16.429	10.112	3	43	16.728	543	776	6	5	6.205	4.309	23.231	0.943	1.440	0.694	0.840
126	20	28.150	12.390	6	52	18.728	3736	792	8	4	8.673	2.936	163.058	0.717	2.954	0.339	0.816
127	36	62.611	18.376	34	94	25.899	3573	802	10	5	10.141	4.520	7.498	0.674	2.244	0.446	0.847
128	43	78.000	19.104	41	113	28.728	840	820	13	4	12.652	4.327	0.993	0.655	2.924	0.342	0.915
129	3836	39.681	22.296	0	121	312.534	1543	821	108	51	106.324	45.937	178.625	0.494	2.315	0.432	0.874
130	92	18.717	9.928	1	47	47.698	212	835	13	13	12.008	9.755	156.346	0.508	1.231	0.812	0.716
131	196	69.760	26.929	4	138	59.941	2808	843	23	13	22.298	11.192	9.806	0.686	1.992	0.502	0.860
132	45	31.689	13.527	7	67	26.385	40	876	9	8	8.278	6.922	163.980	0.812	1.196	0.836	0.804
133	29	35.793	13.286	10	58	21.314	244	886	8	5	7.898	4.675	4.342	0.802	1.690	0.592	0.853
134	24	25.125	12.749	7	53	20.485	3605	896	8	4	8.777	3.482	5.502	0.719	2.521	0.397	0.873
135	108	50.815	18.041	10	85	47.698	2331	897	20	10	19.341	7.110	160.987	0.597	2.720	0.368	0.806
136	106	24.217	11.681	2	57	45.113	180	906	16	11	15.508	8.703	151.425	0.655	1.782	0.561	0.797
137	23	45.957	13.700	18	69	18.142	933	908	7	5	7.049	4.154	162.243	0.878	1.697	0.589	0.836
138	17	28.000	15.700	4	53	21.657	3044	914	10	2	10.226	2.117	3.048	0.455	4.831	0.207	0.919
139	99	42.465	19.750	5	94	42.284	687	920	16	10	15.016	8.394	174.040	0.696	1.789	0.559	0.815
140	30	36.400	15.865	8	67	20.728	3276	943	8	5	7.503	5.091	165.457	0.877	1.474	0.679	0.896
141	436	44.257	25.632	1	111	94.569	140	944	32	20	30.019	18.493	174.436	0.613	1.623	0.616	0.865
142	23	35.000	12.990	7	57	18.728	376	953	7	5	6.574	4.455	34.304	0.824	1.476	0.678	0.821
143	57	70.404	34.920	6	123	35.556	1800	956	13	8	12.372	5.866	154.046	0.567	2.109	0.474	0.750
144	25	13.080	8.221	4	27	28.971	3151	956	12	4	10.518	3.026	172.378	0.374	3.475	0.288	0.649
145	152	13.329	7.117	0	40	70.426	691	987	21	15	17.246	11.222	5.578	0.385	1.537	0.651	0.664
146	25	43.400	20.218	6	77	20.728	3599	987	9	4	8.150	3.906	4.244	0.731	2.087	0.479	0.820
147	47	80.362	29.582	11	149	28.142	2805	999	11	6	10.318	5.800	174.094	0.746	1.779	0.562	0.870
148	42	34.524	12.673	1	60	26.971	3308	1004	9	7	9.433	5.669	17.105	0.726	1.664	0.601	0.808
149	43	40.581	16.667	6	85	30.385	3912	1024	13	5	12.385	4.421	1.021	0.585	2.802	0.357	0.782
150	725	26.799	12.429	0	65	125.782	2060	1026	37	32	39.080	23.621	143.711	0.576	1.655	0.604	0.844
151	22	25.409	10.336	5	50	20.142	1117	1030	8	4	8.496	3.297	7.459	0.681	2.577	0.388	0.772
152	59	18.949	7.729	2	40	30.971	2882	1036	11	8	11.234	6.687	23.032	0.773	1.680	0.595	0.831
153	23	38.957	14.057	15	60	21.899	2758	1056	9	4	8.614	3.400	16.689	0.603	2.534	0.395	0.836
154	627	49.743	21.167	2	109	124.125	1030	1057	46	24	46.232	17.268	16.739	0.511	2.677	0.373	0.843
155	1493	39.283	18.299	1	107	188.066	3167	1057	58	37	57.196	33.235	15.236	0.530	1.721	0.581	0.869
156	169	30.254	13.966	3	69	56.870	2702	1059	18	14	17.143	12.552	1.148	0.657	1.366	0.732	0.818
157	48	38.812	20.662	2	81	32.385	2880	1096	13	6	13.518	4.521	0.934	0.575	2.990	0.334	0.756
158	17	47.059	20.900	9	90	19.314	319	1126	8	3	8.005	2.704	5.379	0.573	2.960	0.338	0.773
159	18	34.167	16.074	7	51	17.314	1723	1151	7	4	6.650	3.446	8.183	0.755	1.930	0.518	0.818
160	1837	68.557	40.069	1	196	255.137	3078	1160	93	29	91.579	25.540	1.432	0.355	3.586	0.279	0.774
161	313	51.042	16.276	8	92	73.355	1121	1164	25	18	23.508	16.953	4.924	0.731	1.387	0.721	0.872
162	21	58.952	16.169	23	81	19.556	1519	1169	7	5	6.775	3.946	19.311	0.690	1.717	0.582	0.750
163	47	55.170	18.742	18	96	30.142	2630	1175	13	5	13.172	4.543	4.685	0.650	2.899	0.345	0.855
164	69	20.101	12.354	1	65	52.627	1354	1177	22	7	19.552	4.493	171.191	0.313	4.351	0.230	0.630
165	58	16.810	9.508	1	43	49.456	316	1178	12	11	10.111	7.304	133.765	0.298	1.384	0.722	0.586
166	33	23.333	10.682	2	54	28.728	1356	1183	13	4	12.095	3.474	173.636	0.502	3.482	0.287	0.795
167	782	54.100	26.332	2	148	136.368	1894	1188	48	26	45.935	21.676	169.310	0.528	2.119	0.472	0.817
168	363	36.322	21.608	0	96	78.426	3470	1192	30	17	29.725	15.549	8.261	0.742	1.912	0.523	0.902
169	107	29.888	17.848	1	74	45.113	1177	1196	18	10	16.843	8.089	12.596	0.661	2.082	0.480	0.820
170	3458	34.578	17.860	0	108	269.321	1802	1198	87	58	83.964	52.437	170.545	0.599	1.601	0.625	0.892
171	56	39.054	18.221	7	71	42.385	1122	1200	19	5	18.861	3.780	2.021	0.392	4.989	0.200	0.742
172	125	57.736	26.564	0	126	67.113	693	1210	29	8	26.259	6.061	172.336	0.349	4.332	0.231	0.733
173	360	47.300	26.914	1	132	99.497	3569	1212	38	17	32.754	13.994	14.461	0.457	2.341	0.427	0.785
174	296	44.861	23.557	4	112	72.669	2211	1233	26	18	25.158	14.981	175.449	0.704	1.679	0.595	0.865
175	26	26.885	7.982	14	42	22.971	458	1237	9	6	9.019	3.671	157.775	0.619	2.457	0.407	0.722
176	20	11.400	5.295	4	22	25.799	3857	1238	9	6	8.371	3.042	159.425	0.378	2.752	0.363	0.548
177	17	33.824	13.648	4	60	16.728	747	1241	7	4	6.786	3.189	10.151	0.763	2.128	0.470	0.773
178	21	26.143	10.312	4	47	19.899	1490	1244	8	4	7.622	3.508	20.498	0.666	2.173	0.460	0.824
179	190	36.516	17.940	1	80	54.284	2779	1248	21	12	20.532	11.782	179.949	0.810	1.743	0.574	0.903
180	118	42.754	18.030	7	98	49.698	3588	1256	19	12	17.607	8.533	26.168	0.600	2.063	0.485	0.797
181	20	61.350	12.162	37	79	17.899	769	1268	7	4	7.009	3.633	18.349	0.784	1.929	0.518	0.851
182	17	34.235	12.627	12	57	17.899	278	1269	7	4	7.356	2.942	173.742	0.667	2.500	0.400	0.756
183	23	16.565	10.587	2	40	18.728	1932	1271	5	7	6.858	4.270	83.389	0.824	1.606	0.623	0.793
184	22	13.455	9.763	3	43	20.728	2463	1272	8	5	7.410	3.780	147.618	0.643	1.960	0.510	0.733
185	26	33.385	15.012	4	59	22.728	181	1288	9	5	9.913	3.340	15.428	0.633	2.968	0.337	0.788
186	107	18.748	10.512	2	44	62.527	816	1297	25	11	22.756	5.987	169.298	0.344	3.801	0.263	0.617
187	249	45.056	19.653	3	87	73.598	519	1306	29	14	26.772	11.842	0.699	0.578	2.261	0.442	0.837
188	68	68.000	18.501	6	95	32.971	2848	1306	13	7	13.260	6.530	169.532	0.786	2.031	0.492	0.872
189	42	42.238	17.454	2	68	28.142	596	1318	12	5	11.948	4.476	6.230	0.666	2.670	0.375	0.848
190	139	15.863	7.898	1	38	59.598	1482	1335	19	14	17.162	10.312	15.771	0.492	1.664	0.601	0.716
191	231	82.342	39.129	5	167	65.698	512	1339	26	12	26.221	11.217	179.463	0.673	2.338	0.428	0.890
192	219	73.845	28.987	2	142	72.669	3842	1346	17	21	21.240	13.128	81.703	0.521	1.618	0.618	0.730
193	1752	42.131	24.439	0	125	208.208	3004	1352	67	47	64.368	34.656	164.948	0.508	1.857	0.538	0.820
194	18	21.611	12.098	1	42	18.485	2352	1353	7	4	7.397	3.098	2.742	0.662	2.388	0.419	0.783
195	60	28.750	12.228	5	56	32.971	3175	1360	13	7	12.094	6.317	170.347	0.694	1.915	0.522	0.822
196	101	91.703	28.217	36	152	39.698	3548	1364	14	12	13.183	9.755	26.074	0.805	1.351	0.740	0.838
197	58	27.603	11.340	2	53	30.385	1524	1365	12	7	11.103	6.651	14.859	0.789	1.669	0.599	0.859
198	47	48.149	14.156	22	77	24.971	1805	1365	9	7	9.018	6.636	177.229	0.947	1.359	0.736	0.879
199	66	56.788	22.053	17	110	40.042	3198	1371	17	7	15.673	5.362	178.406	0.517	2.923	0.342	0.767
200	19	12.579	6.678	3	23	18.142	83	1381	5	7	6.684	3.619	60.957	0.725	1.847	0.541	0.745
201	21	16.810	10.889	0	41	18.142	2414	1381	7	5	6.163	4.339	170.692	0.802	1.420	0.704	0.808
202	60	37.400	13.501	11	64	32.728	1977	1390	12	6	12.628	6.050	8.033	0.704	2.087	0.479	0.889
203	96	18.677	10.724	2	46	47.698	279	1400	13	14	11.467	10.660	110.412	0.530	1.076	0.930	0.733
204	25	23.000	8.977	8	40	19.899	1632	1404	8	4	8.240	3.863	165.346	0.793	2.133	0.469	0.877
205	35	41.629	17.862	20	90	24.728	96	1418	10	5	9.961	4.474	14.883	0.719	2.227	0.449	0.843
206	29	50.034	20.134	8	89	24.971	349	1419	10	5	9.400	3.928	178.824	0.584	2.393	0.418	0.707
207	30	25.500	12.657	3	56	20.142	3703	1419	8	5	7.513	5.084	11.542	0.929	1.478	0.677	0.882
208	83	31.759	11.708	5	67	40.870	2108	1429	16	9	15.130	6.985	10.504	0.624	2.166	0.462	0.779
209	43	63.605	19.369	17	97	28.142	1342	1449	11	6	10.669	5.132	4.743	0.682	2.079	0.481	0.819
210	133	43.406	20.065	8	106	55.941	1886	1449	21	9	21.222	7.979	177.443	0.534	2.660	0.376	0.799
211	35	38.714	17.367	7	64	26.971	1505	1457	11	5	10.785	4.132	0.577	0.605	2.610	0.383	0.761
212	26	28.000	15.636	2	62	18.728	3135	1473	8	4	8.091	4.092	174.690	0.932	1.977	0.506	0.897
213	142	44.155	21.464	2	93	59.113	341	1478	25	8	23.229	7.783	3.518	0.511	2.985	0.335	0.843
214	61	49.623	19.419	7	89	33.799	2134	1490	13	8	13.104	5.927	17.543	0.671	2.211	0.452	0.787
215	41	58.000	16.526	31	90	23.556	3031	1493	9	6	9.391	5.559	3.525	0.928	1.690	0.592	0.882
216	17	40.235	21.312	5	78	19.314	1618	1496	8	3	8.000	2.706	0.094	0.573	2.957	0.338	0.773
217	16	13.188	5.102	5	22	20.728	3321	1505	8	5	8.301	2.454	149.050	0.468	3.382	0.296	0.640
218	20	28.150	9.746	16	50	21.071	195	1512	9	3	9.958	2.557	175.986	0.566	3.894	0.257	0.851
219	27	52.593	25.343	4	97	23.314	2490	1519	10	4	10.487	3.278	4.240	0.624	3.199	0.313	0.806
220	49	10.878	5.415	1	25	56.770	3519	1544	10	16	11.374	5.485	93.407	0.191	2.074	0.482	0.412
221	516	45.262	20.019	1	99	114.326	2568	1549	43	19	40.431	16.250	178.860	0.496	2.488	0.402	0.838
222	17	13.882	8.425	2	25	22.142	3514	1554	7	5	7.292	2.969	20.078	0.436	2.456	0.407	0.607
223	48	31.417	11.173	5	53	33.556	2875	1555	12	7	11.752	5.200	165.737	0.536	2.260	0.442	0.716
224	16	25.438	11.284	8	43	17.314	2340	1572	7	4	7.118	2.862	22.475	0.671	2.487	0.402	0.744
225	16	37.438	18.356	9	65	16.728	2498	1586	7	4	6.579	3.097	22.373	0.719	2.124	0.471	0.744
226	58	67.569	23.778	10	108	31.213	164	1587	13	7	11.516	6.413	3.896	0.748	1.796	0.557	0.817
227	126	65.865	29.272	6	126	51.456	1778	1587	22	9	20.381	7.871	12.510	0.598	2.589	0.386	0.866
228	52	30.327	10.551	7	48	28.971	565	1598	10	8	9.237	7.168	172.169	0.779	1.289	0.776	0.846
229	22	42.455	13.334	3	61	17.556	2338	1598	6	6	5.774	4.851	162.038	0.897	1.190	0.840	0.786
230	169	15.130	8.052	2	38	74.083	1583	1619	23	17	25.183	8.545	151.848	0.387	2.947	0.339	0.687
231	37	40.973	11.904	18	63	28.142	3458	1626	11	5	11.433	4.120	3.679	0.587	2.775	0.360	0.787
232	467	41.435	21.952	3	99	101.740	1914	1636	37	18	35.955	16.537	171.509	0.567	2.174	0.460	0.862
233	22	34.909	11.476	17	56	19.556	1718	1645	8	5	6.475	4.326	6.678	0.723	1.497	0.668	0.746
234	44	74.886	27.476	4	123	25.556	3787	1646	10	6	10.189	5.498	10.172	0.847	1.853	0.540	0.880
235	20	28.850	12.257	12	57	17.071	2951	1655	7	3	7.651	3.328	2.920	0.862	2.299	0.435	0.976
236	97	55.258	19.463	16	105	43.213	2366	1674	16	9	15.675	7.879	179.329	0.653	1.990	0.503	0.812
237	86	76.419	22.841	16	122	35.213	2066	1679	13	9	12.619	8.678	0.307	0.872	1.454	0.688	0.882
238	21	47.286	22.561	11	84	19.899	2274	1700	9	3	8.543	3.130	6.617	0.666	2.730	0.366	0.894
239	80	50.888	21.522	5	106	43.213	2212	1707	19	7	17.913	5.686	8.771	0.538	3.150	0.317	0.838
240	253	34.012	13.971	1	68	68.426	3857	1716	24	16	23.276	13.840	13.327	0.679	1.682	0.595	0.859
241	38	12.974	6.533	1	28	33.213	3001	1726	9	9	9.114	5.309	126.709	0.433	1.717	0.582	0.633
242	44	44.136	18.762	7	86	28.728	890	1729	12	5	12.484	4.488	0.915	0.670	2.782	0.359	0.846
243	622	17.265	9.107	0	52	123.539	941	1741	40	24	37.453	21.145	3.646	0.512	1.771	0.565	0.837
244	2794	34.026	14.770	1	81	269.463	3479	1742	88	52	79.137	44.953	7.748	0.484	1.760	0.568	0.848
245	34	44.853	15.917	12	80	27.556	1385	1748	12	5	11.312	3.827	14.334	0.563	2.956	0.338	0.773
246	59	13.712	7.283	4	34	36.385	379	1767	15	7	12.687	5.921	17.074	0.560	2.143	0.467	0.781
247	3640	22.779	11.558	0	58	332.676	910	1771	101	64	95.571	48.494	176.727	0.413	1.971	0.507	0.701
248	204	67.471	39.320	2	163	72.527	3799	1776	30	12	29.398	8.835	9.812	0.487	3.327	0.301	0.821
249	37	53.243	12.132	25	74	22.971	3592	1785	8	7	7.594	6.204	44.704	0.881	1.224	0.817	0.841
250	25	57.160	18.517	19	83	19.314	626	1790	7	5	6.817	4.670	0.000	0.842	1.460	0.685	0.833
251	23	40.783	17.980	4	96	23.899	3410	1795	11	3	11.891	2.463	0.385	0.506	4.829	0.207	0.821
252	39	38.000	17.828	9	71	32.971	3692	1812	13	6	13.068	3.800	13.475	0.451	3.439	0.291	0.709
253	29	20.379	10.953	3	42	22.728	795	1814	9	5	8.968	4.117	172.247	0.705	2.178	0.459	0.795
254	201	19.433	9.144	2	41	58.184	1646	1824	17	20	18.071	14.162	114.267	0.746	1.276	0.784	0.848
255	50	34.100	14.088	12	70	26.728	3630	1842	10	6	10.489	6.069	13.505	0.880	1.728	0.579	0.935
256	115	45.209	20.925	3	93	47.113	3323	1848	19	10	17.501	8.366	7.284	0.651	2.092	0.478	0.804
257	43	23.163	14.871	1	65	32.627	3411	1850	13	8	11.433	4.789	162.085	0.508	2.388	0.419	0.688
258	51	20.176	7.894	4	36	29.556	1881	1858	9	8	8.502	7.638	148.979	0.734	1.113	0.898	0.823
259	138	39.333	19.332	4	92	52.870	3	1865	21	11	19.828	8.862	8.961	0.620	2.237	0.447	0.831
260	315	76.635	34.635	6	155	80.083	1843	1881	27	21	27.722	14.467	34.006	0.617	1.916	0.522	0.833
261	71	31.761	15.929	3	70	46.627	725	1896	19	6	17.932	5.041	6.521	0.410	3.557	0.281	0.768
262	52	43.250	15.659	12	75	28.385	1291	1914	11	7	10.023	6.606	179.457	0.811	1.517	0.659	0.852
263	30	35.400	13.297	5	67	24.728	1789	1916	11	4	11.269	3.389	175.820	0.617	3.325	0.301	0.833
264	43	14.070	8.149	2	41	36.042	2495	1918	9	10	8.268	6.622	66.172	0.416	1.248	0.801	0.637
265	34	39.676	15.239	5	62	24.142	2891	1924	9	6	8.018	5.399	176.535	0.733	1.485	0.673	0.800
266	130	41.138	18.416	4	89	54.870	502	1940	23	10	21.141	7.829	177.993	0.543	2.700	0.370	0.807
267	31	54.613	19.083	10	94	24.728	1989	1950	10	5	8.981	4.395	12.603	0.637	2.043	0.489	0.785
268	38	91.789	25.839	43	142	26.728	2616	1964	12	4	11.772	4.110	174.147	0.668	2.864	0.349	0.905
269	136	16.757	8.909	1	45	69.012	703	1996	24	14	18.797	9.212	179.316	0.359	2.040	0.490	0.617
270	17	13.235	7.031	1	23	15.071	1276	1997	4	5	5.666	3.820	105.652	0.941	1.483	0.674	0.919
271	133	26.128	10.844	3	53	53.941	2685	2014	18	13	16.514	10.254	14.696	0.574	1.611	0.621	0.796
272	67	59.179	21.485	5	96	34.385	618	2024	14	7	13.397	6.368	6.277	0.712	2.104	0.475	0.822
273	39	33.282	13.473	0	52	32.385	2154	2034	14	6	13.538	3.668	17.902	0.467	3.691	0.271	0.703
274	19	38.368	18.886	8	70	16.728	2202	2034	6	5	5.835	4.146	168.072	0.853	1.408	0.710	0.792
275	37	57.162	19.877	25	103	25.213	3229	2041	10	7	9.056	5.202	12.359	0.731	1.741	0.574	0.755
276	43	53.186	15.230	31	89	28.971	277	2045	11	6	11.052	4.954	172.073	0.644	2.231	0.448	0.796
277	17	12.294	4.896	3	21	17.899	1120	2053	8	3	7.475	2.896	174.277	0.667	2.582	0.387	0.850
278	177	55.147	27.430	3	116	60.770	496	2054	25	11	23.567	9.563	1.403	0.602	2.465	0.406	0.837
279	33	29.485	14.187	5	64	25.799	3481	2054	10	7	9.048	4.644	23.934	0.623	1.948	0.513	0.742
280	35	59.229	16.008	20	89	25.556	371	2086	9	6	9.342	4.770	4.558	0.673	1.958	0.511	0.769
281	47	64.383	21.242	16	104	26.971	3707	2106	10	6	10.277	5.823	172.050	0.812	1.765	0.567	0.870
282	21	32.952	10.805	8	51	17.899	86	2115	7	4	7.028	3.804	177.092	0.824	1.847	0.541	0.857
283	49	30.265	12.726	4	58	35.213	3479	2122	14	6	13.012	4.795	14.053	0.497	2.714	0.368	0.766
284	28	30.036	8.851	14	49	21.556	799	2136	8	6	7.183	4.963	2.171	0.757	1.447	0.691	0.778
285	24	18.667	7.423	4	35	20.385	1656	2141	8	6	6.897	4.430	18.298	0.726	1.557	0.642	0.738
286	106	42.066	18.159	8	94	48.870	3962	2154	18	11	16.986	7.945	155.429	0.558	2.138	0.468	0.794
287	1998	55.715	29.259	1	165	225.865	1402	2159	73	44	73.846	34.449	162.997	0.492	2.144	0.466	0.843
288	245	47.020	21.946	2	107	78.426	3953	2179	28	17	27.392	11.388	169.301	0.501	2.405	0.416	0.764
289	28	52.357	13.524	30	79	21.314	22	2180	9	4	8.501	4.194	177.449	0.775	2.027	0.493	0.875
290	3254	39.313	20.790	1	122	262.492	520	2180	88	60	87.201	47.512	153.537	0.593	1.835	0.545	0.905
291	18	24.167	12.075	9	48	18.728	3328	2184	8	4	7.442	3.080	9.290	0.645	2.416	0.414	0.750
292	431	34.571	20.196	1	111	122.225	3178	2188	31	29	26.368	20.812	146.107	0.363	1.267	0.789	0.686
293	57	48.737	17.020	18	93	34.042	2406	2194	14	8	12.211	5.944	11.739	0.618	2.054	0.487	0.735
294	126	28.833	13.154	3	60	50.527	238	2211	19	12	15.900	10.090	8.021	0.620	1.576	0.635	0.761
295	188	48.803	21.014	3	105	73.841	2696	2213	25	14	21.920	10.920	19.144	0.433	2.007	0.498	0.787
296	19	18.789	7.502	4	36	20.728	3017	2218	6	7	6.464	3.743	54.281	0.556	1.727	0.579	0.633
297	24	17.458	8.797	3	34	25.556	2291	2236	10	4	8.595	3.555	8.054	0.462	2.417	0.414	0.706
298	817	30.235	13.594	1	72	123.882	2667	2243	42	29	39.218	26.524	172.987	0.669	1.479	0.676	0.878
299	37	37.649	14.293	7	69	30.142	603	2253	13	5	11.300	4.169	179.511	0.512	2.710	0.369	0.763
300	121	24.504	11.414	2	53	53.355	1855	2269	20	12	16.894	9.119	12.565	0.534	1.853	0.540	0.747
301	205	21.415	9.799	2	48	67.355	2574	2278	21	13	21.225	12.297	5.712	0.568	1.726	0.579	0.845
302	152	62.382	29.137	5	148	50.284	347	2285	20	11	19.537	9.906	166.839	0.755	1.972	0.507	0.879
303	39	43.154	15.385	11	72	24.728	2055	2290	9	6	9.136	5.435	7.519	0.801	1.681	0.595	0.857
304	17	35.824	13.459	14	60	15.071	1968	2327	6	3	6.541	3.309	4.308	0.941	1.977	0.506	0.971
305	157	19.707	9.580	2	56	56.527	954	2330	18	12	17.693	11.298	2.051	0.617	1.566	0.639	0.822
306	51	40.882	16.561	3	76	26.971	2492	2346	10	7	9.615	6.753	10.926	0.881	1.424	0.702	0.864
307	56	61.571	15.243	29	102	29.799	1794	2354	12	7	11.319	6.299	2.225	0.792	1.797	0.557	0.830
308	572	45.808	18.689	2	105	98.468	2676	2360	33	28	29.682	24.536	163.277	0.741	1.210	0.827	0.883
309	70	26.929	12.293	3	59	39.213	247	2366	15	8	13.407	6.648	12.986	0.572	2.017	0.496	0.773
310	46	21.065	9.579	4	38	33.799	1383	2366	12	8	9.569	6.121	176.341	0.506	1.563	0.640	0.657
311	25	52.680	17.594	19	83	19.556	1815	2393	8	5	7.313	4.352	12.551	0.821	1.680	0.595	0.794
312	17	21.882	12.791	4	46	18.142	1173	2400	6	6	6.222	3.479	43.119	0.649	1.788	0.559	0.694
313	22	39.727	20.258	10	79	22.728	3592	2404	10	4	8.582	3.264	3.745	0.535	2.629	0.380	0.772
314	166	22.307	10.966	2	67	52.770	570	2412	17	15	15.541	13.600	168.128	0.749	1.143	0.875	0.832
315	424	57.531	25.401	1	139	86.669	3966	2422	33	20	30.296	17.820	3.519	0.709	1.700	0.588	0.876
316	30	23.100	12.869	1	51	36.627	6	2436	15	4	13.346	2.862	173.327	0.281	4.663	0.214	0.583
317	16	21.188	9.005	4	33	20.728	3147	2442	6	6	5.423	3.756	26.908	0.468	1.444	0.693	0.604
318	103	48.505	24.324	3	92	50.385	877	2443	22	7	21.265	6.167	0.342	0.510	3.448	0.290	0.851
319	37	25.270	8.685	6	46	25.314	1975	2447	8	7	8.284	5.687	171.451	0.726	1.457	0.686	0.822
320	24	43.917	19.415	11	80	22.385	3943	2469	9	5	9.119	3.351	12.117	0.602	2.721	0.367	0.676
321	56	15.411	8.049	2	33	37.456	2837	2477	12	9	11.634	6.129	164.981	0.502	1.898	0.527	0.671
322	22	45.455	15.042	13	75	21.314	169	2500	9	4	7.404	3.783	176.695	0.609	1.957	0.511	0.786
323	77	44.948	16.653	12	82	45.213	1547	2511	19	7	17.500	5.602	2.377	0.473	3.124	0.320	0.766
324	160	55.138	24.338	2	102	61.355	1656	2524	23	14	21.157	9.629	14.721	0.534	2.197	0.455	0.751
325	50	17.340	8.780	3	37	34.870	2598	2524	11	10	9.225	6.901	131.582	0.517	1.337	0.748	0.680
326	27	33.370	18.257	9	72	26.728	267	2533	12	4	11.475	2.996	4.110	0.475	3.830	0.261	0.740
327	70	57.571	23.085	17	109	39.799	1500	2541	17	7	14.159	6.295	176.075	0.555	2.249	0.445	0.819
328	25	15.560	5.561	6	29	24.728	2463	2544	10	4	9.749	3.265	171.133	0.514	2.986	0.335	0.758
329	34	72.029	24.244	14	104	28.485	988	2558	13	3	13.021	3.325	179.886	0.527	3.917	0.255	0.932
330	19	19.526	6.923	11	30	17.899	482	2564	7	4	6.802	3.557	23.172	0.745	1.913	0.523	0.809
331	191	55.571	19.197	3	109	53.355	1754	2565	18	15	17.182	14.154	6.350	0.843	1.214	0.824	0.888
332	26	27.846	11.705	10	48	19.556	2986	2566	8	5	6.806	4.864	175.415	0.854	1.399	0.715	0.825
333	60	66.883	25.070	8	116	34.971	1122	2571	14	7	13.308	5.741	0.760	0.617	2.318	0.431	0.800
334	497	20.501	10.278	0	66	101.983	372	2600	35	22	31.766	19.921	176.887	0.600	1.595	0.627	0.834
335	16	16.750	7.066	2	29	14.485	2658	2602	6	3	6.385	3.190	170.783	0.958	2.001	0.500	0.941
336	19	22.579	9.985	6	39	17.899	3534	2603	5	6	6.055	3.996	64.828	0.745	1.515	0.660	0.776
337	44	25.295	8.917	5	44	26.385	3979	2606	8	9	10.217	5.483	53.963	0.794	1.863	0.537	0.807
338	29	32.000	12.366	9	60	20.971	1963	2612	8	6	7.457	4.952	18.453	0.829	1.506	0.664	0.763
339	106	14.047	7.777	1	41	49.698	644	2613	17	11	15.552	8.678	26.931	0.539	1.792	0.558	0.757
340	69	18.739	8.403	3	41	40.042	1646	2624	13	11	12.328	7.126	157.143	0.541	1.730	0.578	0.711
341	16	30.375	11.087	6	49	17.314	1744	2629	7	4	6.888	2.958	17.322	0.671	2.329	0.429	0.780
342	25	27.200	14.739	4	58	28.142	2187	2635	12	5	12.581	2.530	161.559	0.397	4.973	0.201	0.676
343	49	49.980	25.680	7	109	30.385	3024	2635	12	7	12.023	5.189	16.004	0.667	2.317	0.432	0.803
344	468	18.487	8.877	0	42	101.983	246	2637	36	20	32.830	18.151	179.408	0.565	1.809	0.553	0.837
345	52	29.135	12.209	5	60	42.042	1598	2668	15	8	13.912	4.759	156.794	0.370	2.923	0.342	0.638
346	583	17.540	8.370	1	47	124.953	3	2671	38	27	32.076	23.142	17.303	0.469	1.386	0.721	0.814
347	67	68.552	17.878	34	121	31.556	2468	2709	12	7	12.365	6.899	174.713	0.845	1.792	0.558	0.899
348	64	36.141	14.108	12	88	33.556	261	2715	13	7	12.591	6.472	176.204	0.714	1.946	0.514	0.842
349	80	38.913	19.951	9	85	39.456	1573	2715	13	9	11.696	8.709	178.307	0.646	1.343	0.745	0.800
350	116	33.448	13.806	1	64	56.770	2272	2719	20	11	18.110	8.156	18.467	0.452	2.220	0.450	0.723
351	44	72.955	21.672	33	118	26.728	1702	2725	11	5	11.352	4.935	7.216	0.774	2.300	0.435	0.907
352	35	36.229	16.322	8	68	31.799	1895	2726	13	5	11.085	4.020	179.491	0.435	2.757	0.363	0.673
353	83	27.831	13.161	2	61	52.284	1888	2735	19	9	18.566	5.692	13.869	0.382	3.262	0.307	0.678
354	17	15.529	9.355	1	29	22.728	429	2737	7	6	6.809	3.179	159.427	0.414	2.142	0.467	0.567
355	16	25.125	7.238	11	38	17.899	2932	2741	7	4	6.570	3.101	2.007	0.628	2.119	0.472	0.762
356	41	26.756	13.260	5	58	36.385	387	2760	15	4	13.791	3.785	177.881	0.389	3.643	0.274	0.766
357	47	12.511	7.788	1	32	36.627	1570	2787	13	9	9.096	6.579	8.199	0.440	1.383	0.723	0.635
358	272	21.489	12.102	1	62	86.326	395	2799	30	18	32.378	10.696	22.062	0.459	3.027	0.330	0.793
359	42	16.738	8.749	2	36	34.971	3395	2803	11	8	11.119	4.809	14.516	0.432	2.312	0.433	0.636
360	192	60.802	28.925	3	128	67.113	2232	2808	28	10	27.652	8.841	8.078	0.536	3.128	0.320	0.851
361	24	50.000	15.573	13	76	18.485	2287	2810	7	4	6.944	4.401	0.000	0.883	1.578	0.634	0.923
362	42	36.619	16.828	5	81	27.799	2612	2812	11	7	9.473	5.645	158.341	0.683	1.678	0.596	0.764
363	47	40.362	14.983	8	75	29.556	145	2824	13	5	12.458	4.803	0.192	0.676	2.594	0.386	0.879
364	51	28.235	11.724	11	56	28.385	3718	2827	10	8	9.271	7.004	13.193	0.795	1.324	0.755	0.816
365	861	45.890	19.127	0	100	130.125	1463	2828	44	32	42.677	25.687	25.202	0.639	1.661	0.602	0.858
366	17	28.647	9.434	10	45	19.071	2646	2832	9	2	9.667	2.239	1.227	0.587	4.318	0.232	0.971
367	47	35.702	13.359	5	63	35.213	3787	2832	12	8	10.027	5.968	6.978	0.476	1.680	0.595	0.667
368	148	38.311	16.463	3	81	77.012	1946	2854	31	11	32.124	5.866	166.481	0.314	5.476	0.183	0.688
369	138	27.080	13.882	2	66	59.113	1991	2869	19	12	18.081	9.718	22.822	0.496	1.861	0.537	0.782
370	17	22.529	11.668	4	41	16.728	2343	2878	5	6	6.577	3.291	47.629	0.763	1.998	0.500	0.773
371	18	36.111	18.233	8	78	18.728	2019	2883	8	4	7.259	3.157	0.567	0.645	2.299	0.435	0.750
372	22	35.409	17.606	3	60	21.556	2989	2895	8	5	7.066	3.964	174.127	0.595	1.783	0.561	0.688
373	207	38.536	21.133	1	92	61.598	2191	2898	24	14	22.825	11.547	21.959	0.686	1.977	0.506	0.863
374	74	19.000	8.286	1	40	37.799	2059	2905	11	10	10.934	8.617	22.207	0.651	1.269	0.788	0.791
375	128	51.094	20.027	4	90	55.113	1678	2906	18	14	17.549	9.287	147.314	0.530	1.890	0.529	0.769
376	22	23.500	7.392	9	38	23.314	487	2920	10	4	8.498	3.296	166.625	0.509	2.578	0.388	0.733
377	61	57.131	20.965	14	94	33.799	2687	2942	14	7	13.423	5.786	12.836	0.671	2.320	0.431	0.830
378	81	51.963	16.819	6	87	36.627	191	2959	13	10	12.940	7.970	11.726	0.759	1.624	0.616	0.827
379	18	34.444	15.240	4	60	16.485	430	2965	7	3	7.022	3.264	7.546	0.832	2.151	0.465	0.923
380	22	33.409	14.225	4	63	17.556	1741	2971	7	5	6.819	4.108	5.152	0.897	1.660	0.602	0.800
381	23	45.130	20.254	4	83	18.142	1422	2991	7	5	7.010	4.177	23.553	0.878	1.678	0.596	0.821
382	51	42.490	18.101	2	74	27.799	3702	2991	10	8	9.000	7.215	157.412	0.829	1.247	0.802	0.836
