 	Area	Mean	StdDev	Min	Max	Perim.	BX	BY	Width	Height	Major	Minor	Angle	Circ.	AR	Round	Solidity
1	50	79.720	20.357	41	115	31.556	239	1	13	6	11.859	5.368	178.035	0.631	2.209	0.453	0.840
2	189	27.233	10.845	4	55	58.527	3595	1	22	13	21.331	11.282	8.079	0.693	1.891	0.529	0.869
3	299	41.589	18.589	2	94	73.012	1819	2	29	14	28.065	13.565	4.659	0.705	2.069	0.483	0.902
4	102	26.284	10.885	6	48	47.113	291	9	16	11	14.049	9.244	169.784	0.577	1.520	0.658	0.758
5	74	13.149	6.802	0	28	74.426	811	10	23	9	17.683	5.328	2.326	0.168	3.319	0.301	0.468
6	153	46.569	16.786	3	82	58.527	2430	18	23	12	20.456	9.523	20.625	0.561	2.148	0.466	0.799
7	1362	67.878	37.759	0	175	173.338	3743	20	54	50	58.694	29.546	49.583	0.570	1.987	0.503	0.823
8	17	20.059	10.238	4	39	16.142	239	32	6	5	5.465	3.961	163.103	0.820	1.380	0.725	0.739
9	24	28.000	10.701	11	51	17.899	1104	47	6	5	6.770	4.514	34.743	0.941	1.500	0.667	0.906
10	30	48.267	12.953	26	84	22.728	2901	50	8	6	7.615	5.016	0.739	0.730	1.518	0.659	0.800
11	54	34.463	10.495	8	58	28.971	3227	54	10	8	9.161	7.505	166.615	0.809	1.221	0.819	0.831
12	32	35.844	14.074	9	63	22.728	2253	58	7	6	7.824	5.207	31.008	0.778	1.503	0.666	0.831
13	188	42.314	15.980	2	80	54.527	1608	71	17	16	17.896	13.375	130.473	0.795	1.338	0.747	0.876
14	91	37.341	14.257	11	73	36.627	2256	83	12	11	11.403	10.161	12.303	0.852	1.122	0.891	0.854
15	40	22.300	12.321	2	51	25.799	2905	94	9	8	8.122	6.270	177.603	0.755	1.295	0.772	0.784
16	88	52.102	14.908	17	87	40.284	3352	116	14	12	14.795	7.573	41.648	0.681	1.953	0.512	0.822
17	37	25.514	7.809	13	43	23.556	545	119	8	7	7.363	6.398	163.725	0.838	1.151	0.869	0.851
18	142	44.993	16.882	2	78	54.870	3343	138	22	10	22.079	8.189	179.545	0.593	2.696	0.371	0.811
19	41	44.220	15.457	7	69	26.142	3563	143	11	5	10.423	5.008	7.267	0.754	2.081	0.480	0.891
20	450	45.133	19.290	2	92	89.154	765	157	30	22	28.026	20.444	4.813	0.711	1.371	0.729	0.881
21	71	27.704	12.705	2	53	36.042	3242	161	12	9	10.776	8.389	8.098	0.687	1.284	0.779	0.793
22	17	16.529	10.327	3	33	17.899	899	175	8	3	8.190	2.643	12.996	0.667	3.099	0.323	0.850
23	41	31.585	11.111	11	52	29.213	745	190	11	7	9.640	5.415	173.801	0.604	1.780	0.562	0.707
24	304	52.010	23.851	0	111	87.497	719	194	34	18	32.435	11.933	12.297	0.499	2.718	0.368	0.807
25	32	20.875	8.893	4	36	23.556	707	208	9	6	8.781	4.640	15.789	0.725	1.892	0.528	0.780
26	24	23.750	9.892	5	42	20.728	3916	218	8	5	7.823	3.906	11.928	0.702	2.003	0.499	0.774
27	46	51.239	16.408	17	80	30.385	1993	224	12	7	9.878	5.929	2.597	0.626	1.666	0.600	0.780
28	62	37.935	15.867	6	71	30.971	802	240	11	8	10.874	7.260	3.772	0.812	1.498	0.668	0.844
29	28	24.000	8.697	7	40	22.142	3855	242	9	5	9.374	3.803	18.016	0.718	2.465	0.406	0.812
30	34	39.265	14.745	5	67	22.142	3625	251	7	7	6.890	6.283	41.282	0.871	1.097	0.912	0.850
31	85	83.647	18.742	33	120	34.627	1095	253	13	9	12.501	8.658	169.845	0.891	1.444	0.693	0.895
32	615	25.974	12.021	2	62	107.640	2962	255	38	25	35.039	22.348	5.584	0.667	1.568	0.638	0.863
33	47	31.085	13.197	4	63	25.799	3764	266	9	8	8.461	7.072	172.751	0.887	1.196	0.836	0.832
34	968	22.347	9.828	0	60	136.125	3904	281	37	41	43.400	28.399	49.805	0.656	1.528	0.654	0.887
35	59	27.508	10.400	8	50	28.385	937	300	10	8	9.964	7.539	179.379	0.920	1.322	0.757	0.874
36	21	31.000	14.429	12	63	17.899	1484	310	6	5	5.661	4.723	162.123	0.824	1.199	0.834	0.824
37	25	36.440	11.780	8	54	19.899	2692	310	5	7	6.275	5.073	93.406	0.793	1.237	0.809	0.833
38	66	51.121	17.910	17	96	40.627	222	318	14	8	13.609	6.175	3.426	0.502	2.204	0.454	0.717
39	219	40.580	19.993	3	99	78.912	2733	324	26	22	27.558	10.118	30.870	0.442	2.724	0.367	0.697
40	51	29.765	12.204	2	56	26.971	1191	341	9	8	9.330	6.960	19.565	0.881	1.340	0.746	0.857
41	17	35.471	11.822	9	54	16.142	295	371	6	5	5.472	3.955	151.379	0.820	1.383	0.723	0.723
42	114	24.088	10.835	4	53	63.012	3339	381	17	16	13.754	10.553	40.729	0.361	1.303	0.767	0.621
43	37	35.568	11.715	15	64	23.556	580	416	9	6	9.537	4.940	166.023	0.838	1.931	0.518	0.851
44	609	26.880	12.476	0	76	125.296	3963	420	36	27	37.485	20.686	15.924	0.487	1.812	0.552	0.809
45	26	43.500	12.388	25	69	19.899	2879	426	8	4	7.718	4.289	2.689	0.825	1.800	0.556	0.897
46	28	35.250	15.853	8	67	20.728	3772	441	8	5	7.357	4.846	170.433	0.819	1.518	0.659	0.824
47	138	54.841	24.176	4	118	50.870	1383	460	15	14	15.702	11.190	26.199	0.670	1.403	0.713	0.826
48	18	21.000	7.562	8	32	17.314	403	464	6	5	5.638	4.065	4.265	0.755	1.387	0.721	0.800
49	57	46.140	17.343	14	79	28.627	3770	466	11	8	9.847	7.370	0.550	0.874	1.336	0.748	0.844
50	19	28.000	11.020	14	55	16.728	2055	478	6	5	6.026	4.015	38.091	0.853	1.501	0.666	0.809
51	40	45.425	14.600	8	73	23.556	636	485	7	8	7.964	6.395	75.031	0.906	1.245	0.803	0.851
52	44	38.227	9.890	10	63	24.971	3858	490	8	8	8.171	6.856	159.709	0.887	1.192	0.839	0.854
53	23	41.000	10.518	19	62	19.899	506	493	6	5	6.691	4.377	16.043	0.730	1.529	0.654	0.821
54	17	31.588	15.871	3	55	16.728	848	512	7	4	5.798	3.733	172.678	0.763	1.553	0.644	0.773
55	58	50.724	20.674	7	94	32.971	3438	514	14	6	12.739	5.797	3.764	0.670	2.197	0.455	0.829
56	33	24.091	8.801	3	43	25.556	1176	517	10	5	9.108	4.613	10.715	0.635	1.974	0.507	0.767
57	891	21.746	10.248	0	63	143.196	2895	521	44	33	44.030	25.766	21.896	0.546	1.709	0.585	0.843
58	16	28.125	13.589	5	49	14.728	3477	526	6	4	5.980	3.407	155.157	0.927	1.755	0.570	0.821
59	21	15.476	6.408	4	27	23.556	2256	534	9	6	8.866	3.016	25.722	0.476	2.940	0.340	0.627
60	2624	52.923	30.469	0	159	308.635	1663	537	115	51	105.791	31.581	9.502	0.346	3.350	0.299	0.753
61	46	14.109	8.930	2	34	29.213	3567	540	11	7	9.511	6.158	178.258	0.677	1.544	0.647	0.754
62	49	29.143	11.264	1	51	26.971	3551	543	9	8	8.727	7.149	11.664	0.846	1.221	0.819	0.838
63	39	33.564	12.804	8	63	26.728	3750	550	12	4	12.134	4.092	0.758	0.686	2.965	0.337	0.918
64	16	34.438	12.323	7	57	15.899	3027	556	6	4	5.662	3.598	6.620	0.795	1.573	0.636	0.800
65	29	41.759	9.920	20	58	19.899	1514	560	7	5	7.059	5.231	168.963	0.920	1.350	0.741	0.921
66	44	67.591	20.012	8	100	26.142	1255	564	10	6	9.632	5.816	0.201	0.809	1.656	0.604	0.871
67	74	16.689	7.324	2	38	58.527	2790	566	20	8	16.787	5.613	4.328	0.271	2.991	0.334	0.563
68	104	32.183	13.227	2	59	58.184	3610	566	19	10	15.559	8.511	2.919	0.386	1.828	0.547	0.717
69	28	47.214	15.404	23	73	19.314	2247	572	6	6	6.551	5.442	7.403	0.943	1.204	0.831	0.875
70	77	51.247	15.775	6	88	33.213	1517	591	12	9	10.859	9.029	7.075	0.877	1.203	0.831	0.875
71	17	33.412	9.294	21	46	15.314	2055	604	6	4	5.642	3.836	7.059	0.911	1.471	0.680	0.829
72	16	40.125	16.824	11	64	17.314	3340	607	7	4	6.048	3.368	9.940	0.671	1.796	0.557	0.780
73	72	40.125	14.187	4	70	35.799	1620	614	13	9	11.278	8.128	26.178	0.706	1.388	0.721	0.818
74	21	27.619	11.872	7	47	24.142	3439	615	8	5	6.334	4.221	19.453	0.453	1.500	0.666	0.627
75	26	29.385	10.358	1	52	23.314	1040	624	10	4	8.639	3.832	0.575	0.601	2.254	0.444	0.800
76	118	27.288	11.278	1	52	41.213	1969	626	15	10	14.261	10.535	177.958	0.873	1.354	0.739	0.911
77	201	37.975	13.882	1	76	66.184	2731	630	17	22	25.442	10.059	119.717	0.577	2.529	0.395	0.807
78	38	28.316	11.160	8	52	24.728	704	633	8	7	8.136	5.947	23.653	0.781	1.368	0.731	0.835
79	45	21.889	11.945	3	54	38.385	1341	635	16	5	15.827	3.620	179.822	0.384	4.372	0.229	0.667
80	21	37.667	15.269	15	65	18.142	8	683	7	5	5.786	4.621	165.256	0.802	1.252	0.799	0.750
81	79	38.304	15.604	7	70	39.456	2216	692	16	8	15.737	6.392	8.704	0.638	2.462	0.406	0.819
82	83	58.133	22.046	7	100	38.627	2885	693	16	8	15.975	6.615	0.494	0.699	2.415	0.414	0.834
83	2471	32.236	16.529	1	96	289.706	1641	698	89	53	82.201	38.274	19.220	0.370	2.148	0.466	0.780
84	22	25.636	9.868	3	37	18.142	3524	706	7	5	6.648	4.213	22.523	0.840	1.578	0.634	0.786
85	24	35.292	12.481	4	63	17.556	361	714	7	5	6.682	4.573	5.957	0.978	1.461	0.684	0.842
86	241	51.635	18.517	4	92	68.669	2807	723	23	17	20.650	14.859	173.463	0.642	1.390	0.720	0.832
87	173	40.254	18.972	4	92	71.012	3569	728	20	17	18.305	12.034	146.315	0.431	1.521	0.657	0.689
88	37	37.838	12.054	11	63	24.728	3160	731	10	5	9.976	4.722	8.661	0.760	2.113	0.473	0.881
89	151	101.682	30.991	11	166	50.284	3239	744	20	11	19.019	10.109	171.802	0.750	1.881	0.532	0.883
90	4270	41.651	23.889	0	126	310.676	294	746	87	73	79.844	68.092	12.866	0.556	1.173	0.853	0.863
91	1432	42.335	23.934	0	120	207.380	1863	757	66	45	61.442	29.675	29.024	0.418	2.071	0.483	0.776
92	50	39.800	14.370	1	70	26.971	23	766	9	8	8.585	7.415	21.419	0.864	1.158	0.864	0.840
93	17	20.765	7.293	8	32	16.728	1410	801	6	5	5.700	3.798	157.500	0.763	1.501	0.666	0.739
94	19	16.526	6.899	4	31	16.728	2705	815	6	5	5.361	4.512	165.292	0.853	1.188	0.842	0.792
95	25	42.400	11.325	25	68	18.485	788	822	6	5	6.804	4.678	27.165	0.919	1.454	0.688	0.909
96	24	36.958	14.202	6	64	19.314	3329	824	8	4	7.993	3.823	13.092	0.809	2.091	0.478	0.889
97	19	26.684	14.240	7	58	15.899	334	828	4	6	5.773	4.191	71.262	0.944	1.378	0.726	0.884
98	313	54.796	23.437	2	108	92.326	2928	849	34	21	35.817	11.127	22.214	0.461	3.219	0.311	0.807
99	39	58.282	18.087	26	94	22.971	3412	852	9	6	8.050	6.168	1.468	0.929	1.305	0.766	0.857
100	43	63.512	14.434	37	97	26.385	539	875	11	6	10.235	5.349	9.401	0.776	1.913	0.523	0.835
101	67	54.896	14.910	19	94	33.213	1973	878	13	8	12.304	6.933	175.641	0.763	1.775	0.563	0.822
102	34	17.824	7.570	4	33	22.142	1073	888	7	7	7.423	5.832	42.296	0.871	1.273	0.786	0.861
103	76	13.987	6.496	2	34	52.284	2227	901	13	14	11.961	8.090	143.133	0.349	1.479	0.676	0.578
104	22	20.182	11.450	4	44	17.314	296	902	5	6	5.923	4.730	90.000	0.922	1.252	0.799	0.846
105	22	11.136	5.759	1	21	17.899	566	903	7	4	7.088	3.952	160.339	0.863	1.793	0.558	0.880
106	46	21.957	11.785	3	49	31.213	1148	919	8	11	10.690	5.479	71.645	0.593	1.951	0.513	0.748
107	46	34.652	11.547	5	57	26.728	1025	926	10	6	9.178	6.381	171.311	0.809	1.438	0.695	0.885
108	64	20.828	11.306	3	46	37.213	1615	932	13	9	11.791	6.911	157.340	0.581	1.706	0.586	0.757
109	33	30.818	13.487	10	62	24.971	115	943	10	6	9.610	4.372	169.862	0.665	2.198	0.455	0.742
110	24	23.083	11.594	4	39	26.971	433	956	11	4	11.002	2.777	12.661	0.415	3.961	0.252	0.649
111	343	33.589	15.645	0	77	74.669	1134	956	26	21	24.543	17.794	21.136	0.773	1.379	0.725	0.879
112	300	37.517	14.858	1	75	91.841	3949	964	38	16	34.274	11.145	165.636	0.447	3.075	0.325	0.784
113	79	74.089	25.684	21	124	37.799	2368	968	15	7	14.360	7.005	2.040	0.695	2.050	0.488	0.878
114	79	48.127	21.360	5	98	40.142	1	980	13	10	12.997	7.739	169.112	0.616	1.679	0.595	0.782
115	16	29.000	10.577	6	43	16.728	3551	986	7	4	6.184	3.294	4.695	0.719	1.877	0.533	0.727
116	806	58.284	24.914	4	156	121.054	1040	987	44	27	41.638	24.647	7.187	0.691	1.689	0.592	0.902
117	30	33.267	9.432	17	56	22.142	1820	995	8	6	7.728	4.943	12.603	0.769	1.564	0.640	0.800
118	38	41.105	12.574	17	71	24.385	2667	1008	8	8	7.814	6.192	18.758	0.803	1.262	0.792	0.784
119	94	21.543	11.232	2	58	45.113	815	1020	14	13	14.609	8.193	132.599	0.580	1.783	0.561	0.729
120	37	24.514	10.920	7	48	22.385	2551	1023	8	7	7.626	6.178	19.723	0.928	1.234	0.810	0.860
121	32	22.625	9.178	8	41	20.728	2536	1031	7	6	7.102	5.737	136.079	0.936	1.238	0.808	0.889
122	50	29.000	11.733	2	54	25.799	1388	1037	8	9	9.835	6.473	52.987	0.944	1.520	0.658	0.870
123	629	44.695	19.049	0	96	121.196	786	1041	43	24	37.981	21.086	12.262	0.538	1.801	0.555	0.851
124	424	18.005	9.020	1	55	93.154	2411	1055	24	28	24.864	21.713	87.877	0.614	1.145	0.873	0.825
125	21	31.429	10.689	8	49	17.314	699	1063	6	5	6.069	4.405	5.889	0.880	1.378	0.726	0.824
126	170	23.094	14.248	2	65	71.012	2559	1072	27	11	25.399	8.522	176.057	0.424	2.980	0.336	0.739
127	19	24.158	10.286	12	51	17.071	480	1105	7	3	7.562	3.199	174.596	0.819	2.364	0.423	0.950
128	24	47.958	13.528	23	80	17.657	609	1108	6	4	6.770	4.514	0.000	0.967	1.500	0.667	1.000
129	97	33.175	14.413	4	67	51.698	228	1123	20	8	20.351	6.069	1.521	0.456	3.353	0.298	0.735
130	38	61.105	15.115	26	85	22.971	3603	1130	9	6	8.225	5.882	10.051	0.905	1.398	0.715	0.854
131	44	33.591	13.363	4	60	26.971	594	1151	11	6	10.988	5.099	11.706	0.760	2.155	0.464	0.830
132	667	34.300	18.800	2	97	105.983	1152	1170	37	24	36.362	23.356	0.163	0.746	1.557	0.642	0.908
133	21	35.190	14.155	15	61	16.728	3334	1175	6	5	6.084	4.395	28.619	0.943	1.384	0.722	0.840
134	111	13.216	7.074	0	34	49.113	1342	1188	15	14	12.635	11.185	178.916	0.578	1.130	0.885	0.768
135	141	61.652	17.693	11	101	47.456	3785	1191	16	13	16.249	11.049	178.998	0.787	1.471	0.680	0.870
136	38	22.816	8.411	5	41	26.971	87	1192	9	6	8.960	5.400	14.710	0.656	1.659	0.603	0.792
137	20	12.300	6.208	2	27	16.728	2735	1215	6	5	5.939	4.288	172.534	0.898	1.385	0.722	0.800
138	52	69.173	21.324	20	104	28.971	1481	1245	11	7	10.066	6.577	176.708	0.779	1.530	0.653	0.852
139	1360	23.726	11.256	0	68	187.966	3138	1248	39	50	50.639	34.195	84.101	0.484	1.481	0.675	0.825
140	38	60.816	16.929	14	94	23.314	2570	1252	8	6	8.199	5.901	176.700	0.879	1.389	0.720	0.884
141	43	24.930	12.164	2	47	29.213	3969	1252	11	8	9.293	5.892	163.247	0.633	1.577	0.634	0.723
142	52	30.250	12.669	7	56	30.042	239	1260	10	10	9.356	7.077	41.141	0.724	1.322	0.756	0.776
143	110	53.018	19.397	8	92	47.113	1533	1275	19	10	16.967	8.255	10.782	0.623	2.055	0.487	0.821
144	11281	28.339	16.584	0	102	541.026	662	1281	159	116	157.311	91.306	24.791	0.484	1.723	0.580	0.883
145	18	36.167	12.435	15	60	16.728	438	1283	6	5	6.157	3.722	17.799	0.808	1.654	0.605	0.766
146	178	51.022	20.893	4	95	60.527	1333	1286	24	12	22.698	9.985	3.457	0.611	2.273	0.440	0.840
147	75	22.040	11.070	1	48	35.456	2141	1286	10	12	11.822	8.078	119.491	0.750	1.464	0.683	0.815
148	50	64.060	12.165	36	86	27.556	2604	1292	10	7	9.978	6.380	177.853	0.827	1.564	0.639	0.847
149	22	18.545	9.200	2	33	17.899	2568	1293	7	4	6.598	4.245	177.530	0.863	1.554	0.643	0.880
150	18	40.111	17.690	10	66	18.485	1182	1310	8	3	8.556	2.679	176.365	0.662	3.194	0.313	0.857
151	164	58.604	18.859	1	111	50.527	3334	1352	17	15	15.252	13.691	166.230	0.807	1.114	0.898	0.884
152	17	32.706	11.179	13	59	15.314	3423	1357	6	4	5.305	4.080	158.199	0.911	1.300	0.769	0.829
153	74	34.608	19.350	3	69	44.870	945	1375	17	10	18.340	5.137	20.705	0.462	3.570	0.280	0.682
154	193	49.181	19.303	3	109	67.012	2538	1387	19	19	17.983	13.665	139.820	0.540	1.316	0.760	0.766
155	190	26.979	11.241	4	60	54.870	209	1409	16	16	16.099	15.027	14.714	0.793	1.071	0.933	0.878
156	122	16.762	8.115	1	37	55.355	2109	1410	15	14	13.033	11.918	150.583	0.500	1.094	0.914	0.762
157	177	39.028	18.650	3	78	50.870	2184	1414	17	14	17.228	13.081	25.309	0.860	1.317	0.759	0.905
158	18	46.000	12.324	27	68	17.899	942	1418	7	4	6.242	3.672	14.389	0.706	1.700	0.588	0.800
159	42	56.452	14.213	18	82	24.385	3411	1430	9	7	8.597	6.220	20.055	0.888	1.382	0.724	0.840
160	190	25.579	9.155	5	53	66.184	3850	1433	19	20	20.482	11.811	51.205	0.545	1.734	0.577	0.788
161	56	46.589	16.491	10	78	32.627	162	1444	13	8	12.057	5.914	163.158	0.661	2.039	0.490	0.783
162	24	17.375	5.452	4	26	24.728	451	1446	9	6	8.623	3.544	21.895	0.493	2.433	0.411	0.667
163	98	40.714	16.135	2	71	40.870	1981	1449	16	10	14.734	8.468	3.969	0.737	1.740	0.575	0.845
164	103	58.476	15.588	12	88	38.627	1934	1452	13	11	12.306	10.657	3.440	0.867	1.155	0.866	0.884
165	21	17.333	8.071	2	34	19.899	2857	1468	8	4	6.964	3.839	155.648	0.666	1.814	0.551	0.808
166	37	28.081	10.673	9	47	24.627	3379	1473	8	9	7.640	6.166	59.913	0.767	1.239	0.807	0.755
167	28	29.321	11.854	8	59	19.899	241	1475	8	4	8.439	4.225	9.941	0.889	1.998	0.501	0.949
168	69	25.899	10.758	2	46	35.213	322	1481	12	9	11.594	7.577	156.637	0.699	1.530	0.654	0.789
169	37	45.162	13.341	20	71	24.485	1797	1490	10	4	10.529	4.474	0.636	0.776	2.353	0.425	0.961
170	148	58.291	18.580	4	106	48.042	2158	1523	18	11	17.884	10.537	0.634	0.806	1.697	0.589	0.889
171	16	28.062	7.206	17	38	14.485	923	1528	5	4	5.186	3.928	37.982	0.958	1.320	0.757	0.889
172	66	66.106	14.886	18	99	29.799	1343	1528	11	8	10.619	7.914	179.258	0.934	1.342	0.745	0.898
173	18	10.222	4.941	2	20	26.971	3515	1533	8	6	7.216	3.176	14.467	0.311	2.272	0.440	0.507
174	31	31.903	11.646	8	61	20.971	2224	1550	7	7	7.122	5.542	139.584	0.886	1.285	0.778	0.816
175	149	78.396	30.842	6	135	50.042	3602	1568	20	10	20.229	9.378	13.328	0.748	2.157	0.464	0.900
176	83	27.277	10.184	4	49	38.042	537	1569	14	9	12.771	8.275	8.901	0.721	1.543	0.648	0.818
177	38	13.000	7.822	1	28	28.971	3502	1571	8	10	8.169	5.923	53.286	0.569	1.379	0.725	0.673
178	103	14.155	7.617	2	34	59.598	2006	1572	12	16	13.286	9.871	63.016	0.364	1.346	0.743	0.675
179	54	28.111	8.793	5	45	29.213	1042	1578	9	10	8.835	7.782	18.364	0.795	1.135	0.881	0.818
180	496	41.190	20.096	4	116	113.196	1480	1582	39	24	33.981	18.585	5.982	0.486	1.828	0.547	0.749
181	154	59.857	22.684	8	109	53.355	103	1600	19	15	18.187	10.781	27.611	0.680	1.687	0.593	0.835
182	29	30.034	10.959	10	50	22.971	2686	1609	8	7	7.265	5.083	142.812	0.691	1.429	0.700	0.725
183	675	40.163	20.391	0	97	138.610	2859	1615	47	26	39.615	21.695	14.263	0.441	1.826	0.548	0.736
184	21	32.952	13.581	9	62	16.728	230	1629	7	4	7.094	3.769	171.213	0.943	1.882	0.531	0.857
185	96	16.542	9.238	1	44	41.698	2489	1629	13	13	12.254	9.975	122.318	0.694	1.228	0.814	0.784
186	91	23.703	11.419	2	49	47.113	2370	1636	18	11	19.769	5.861	26.100	0.515	3.373	0.296	0.768
187	33	45.091	11.506	23	64	24.728	2586	1644	8	6	7.975	5.269	176.897	0.678	1.514	0.661	0.795
188	394	66.987	33.694	5	141	96.083	2002	1649	38	17	33.277	15.075	177.296	0.536	2.207	0.453	0.823
189	16	23.562	11.656	5	44	17.314	524	1654	7	4	5.737	3.551	18.931	0.671	1.616	0.619	0.744
190	91	29.286	16.585	3	64	55.355	2682	1654	20	13	19.781	5.857	152.503	0.373	3.377	0.296	0.621
191	70	22.229	10.461	2	51	39.213	1232	1655	17	7	14.001	6.366	8.049	0.572	2.199	0.455	0.809
192	25	32.600	12.878	4	50	20.971	2611	1659	8	6	6.846	4.650	27.462	0.714	1.472	0.679	0.735
193	41	16.122	8.355	4	38	26.142	2144	1662	9	7	8.287	6.299	174.083	0.754	1.316	0.760	0.804
194	32	47.000	16.096	24	78	21.556	2537	1669	8	6	7.866	5.180	15.046	0.865	1.519	0.658	0.821
195	42	22.262	8.851	4	44	29.213	2007	1671	10	9	9.340	5.725	54.437	0.618	1.631	0.613	0.712
196	975	48.922	24.568	1	125	159.439	1551	1679	56	26	55.648	22.308	174.659	0.482	2.494	0.401	0.839
197	58	24.103	11.472	1	53	34.042	2788	1687	8	13	11.441	6.455	76.249	0.629	1.772	0.564	0.763
198	38	15.632	9.613	1	38	26.728	2927	1711	5	11	10.634	4.550	92.183	0.668	2.337	0.428	0.835
199	22	32.864	12.510	10	54	17.314	2276	1712	6	5	6.199	4.519	7.907	0.922	1.372	0.729	0.880
200	26	29.038	8.920	10	43	20.142	570	1719	8	5	7.557	4.380	5.571	0.805	1.725	0.580	0.800
201	28	21.929	8.467	5	41	21.899	833	1720	9	4	9.429	3.781	2.241	0.734	2.494	0.401	0.889
202	38	19.684	10.190	2	39	40.042	2909	1720	16	6	14.159	3.417	171.014	0.298	4.143	0.241	0.531
203	111	43.658	17.045	2	88	47.113	1388	1721	18	11	17.762	7.957	17.739	0.628	2.232	0.448	0.799
204	49	21.265	11.096	3	48	34.042	2317	1722	8	11	9.277	6.725	88.551	0.531	1.379	0.725	0.705
205	118	47.653	18.199	8	95	44.627	3651	1725	17	10	16.967	8.855	12.961	0.745	1.916	0.522	0.868
206	148	33.507	11.760	5	61	49.113	1239	1740	18	12	17.628	10.690	7.875	0.771	1.649	0.606	0.855
207	82	20.902	11.643	1	50	47.698	3246	1744	13	14	10.985	9.505	40.013	0.453	1.156	0.865	0.667
208	19	27.842	10.642	9	47	15.899	2057	1745	6	4	5.904	4.097	6.193	0.944	1.441	0.694	0.884
209	1800	19.535	9.870	0	52	241.179	920	1764	72	44	66.848	34.284	2.025	0.389	1.950	0.513	0.735
210	743	17.412	8.402	1	39	140.024	21	1770	34	33	33.079	28.599	150.874	0.476	1.157	0.865	0.820
211	376	32.750	15.010	2	71	92.669	2400	1788	36	16	33.645	14.229	1.676	0.550	2.365	0.423	0.836
212	122	81.402	39.891	6	162	53.698	2999	1790	21	11	20.418	7.608	16.363	0.532	2.684	0.373	0.780
213	59	23.475	11.976	2	50	37.456	3163	1790	12	9	10.564	7.111	17.949	0.528	1.486	0.673	0.702
214	58	32.810	14.753	4	59	32.042	1766	1801	13	8	11.600	6.366	10.860	0.710	1.822	0.549	0.800
215	52	18.558	8.631	1	37	28.971	924	1806	10	8	10.110	6.549	134.525	0.779	1.544	0.648	0.832
216	2781	47.116	28.342	0	147	314.090	2367	1836	90	70	65.037	54.444	11.878	0.354	1.195	0.837	0.718
217	300	46.743	17.167	4	89	84.083	496	1852	29	20	31.420	12.157	149.581	0.533	2.585	0.387	0.821
218	28	29.893	10.177	10	49	19.899	2033	1954	7	5	7.683	4.640	7.759	0.889	1.656	0.604	0.903
219	189	27.619	15.489	1	65	66.184	384	1956	20	17	18.285	13.161	142.560	0.542	1.389	0.720	0.786
220	306	48.490	17.943	1	96	67.012	2933	1968	23	18	22.063	17.659	5.825	0.856	1.249	0.800	0.909
221	47	56.681	21.735	2	87	26.971	3002	1973	10	7	9.769	6.126	158.409	0.812	1.595	0.627	0.839
222	238	28.920	11.705	1	58	70.426	1791	1980	17	23	21.434	14.138	82.012	0.603	1.516	0.660	0.791
223	57	58.228	16.306	23	90	29.799	2240	1987	10	9	9.301	7.803	28.610	0.807	1.192	0.839	0.826
224	20	18.450	7.543	4	31	18.971	2832	1987	7	6	7.639	3.334	41.175	0.698	2.291	0.436	0.727
225	39	57.769	15.411	19	89	23.556	725	1995	9	6	8.947	5.550	5.490	0.883	1.612	0.620	0.857
226	20	31.600	13.624	10	52	18.728	2044	2000	8	4	7.592	3.354	6.406	0.717	2.263	0.442	0.784
227	129	29.605	14.011	2	68	48.870	3831	2011	16	14	17.135	9.586	46.585	0.679	1.788	0.559	0.835
228	22	17.409	7.944	5	34	24.385	435	2014	8	6	6.742	4.155	157.396	0.465	1.623	0.616	0.611
229	21	15.429	7.808	3	26	26.971	2439	2016	9	6	6.676	4.005	22.582	0.363	1.667	0.600	0.538
230	41	27.146	14.849	4	62	31.213	1045	2022	12	7	12.417	4.204	18.337	0.529	2.954	0.339	0.695
231	117	86.974	24.273	4	142	41.456	1235	2024	14	11	13.935	10.691	178.756	0.856	1.303	0.767	0.897
232	119	48.303	15.438	9	82	50.284	2084	2030	19	10	18.375	8.246	176.643	0.591	2.228	0.449	0.785
233	524	36.111	13.622	1	74	105.640	701	2037	27	31	28.917	23.072	106.247	0.590	1.253	0.798	0.840
234	22	16.182	7.998	5	31	18.142	3341	2042	7	5	6.443	4.347	156.264	0.840	1.482	0.675	0.800
235	37	17.378	8.998	3	38	24.971	1292	2049	10	6	9.531	4.943	2.547	0.746	1.928	0.519	0.779
236	34	36.118	14.738	10	63	24.728	1054	2075	8	7	7.507	5.767	25.697	0.699	1.302	0.768	0.829
237	34	50.500	13.857	17	80	25.556	1507	2099	11	5	9.843	4.398	177.402	0.654	2.238	0.447	0.800
238	26	27.769	10.332	9	50	21.556	30	2119	7	7	8.365	3.957	136.883	0.703	2.114	0.473	0.765
239	22	28.455	10.331	14	44	18.485	503	2121	7	4	6.901	4.059	167.859	0.809	1.700	0.588	0.898
240	19	26.316	10.285	10	53	20.142	3164	2129	8	5	7.337	3.297	171.883	0.589	2.225	0.449	0.667
241	20	30.100	12.418	13	56	20.142	3516	2133	7	5	6.617	3.848	178.425	0.619	1.720	0.582	0.702
242	144	19.285	9.208	1	56	60.184	2054	2135	16	15	13.888	13.202	144.224	0.500	1.052	0.951	0.783
243	58	55.966	17.778	14	85	34.042	193	2152	14	7	12.500	5.908	174.329	0.629	2.116	0.473	0.784
244	43	28.093	13.012	2	51	25.556	11	2155	8	8	7.963	6.876	116.965	0.827	1.158	0.863	0.843
245	71	61.296	19.065	17	100	33.799	1591	2158	13	8	12.842	7.039	14.451	0.781	1.824	0.548	0.866
246	259	51.398	23.608	5	106	68.426	519	2164	26	15	25.426	12.970	8.584	0.695	1.960	0.510	0.860
247	17	17.353	9.519	5	33	16.728	2235	2191	6	5	6.273	3.451	139.308	0.763	1.818	0.550	0.739
248	17	20.118	9.075	4	35	17.899	2303	2204	7	4	7.196	3.008	170.148	0.667	2.393	0.418	0.756
249	25	17.440	7.212	4	29	18.142	2676	2208	7	5	6.695	4.754	179.446	0.954	1.408	0.710	0.847
250	179	66.313	22.621	13	113	56.284	3730	2236	21	12	20.797	10.959	179.073	0.710	1.898	0.527	0.867
251	56	59.696	21.044	15	98	33.213	1994	2240	13	7	11.947	5.968	175.953	0.638	2.002	0.500	0.783
252	207	22.676	9.772	1	48	69.497	2471	2256	23	17	20.461	12.881	24.023	0.539	1.589	0.630	0.807
253	33	32.182	13.683	0	62	20.485	2584	2270	6	6	6.663	6.306	27.719	0.988	1.057	0.946	0.957
254	24	25.583	7.994	9	40	18.142	1599	2288	6	6	5.853	5.221	153.810	0.916	1.121	0.892	0.814
255	104	31.144	14.709	2	60	46.870	3674	2290	18	11	18.163	7.291	26.676	0.595	2.491	0.401	0.788
256	99	62.162	20.316	9	112	40.284	1728	2295	16	10	15.434	8.167	21.099	0.767	1.890	0.529	0.857
257	2643	46.867	27.122	0	141	286.392	660	2300	83	59	83.588	40.259	158.160	0.405	2.076	0.482	0.768
258	20	27.250	11.553	5	45	16.728	3224	2302	6	5	5.822	4.374	26.621	0.898	1.331	0.751	0.800
259	18	23.444	8.140	5	37	17.314	2874	2314	7	4	6.764	3.388	20.607	0.755	1.996	0.501	0.818
260	107	33.607	14.271	2	62	50.284	91	2327	20	9	19.265	7.072	169.199	0.532	2.724	0.367	0.770
261	16	26.750	8.955	9	46	15.314	2982	2329	6	4	6.389	3.189	168.421	0.857	2.004	0.499	0.800
262	61	42.934	14.174	10	70	30.385	937	2332	12	7	12.022	6.461	161.459	0.830	1.861	0.537	0.891
263	170	36.359	17.065	3	74	77.012	2870	2342	28	12	24.494	8.837	3.539	0.360	2.772	0.361	0.675
264	758	26.912	11.950	2	62	116.610	1835	2357	35	35	38.591	25.009	135.505	0.700	1.543	0.648	0.878
265	82	21.207	10.898	1	48	43.213	1883	2357	18	8	16.190	6.449	13.323	0.552	2.510	0.398	0.804
266	59	35.102	12.185	9	60	29.799	3241	2364	11	8	10.146	7.404	163.120	0.835	1.370	0.730	0.837
267	60	40.467	11.870	14	63	28.971	354	2366	10	8	10.032	7.615	172.170	0.898	1.317	0.759	0.876
268	37	14.297	6.527	3	25	26.385	3162	2367	7	9	8.429	5.589	116.283	0.668	1.508	0.663	0.733
269	33	29.606	8.272	13	50	23.314	352	2384	9	5	9.211	4.562	7.254	0.763	2.019	0.495	0.857
270	115	36.026	15.864	4	77	48.527	655	2384	18	10	17.437	8.397	7.396	0.614	2.077	0.482	0.807
271	170	67.476	25.103	3	132	50.870	75	2385	19	12	18.637	11.614	2.738	0.826	1.605	0.623	0.909
272	21	25.286	12.646	6	47	21.556	275	2391	9	4	8.332	3.209	171.455	0.568	2.596	0.385	0.712
273	47	41.979	14.030	9	68	26.042	2609	2396	10	8	9.566	6.256	25.533	0.871	1.529	0.654	0.825
274	113	36.858	13.782	7	69	41.799	142	2398	11	14	13.866	10.376	82.431	0.813	1.336	0.748	0.883
275	20	41.200	15.972	3	66	18.971	3385	2412	7	6	5.728	4.446	4.173	0.698	1.288	0.776	0.678
276	27	23.667	7.631	4	41	20.142	3786	2422	7	6	7.071	4.861	32.888	0.836	1.455	0.687	0.794
277	1169	33.692	17.375	0	92	153.196	359	2423	35	48	45.164	32.956	70.416	0.626	1.370	0.730	0.886
278	173	33.121	13.079	8	75	63.456	1	2437	11	23	20.543	10.723	82.991	0.540	1.916	0.522	0.872
279	65	15.231	6.126	3	29	36.971	3428	2451	14	7	14.526	5.697	8.054	0.598	2.550	0.392	0.828
280	301	29.934	13.660	0	70	100.468	1931	2460	33	22	25.840	14.832	178.031	0.375	1.742	0.574	0.634
281	117	27.547	10.020	5	60	46.284	2024	2463	12	16	14.890	10.005	70.204	0.686	1.488	0.672	0.804
282	34	40.176	15.567	14	72	24.142	3768	2474	10	5	10.122	4.277	2.199	0.733	2.367	0.423	0.819
283	37	50.108	13.503	18	77	23.556	3568	2479	8	7	8.191	5.751	44.675	0.838	1.424	0.702	0.831
284	158	48.639	18.265	1	97	57.113	1961	2500	21	12	20.108	10.004	3.400	0.609	2.010	0.498	0.821
285	184	38.272	16.409	2	80	58.184	2140	2539	21	15	19.187	12.210	161.886	0.683	1.571	0.636	0.825
286	17	25.294	9.123	14	46	16.728	86	2545	7	4	5.845	3.703	178.075	0.763	1.578	0.634	0.791
287	82	36.768	12.165	8	67	38.284	2497	2548	14	10	12.545	8.323	16.849	0.703	1.507	0.663	0.792
288	104	48.769	12.264	21	85	38.870	1398	2561	14	11	13.077	10.126	175.600	0.865	1.291	0.774	0.870
289	54	38.407	16.668	2	72	29.556	2710	2570	12	6	11.440	6.010	7.565	0.777	1.903	0.525	0.878
290	59	32.746	15.741	5	63	34.042	1730	2594	9	13	12.439	6.039	56.070	0.640	2.060	0.486	0.776
291	250	17.976	9.595	1	52	72.426	3945	2599	25	15	24.065	13.227	2.282	0.599	1.819	0.550	0.826
292	195	32.574	16.031	3	80	64.184	370	2603	23	16	21.937	11.318	32.580	0.595	1.938	0.516	0.786
293	16	33.500	12.511	10	53	14.728	78	2610	6	4	5.167	3.943	0.000	0.927	1.310	0.763	0.800
294	17	34.824	11.561	2	54	15.071	989	2636	6	3	6.541	3.309	175.692	0.941	1.977	0.506	0.971
295	26	52.077	14.308	22	77	19.556	3381	2640	7	6	6.229	5.314	29.302	0.854	1.172	0.853	0.812
296	19	15.474	5.521	4	22	20.728	3550	2655	7	5	7.376	3.280	18.956	0.556	2.249	0.445	0.667
297	636	24.308	10.517	1	55	109.882	2649	2660	33	29	31.884	25.398	30.696	0.662	1.255	0.797	0.871
298	66	36.455	18.101	4	69	43.456	437	2668	17	8	17.200	4.886	16.513	0.439	3.521	0.284	0.742
299	533	20.477	10.117	1	54	98.326	1209	2685	35	24	31.320	21.667	9.060	0.693	1.446	0.692	0.871
300	194	22.907	10.816	2	52	55.941	3574	2703	17	17	18.473	13.371	134.471	0.779	1.382	0.724	0.870
301	45	45.333	16.801	4	86	24.728	3689	2722	9	6	9.144	6.266	162.745	0.925	1.459	0.685	0.928
302	33	31.727	11.925	8	61	22.385	1139	2723	8	7	7.017	5.988	16.014	0.828	1.172	0.853	0.767
303	416	29.974	15.687	1	85	88.326	3605	2723	28	23	25.938	20.420	175.214	0.670	1.270	0.787	0.853
304	26	26.500	14.331	8	58	20.142	1538	2735	8	5	7.959	4.159	175.657	0.805	1.914	0.523	0.825
305	25	20.040	8.706	5	38	24.142	296	2748	10	4	10.194	3.123	175.254	0.539	3.265	0.306	0.735
306	25	37.480	13.223	11	68	19.556	41	2749	7	6	6.320	5.036	28.201	0.821	1.255	0.797	0.758
307	198	23.995	12.927	2	64	58.284	1929	2761	18	16	17.365	14.518	155.277	0.732	1.196	0.836	0.863
308	23	20.913	10.180	2	39	18.142	173	2773	5	7	6.750	4.339	68.979	0.878	1.556	0.643	0.821
309	161	15.286	9.052	2	43	74.426	1299	2811	23	15	22.734	9.017	25.061	0.365	2.521	0.397	0.705
310	28	40.286	15.977	10	78	24.385	2655	2811	10	5	8.939	3.988	173.359	0.592	2.241	0.446	0.709
311	387	42.181	20.556	2	98	90.326	3917	2811	29	20	27.479	17.931	14.174	0.596	1.532	0.653	0.856
312	125	52.024	20.699	7	90	48.870	2864	2818	18	11	16.723	9.517	176.760	0.658	1.757	0.569	0.828
313	121	38.934	19.769	3	98	42.284	2889	2828	16	11	14.550	10.589	169.607	0.850	1.374	0.728	0.867
314	49	66.918	13.612	28	93	25.314	710	2834	9	6	9.714	6.423	3.264	0.961	1.512	0.661	0.951
315	16	9.562	6.713	2	22	22.142	3002	2842	9	5	9.004	2.263	26.318	0.410	3.980	0.251	0.593
316	122	41.541	17.286	5	91	51.113	2952	2853	20	10	18.576	8.362	11.454	0.587	2.221	0.450	0.797
317	65	46.631	14.811	4	78	31.213	3784	2853	10	10	10.208	8.107	27.586	0.838	1.259	0.794	0.823
318	105	20.438	10.694	1	48	48.527	128	2861	14	14	14.484	9.230	117.298	0.560	1.569	0.637	0.714
319	124	41.790	16.823	2	80	49.113	81	2862	18	13	18.044	8.750	152.231	0.646	2.062	0.485	0.818
320	67	22.776	10.060	2	63	36.627	3126	2862	10	11	9.834	8.675	84.051	0.628	1.134	0.882	0.753
321	24	17.667	7.522	5	34	18.728	549	2869	7	5	6.692	4.566	8.447	0.860	1.466	0.682	0.842
322	250	62.028	20.680	4	106	61.355	286	2875	20	17	19.119	16.649	10.238	0.835	1.148	0.871	0.896
323	34	40.235	10.154	17	57	21.314	2335	2880	8	5	8.134	5.322	178.836	0.941	1.528	0.654	0.919
324	385	30.535	11.673	2	61	94.569	730	2888	29	20	26.652	18.392	179.643	0.541	1.449	0.690	0.814
325	29	30.552	10.027	5	49	20.728	614	2904	8	5	7.672	4.813	168.997	0.848	1.594	0.627	0.841
326	113	74.204	20.873	18	113	43.698	188	2917	17	11	15.933	9.030	2.561	0.744	1.764	0.567	0.843
327	48	61.479	14.192	25	93	26.142	2998	2919	9	7	9.322	6.556	167.821	0.883	1.422	0.703	0.889
328	190	61.800	24.567	8	125	62.184	3941	2922	23	15	23.243	10.408	25.974	0.617	2.233	0.448	0.837
329	134	45.157	16.348	5	77	46.284	2167	2931	16	13	15.535	10.982	157.779	0.786	1.415	0.707	0.859
330	42	22.738	9.665	2	44	32.627	1093	2943	13	7	12.606	4.242	16.556	0.496	2.972	0.336	0.689
331	108	55.250	16.922	14	95	39.456	2572	2948	15	10	14.824	9.276	3.329	0.872	1.598	0.626	0.893
332	30	33.700	11.612	6	55	20.142	1866	2961	6	7	6.968	5.482	54.242	0.929	1.271	0.787	0.870
333	19	24.526	14.826	1	53	19.556	47	2978	7	6	7.751	3.121	37.453	0.624	2.484	0.403	0.704
334	25	17.280	9.235	0	40	20.142	3838	2985	8	5	7.224	4.407	2.134	0.774	1.639	0.610	0.833
