 	Area	Mean	StdDev	Min	Max	Perim.	BX	BY	Width	Height	Major	Minor	Angle	Circ.	AR	Round	Solidity
1	41	16.220	6.821	3	29	31.799	217	8	13	6	12.175	4.288	13.976	0.510	2.840	0.352	0.713
2	18	31.222	13.273	5	55	17.556	3518	10	6	6	5.756	3.982	36.530	0.734	1.445	0.692	0.720
3	106	50.981	19.664	7	93	44.284	886	13	17	11	18.021	7.489	26.996	0.679	2.406	0.416	0.851
4	22	21.773	10.989	4	43	19.899	3952	30	8	4	7.929	3.533	18.357	0.698	2.244	0.446	0.846
5	61	42.557	16.056	7	79	35.556	191	33	14	7	13.437	5.780	13.830	0.606	2.325	0.430	0.813
6	857	47.855	21.573	0	113	146.853	1022	41	45	42	51.596	21.148	48.747	0.499	2.440	0.410	0.794
7	51	34.765	14.958	8	69	30.142	3815	49	12	6	12.114	5.360	1.506	0.705	2.260	0.442	0.836
8	63	21.143	10.848	1	47	41.456	842	52	12	10	9.789	8.194	0.860	0.461	1.195	0.837	0.696
9	2105	42.006	21.417	0	122	216.936	598	60	73	44	68.178	39.311	13.298	0.562	1.734	0.577	0.889
10	57	43.105	11.715	21	67	32.385	3031	64	12	7	12.298	5.901	18.255	0.683	2.084	0.480	0.838
11	20	29.550	12.709	7	60	18.728	3725	88	7	5	6.904	3.688	28.835	0.717	1.872	0.534	0.769
12	452	31.626	12.080	2	69	87.255	3696	97	24	25	26.212	21.955	49.654	0.746	1.194	0.838	0.897
13	211	58.834	25.733	2	143	63.941	1897	98	27	11	25.536	10.521	4.922	0.649	2.427	0.412	0.887
14	96	126.656	36.155	8	189	38.870	3549	102	15	10	14.291	8.553	15.373	0.798	1.671	0.599	0.850
15	147	54.020	20.889	4	101	50.042	2089	110	20	10	19.484	9.606	13.656	0.738	2.028	0.493	0.894
16	84	60.952	17.899	13	99	38.042	2706	124	14	9	13.711	7.800	176.877	0.729	1.758	0.569	0.836
17	546	33.093	12.812	3	67	104.225	1922	129	29	29	28.893	24.061	143.699	0.632	1.201	0.833	0.841
18	108	49.870	14.385	19	88	42.284	2935	135	14	13	12.739	10.795	19.598	0.759	1.180	0.847	0.840
19	856	35.220	15.208	0	86	128.368	2763	160	38	33	37.739	28.880	18.778	0.653	1.307	0.765	0.880
20	50	15.560	8.289	1	35	32.385	1490	163	12	8	12.475	5.103	33.369	0.599	2.444	0.409	0.746
21	3392	60.907	39.614	0	188	335.806	3518	180	120	55	112.657	38.336	174.342	0.378	2.939	0.340	0.780
22	233	53.991	20.190	3	114	65.012	3455	184	23	17	21.788	13.616	16.280	0.693	1.600	0.625	0.835
23	43	18.442	9.387	4	40	29.799	3117	185	8	10	9.734	5.625	45.098	0.609	1.731	0.578	0.729
24	40	41.500	15.819	14	65	34.385	3640	209	11	8	10.368	4.912	157.574	0.425	2.111	0.474	0.635
25	24	29.333	16.573	0	63	20.728	1262	226	8	5	7.623	4.009	170.491	0.702	1.902	0.526	0.750
26	17	36.765	7.886	17	50	17.314	2032	228	7	4	5.824	3.716	15.795	0.713	1.567	0.638	0.773
27	21	24.190	12.898	2	45	18.142	3324	231	7	5	7.289	3.669	160.807	0.802	1.987	0.503	0.792
28	75	49.053	20.278	13	93	39.213	1178	233	17	7	16.728	5.709	12.121	0.613	2.930	0.341	0.843
29	37	31.595	11.824	2	59	22.385	3788	250	8	7	7.958	5.920	24.799	0.928	1.344	0.744	0.831
30	20	31.600	11.147	4	52	17.314	685	264	7	4	7.379	3.451	22.819	0.838	2.138	0.468	0.851
31	30	34.800	14.770	5	55	24.385	1561	266	9	6	8.932	4.276	3.041	0.634	2.089	0.479	0.706
32	27	26.185	7.264	11	43	20.142	3049	289	7	6	7.110	4.835	8.856	0.836	1.471	0.680	0.794
33	20	26.250	14.451	5	47	17.556	2807	290	6	6	6.882	3.700	40.668	0.815	1.860	0.538	0.755
34	32	41.938	13.718	8	78	23.799	3962	293	9	7	8.173	4.985	22.305	0.710	1.640	0.610	0.719
35	49	41.163	10.102	17	58	25.799	1495	304	9	8	9.035	6.905	0.151	0.925	1.308	0.764	0.860
36	16	27.000	7.651	13	37	15.071	3544	304	6	3	6.103	3.338	5.780	0.885	1.828	0.547	0.941
37	28	31.286	9.063	13	44	19.899	2651	306	8	4	8.295	4.298	175.918	0.889	1.930	0.518	0.949
38	283	27.859	12.018	1	56	74.669	3614	314	27	17	25.910	13.907	11.196	0.638	1.863	0.537	0.842
39	41	33.537	11.316	5	57	27.556	2579	315	11	6	9.134	5.715	178.624	0.679	1.598	0.626	0.796
40	44	46.750	22.567	2	91	34.142	985	325	15	5	14.547	3.851	7.803	0.474	3.777	0.265	0.793
41	102	35.039	16.379	5	64	49.113	252	327	19	9	18.178	7.144	170.732	0.531	2.544	0.393	0.776
42	113	31.248	11.856	4	53	42.870	1810	329	15	11	14.676	9.804	177.676	0.773	1.497	0.668	0.856
43	117	40.017	14.639	1	67	51.941	3898	335	18	11	15.895	9.372	169.874	0.545	1.696	0.590	0.760
44	41	26.902	9.620	7	45	35.213	1568	336	9	9	8.904	5.863	148.446	0.416	1.519	0.658	0.651
45	38	14.053	7.534	2	30	35.456	326	337	12	7	10.540	4.590	169.394	0.380	2.296	0.436	0.580
46	208	39.899	17.379	4	93	62.770	1795	348	21	18	20.835	12.711	33.837	0.663	1.639	0.610	0.808
47	92	74.239	17.876	28	122	34.627	2501	348	13	9	12.957	9.040	7.190	0.964	1.433	0.698	0.920
48	36	21.889	8.720	8	43	34.627	3193	351	13	7	12.818	3.576	158.228	0.377	3.584	0.279	0.605
49	50	24.560	11.068	2	50	44.627	2888	353	17	7	15.422	4.128	4.323	0.315	3.736	0.268	0.571
50	29	42.379	17.247	1	66	21.556	1334	357	9	5	8.323	4.436	165.900	0.784	1.876	0.533	0.817
51	25	49.320	16.600	17	76	20.728	2994	366	9	4	8.125	3.918	13.403	0.731	2.074	0.482	0.833
52	52	43.481	14.566	16	77	28.971	591	367	11	7	11.004	6.017	6.970	0.779	1.829	0.547	0.832
53	66	23.091	9.731	3	46	33.799	656	373	11	9	10.610	7.920	144.068	0.726	1.340	0.747	0.835
54	35	45.800	12.426	22	69	23.071	501	376	9	4	9.979	4.466	178.048	0.826	2.235	0.447	0.986
55	55	32.964	14.479	4	64	33.213	2592	418	13	6	12.675	5.525	9.558	0.627	2.294	0.436	0.797
56	1292	58.666	30.718	1	159	193.238	2019	424	65	41	56.807	28.958	169.449	0.435	1.962	0.510	0.754
57	40	20.800	10.896	4	48	24.728	3697	427	9	6	8.509	5.985	175.808	0.822	1.422	0.703	0.851
58	751	26.786	11.918	2	66	130.368	379	434	42	34	41.500	23.041	146.373	0.555	1.801	0.555	0.817
59	16	13.625	5.632	7	24	16.728	523	434	6	5	5.760	3.537	17.329	0.719	1.629	0.614	0.727
60	27	35.963	13.432	15	72	22.971	1764	441	8	7	7.480	4.596	27.021	0.643	1.627	0.614	0.701
61	185	27.497	10.871	5	56	59.113	2345	446	20	14	19.899	11.837	21.887	0.665	1.681	0.595	0.849
62	16	21.562	12.154	7	51	18.728	1266	462	6	4	5.884	3.462	174.082	0.573	1.699	0.588	0.696
63	47	25.298	12.147	1	57	29.799	1294	464	12	7	11.877	5.039	160.184	0.665	2.357	0.424	0.825
64	26	21.231	13.747	4	60	20.728	2493	471	7	6	7.472	4.430	24.721	0.760	1.687	0.593	0.800
65	53	32.057	13.427	5	67	31.799	1087	474	12	7	11.629	5.803	3.133	0.659	2.004	0.499	0.791
66	30	46.567	14.694	15	70	20.485	817	484	7	5	7.428	5.142	20.800	0.898	1.445	0.692	0.923
67	121	30.091	15.952	5	71	45.456	1236	487	17	10	17.797	8.657	11.285	0.736	2.056	0.486	0.877
68	49	29.102	11.668	5	54	26.971	1072	504	10	7	9.995	6.242	158.273	0.846	1.601	0.625	0.860
69	23	23.087	11.611	6	44	24.728	3763	514	9	6	8.301	3.528	11.020	0.473	2.353	0.425	0.613
70	4159	34.850	20.413	1	123	288.534	3693	516	81	77	80.628	65.677	139.754	0.628	1.228	0.815	0.911
71	20	30.450	8.982	14	49	19.556	2887	517	7	5	7.347	3.466	17.823	0.657	2.120	0.472	0.714
72	34	24.000	9.866	8	45	24.385	3284	523	8	8	7.719	5.608	57.173	0.719	1.376	0.727	0.773
73	238	73.912	25.464	6	118	61.355	2249	524	22	14	22.231	13.631	3.468	0.794	1.631	0.613	0.905
74	317	38.132	18.706	1	88	90.669	3211	536	30	17	29.603	13.635	5.586	0.485	2.171	0.461	0.766
75	106	26.009	9.871	3	50	49.355	3594	536	17	12	15.878	8.500	22.897	0.547	1.868	0.535	0.726
76	17	36.824	16.550	12	59	15.899	2713	537	5	5	6.002	3.606	52.539	0.845	1.664	0.601	0.829
77	612	44.230	19.115	1	102	131.439	970	550	44	28	42.395	18.380	19.016	0.445	2.307	0.434	0.812
78	42	32.595	12.105	5	60	24.385	1965	554	8	8	7.791	6.864	20.324	0.888	1.135	0.881	0.840
79	47	54.979	20.467	6	94	33.556	3145	555	14	6	12.486	4.793	178.245	0.525	2.605	0.384	0.740
80	120	52.658	25.707	6	121	51.456	177	563	20	11	17.716	8.624	157.584	0.570	2.054	0.487	0.774
81	117	13.889	7.515	0	39	74.426	1253	568	18	14	14.279	10.432	152.561	0.265	1.369	0.731	0.606
82	39	27.051	11.262	7	45	28.385	3320	589	11	7	11.272	4.405	17.187	0.608	2.559	0.391	0.709
83	42	37.786	11.424	10	69	26.385	756	603	10	7	9.035	5.919	158.725	0.758	1.526	0.655	0.785
84	25	18.200	7.921	6	34	18.728	3454	607	6	6	6.349	5.013	176.571	0.896	1.267	0.790	0.833
85	57	30.456	12.662	2	58	32.627	3978	612	12	8	11.830	6.135	18.902	0.673	1.928	0.519	0.770
86	206	23.549	10.305	3	54	57.355	1202	634	21	15	20.045	13.085	0.153	0.787	1.532	0.653	0.873
87	36	39.667	14.442	7	74	26.385	1956	636	9	8	7.536	6.082	45.116	0.650	1.239	0.807	0.692
88	27	27.926	13.109	0	59	25.213	477	640	9	6	8.103	4.243	18.481	0.534	1.910	0.524	0.675
89	66	45.576	18.028	5	93	35.213	670	650	14	8	11.754	7.149	0.467	0.669	1.644	0.608	0.781
90	22	18.409	8.057	6	33	17.899	3741	658	7	4	6.937	4.038	9.915	0.863	1.718	0.582	0.880
91	71	33.563	17.284	3	73	44.385	2114	662	20	6	18.818	4.804	2.610	0.453	3.917	0.255	0.802
92	18	37.944	14.522	10	59	15.899	3374	662	5	5	5.335	4.295	26.255	0.895	1.242	0.805	0.837
93	32	19.281	7.458	3	33	25.556	342	665	9	6	7.836	5.199	1.745	0.616	1.507	0.664	0.719
94	78	26.487	12.350	4	54	49.213	466	668	19	8	19.191	5.175	10.769	0.405	3.708	0.270	0.765
95	50	48.140	16.331	10	79	30.385	1639	668	12	7	10.923	5.828	17.062	0.681	1.874	0.534	0.806
96	2933	37.303	16.033	1	91	232.451	316	692	65	66	67.088	55.664	122.363	0.682	1.205	0.830	0.903
97	160	39.169	16.474	1	91	57.598	2166	701	21	13	19.842	10.267	16.382	0.606	1.933	0.517	0.800
98	35	57.829	20.931	11	93	26.728	574	702	11	5	9.700	4.594	4.336	0.616	2.111	0.474	0.778
99	26	28.192	11.035	7	50	20.385	2207	710	8	6	6.245	5.301	20.908	0.786	1.178	0.849	0.743
100	85	45.129	17.436	5	79	44.042	2938	729	16	11	15.747	6.873	35.001	0.551	2.291	0.436	0.736
101	47	58.957	17.274	13	88	26.385	1049	738	11	6	10.302	5.809	6.651	0.848	1.773	0.564	0.870
102	26	32.692	15.879	6	60	23.899	70	746	10	4	10.207	3.243	9.633	0.572	3.147	0.318	0.825
103	81	16.568	9.168	0	50	35.213	2348	754	10	12	11.356	9.082	67.541	0.821	1.250	0.800	0.857
104	17	22.706	8.564	5	41	17.899	2357	754	5	6	6.651	3.254	116.304	0.667	2.044	0.489	0.773
105	204	29.858	12.423	2	65	67.012	2435	768	23	14	23.479	11.063	4.979	0.571	2.122	0.471	0.794
106	16	26.688	13.539	3	49	14.728	2082	773	5	5	4.748	4.291	153.014	0.927	1.107	0.904	0.780
107	412	34.126	14.785	5	82	106.468	1164	774	30	26	28.588	18.349	42.744	0.457	1.558	0.642	0.757
108	42	34.976	14.107	7	59	30.971	62	791	13	5	11.560	4.626	4.043	0.550	2.499	0.400	0.808
109	29	17.517	8.348	4	35	20.728	2924	792	7	6	7.297	5.060	24.977	0.848	1.442	0.693	0.829
110	1506	56.276	29.666	2	159	164.510	2191	798	47	43	49.213	38.964	36.521	0.699	1.263	0.792	0.897
111	55	35.764	15.869	4	78	29.799	2271	798	11	8	10.956	6.392	165.185	0.778	1.714	0.583	0.821
112	2801	38.951	21.564	1	118	263.421	2776	804	88	43	89.926	39.659	3.483	0.507	2.267	0.441	0.871
113	26	27.615	13.288	7	47	24.385	3961	820	8	6	7.136	4.639	12.902	0.549	1.538	0.650	0.675
114	29	27.724	10.344	7	45	20.971	610	821	7	6	7.173	5.148	24.033	0.829	1.393	0.718	0.795
115	120	46.217	19.937	4	89	55.698	829	825	23	11	21.548	7.091	18.347	0.486	3.039	0.329	0.767
116	51	94.569	33.649	29	152	28.971	2992	828	12	6	11.711	5.545	13.870	0.764	2.112	0.473	0.843
117	17	18.353	10.124	2	38	18.142	801	840	7	5	6.557	3.301	160.437	0.649	1.986	0.503	0.723
118	26	44.154	15.075	11	67	20.142	3426	849	8	5	7.650	4.327	0.125	0.805	1.768	0.566	0.800
119	120	25.458	10.729	5	52	48.042	712	859	18	10	18.060	8.460	169.616	0.653	2.135	0.468	0.830
120	63	52.365	14.624	16	103	31.799	2520	859	11	8	11.399	7.037	164.913	0.783	1.620	0.617	0.846
121	570	19.812	9.167	1	56	110.125	1251	864	30	28	28.355	25.595	11.548	0.591	1.108	0.903	0.856
122	70	30.629	15.640	7	67	50.284	318	868	20	10	17.329	5.143	8.577	0.348	3.369	0.297	0.591
123	25	15.480	8.016	5	32	31.556	1568	868	13	4	12.522	2.542	9.312	0.315	4.926	0.203	0.588
124	877	34.052	18.526	0	91	128.125	774	878	44	31	39.783	28.068	6.867	0.671	1.417	0.706	0.887
125	417	72.408	39.394	1	165	86.426	1830	881	35	17	32.411	16.381	9.107	0.702	1.979	0.505	0.912
126	70	50.700	20.813	5	98	43.213	2530	883	18	6	18.917	4.711	3.057	0.471	4.015	0.249	0.773
127	1404	55.799	32.618	1	167	160.510	475	888	51	40	47.814	37.387	176.267	0.685	1.279	0.782	0.911
128	27	33.926	13.510	4	65	19.314	2205	916	7	5	7.271	4.728	6.418	0.910	1.538	0.650	0.871
129	248	46.770	21.492	3	102	74.912	1561	919	23	17	20.911	15.101	21.373	0.555	1.385	0.722	0.810
130	3857	34.764	16.564	0	91	281.806	2626	919	80	73	77.832	63.096	30.991	0.610	1.234	0.811	0.901
131	25	32.960	16.826	7	81	28.385	195	923	12	5	11.524	2.762	14.142	0.390	4.172	0.240	0.641
132	24	36.833	11.776	13	56	19.314	2735	926	8	4	7.662	3.988	164.744	0.809	1.921	0.521	0.873
133	436	58.009	23.816	2	119	84.326	2417	930	32	20	29.483	18.829	0.876	0.771	1.566	0.639	0.898
134	112	32.491	12.589	5	61	44.042	1049	933	16	10	15.625	9.126	176.111	0.726	1.712	0.584	0.848
135	346	33.228	13.325	2	68	83.012	2762	933	29	18	28.271	15.583	10.753	0.631	1.814	0.551	0.863
136	27	31.630	11.483	8	60	20.142	7	940	7	6	6.776	5.074	36.054	0.836	1.335	0.749	0.806
137	2639	35.596	18.138	0	100	290.291	518	940	73	76	77.110	43.575	56.604	0.394	1.770	0.565	0.753
138	29	15.759	8.716	5	46	24.142	3939	943	10	5	10.128	3.646	10.658	0.625	2.778	0.360	0.773
139	244	33.336	15.203	1	81	84.083	3114	955	29	19	25.414	12.224	149.262	0.434	2.079	0.481	0.705
140	18	26.667	11.453	8	44	19.899	357	965	9	3	8.796	2.606	10.118	0.571	3.376	0.296	0.800
141	18	34.111	13.069	14	58	18.728	3836	975	8	4	7.824	2.929	3.812	0.645	2.671	0.374	0.720
142	29	46.897	23.893	8	87	23.556	2800	978	10	5	9.410	3.924	176.399	0.657	2.398	0.417	0.773
143	36	16.944	6.201	3	35	25.556	847	989	10	6	9.292	4.933	169.629	0.693	1.884	0.531	0.766
144	16	29.562	9.993	12	48	14.728	726	998	5	5	5.092	4.001	167.953	0.927	1.273	0.786	0.800
145	24	12.708	5.676	5	29	26.971	1241	1012	9	7	8.196	3.728	159.743	0.415	2.198	0.455	0.578
146	27	52.148	13.828	31	84	22.728	483	1022	10	4	8.529	4.031	6.697	0.657	2.116	0.473	0.818
147	47	29.851	13.700	5	63	26.971	2503	1023	8	9	9.598	6.235	40.073	0.812	1.539	0.650	0.832
148	1465	58.769	34.257	1	167	173.823	343	1032	59	40	51.100	36.503	165.007	0.609	1.400	0.714	0.858
149	78	33.321	11.473	11	59	38.042	1036	1039	13	10	11.930	8.325	12.108	0.677	1.433	0.698	0.780
150	26	41.692	14.321	12	71	20.485	3856	1042	8	4	8.461	3.913	11.061	0.779	2.163	0.462	0.929
151	22	43.273	16.219	13	73	21.314	3503	1046	7	6	7.613	3.679	18.206	0.609	2.069	0.483	0.710
152	35	30.800	10.437	11	55	22.971	324	1047	9	6	8.680	5.134	5.942	0.834	1.691	0.591	0.833
153	22	11.864	5.092	3	19	20.728	3935	1054	8	5	8.017	3.494	27.819	0.643	2.295	0.436	0.721
154	94	18.543	9.068	1	38	42.284	2636	1071	14	11	13.207	9.062	5.308	0.661	1.457	0.686	0.821
155	27	42.481	12.516	15	62	21.314	850	1072	8	5	8.504	4.042	167.837	0.747	2.104	0.475	0.806
156	24	25.208	7.564	12	40	18.485	3698	1085	6	5	6.788	4.502	165.695	0.883	1.508	0.663	0.889
157	22	13.136	6.342	4	26	30.042	2783	1095	12	7	10.335	2.710	153.037	0.306	3.813	0.262	0.484
158	37	32.189	12.292	7	57	30.971	2897	1102	13	5	12.337	3.819	0.638	0.485	3.231	0.310	0.733
159	583	51.940	27.062	3	134	111.154	3198	1114	46	18	42.937	17.288	179.280	0.593	2.484	0.403	0.898
160	32	36.281	13.515	13	62	22.142	714	1116	8	6	7.613	5.352	178.608	0.820	1.423	0.703	0.810
161	391	25.322	10.112	1	53	86.083	246	1128	25	22	23.543	21.146	163.416	0.663	1.113	0.898	0.852
162	22	30.091	8.933	15	50	18.971	366	1128	7	6	6.438	4.351	158.524	0.768	1.480	0.676	0.710
163	17	23.294	12.363	7	50	16.142	541	1130	6	5	5.015	4.316	148.628	0.820	1.162	0.861	0.723
164	27	20.778	9.990	3	35	27.799	2804	1130	9	6	7.597	4.525	16.741	0.439	1.679	0.596	0.607
165	29	26.414	11.432	11	55	21.314	2670	1138	9	4	9.044	4.083	172.570	0.802	2.215	0.451	0.892
166	68	33.618	9.726	14	59	31.799	1037	1152	11	8	10.975	7.889	178.045	0.845	1.391	0.719	0.883
167	125	18.760	8.850	2	45	46.527	1684	1165	18	11	16.147	9.857	171.340	0.726	1.638	0.610	0.853
168	31	39.935	14.151	14	66	20.728	1888	1167	8	5	8.188	4.820	4.609	0.907	1.699	0.589	0.873
169	36	26.944	13.726	2	52	28.971	1982	1171	12	5	11.704	3.916	3.365	0.539	2.988	0.335	0.735
170	22	23.045	8.403	8	38	17.899	1590	1174	7	4	6.959	4.025	175.221	0.863	1.729	0.578	0.880
171	16	28.438	13.396	8	48	16.142	3784	1182	6	4	5.887	3.461	169.660	0.772	1.701	0.588	0.762
172	18	31.944	12.827	7	64	20.728	2527	1185	8	5	7.446	3.078	12.198	0.526	2.419	0.413	0.643
173	112	41.723	21.945	1	92	60.527	1058	1198	25	8	25.246	5.649	172.496	0.384	4.470	0.224	0.720
174	20	34.400	14.841	4	58	17.556	1222	1199	7	5	6.336	4.019	8.539	0.815	1.577	0.634	0.755
175	68	17.088	7.956	4	45	34.042	2285	1199	13	9	11.219	7.717	176.178	0.737	1.454	0.688	0.791
176	16	41.438	12.044	14	59	15.314	2206	1202	6	4	5.128	3.973	179.066	0.857	1.291	0.775	0.821
177	104	41.375	17.085	4	82	38.627	1099	1204	14	10	12.854	10.301	2.790	0.876	1.248	0.801	0.900
178	20	42.750	16.749	21	79	17.071	459	1209	7	3	7.651	3.328	2.920	0.862	2.299	0.435	0.976
179	37	30.351	8.911	13	45	24.728	1314	1210	11	4	11.049	4.264	3.289	0.760	2.591	0.386	0.925
180	31	15.290	6.357	2	27	20.728	2568	1216	6	7	6.834	5.776	122.381	0.907	1.183	0.845	0.861
181	22	20.318	10.073	5	37	18.142	1966	1219	7	5	6.972	4.018	12.867	0.840	1.735	0.576	0.786
182	269	37.610	18.067	4	91	74.083	2398	1241	25	18	22.003	15.566	13.876	0.616	1.414	0.707	0.833
183	455	24.295	11.516	1	61	93.983	546	1244	27	27	25.928	22.344	57.829	0.647	1.160	0.862	0.827
184	479	39.960	18.309	1	86	93.397	446	1247	33	22	29.731	20.513	176.568	0.690	1.449	0.690	0.878
185	16	15.188	6.156	2	26	16.728	3060	1258	5	6	6.296	3.236	61.390	0.719	1.946	0.514	0.696
186	26	11.385	6.573	2	29	21.556	2838	1266	7	7	5.946	5.567	142.776	0.703	1.068	0.936	0.712
187	77	19.636	9.048	2	40	43.698	3338	1272	11	14	12.632	7.761	103.933	0.507	1.628	0.614	0.694
188	241	47.577	16.749	3	88	74.083	1140	1274	26	21	30.031	10.218	36.830	0.552	2.939	0.340	0.814
189	97	35.124	13.745	1	65	39.456	2558	1281	12	12	12.691	9.732	54.496	0.783	1.304	0.767	0.840
190	911	54.516	33.254	1	151	131.983	237	1288	52	25	51.247	22.634	174.223	0.657	2.264	0.442	0.902
191	43	26.349	11.713	2	46	35.213	1162	1291	15	5	13.852	3.952	177.334	0.436	3.505	0.285	0.723
192	184	49.571	22.648	4	98	69.841	2737	1293	29	11	25.956	9.026	174.085	0.474	2.876	0.348	0.805
193	2032	44.624	25.038	0	130	277.179	168	1316	105	41	91.706	28.212	9.821	0.332	3.251	0.308	0.768
194	21	33.476	12.221	4	50	17.899	2497	1317	6	5	6.941	3.852	28.725	0.824	1.802	0.555	0.840
195	448	19.201	10.051	1	50	122.225	1018	1318	25	31	30.212	18.880	72.750	0.377	1.600	0.625	0.708
196	92	46.957	20.130	5	88	44.870	2868	1322	17	8	17.126	6.840	172.159	0.574	2.504	0.399	0.797
197	18	42.611	14.374	10	63	16.485	3311	1336	6	4	6.136	3.735	12.025	0.832	1.643	0.609	0.878
198	22	17.182	11.113	4	40	20.142	23	1345	7	5	6.293	4.451	8.818	0.681	1.414	0.707	0.733
199	20	19.450	10.689	2	39	17.556	20	1351	7	5	7.534	3.380	152.204	0.815	2.229	0.449	0.784
200	990	41.883	21.051	2	109	161.338	1198	1356	46	42	49.182	25.630	48.421	0.478	1.919	0.521	0.791
201	20	25.450	12.684	11	52	18.728	651	1359	8	4	7.666	3.322	175.341	0.717	2.308	0.433	0.784
202	28	28.464	16.171	2	60	21.899	3207	1364	7	6	6.922	5.150	38.203	0.734	1.344	0.744	0.812
203	6448	30.546	15.419	0	87	477.671	2817	1368	113	109	130.999	62.671	145.025	0.355	2.090	0.478	0.773
204	19	26.211	9.508	10	42	15.899	3109	1368	6	4	5.773	4.191	18.738	0.944	1.378	0.726	0.884
205	44	22.000	7.237	7	36	26.385	855	1373	10	7	8.546	6.555	170.460	0.794	1.304	0.767	0.807
206	46	21.087	6.040	8	32	33.799	2003	1395	13	7	12.008	4.878	170.183	0.506	2.462	0.406	0.724
207	29	31.931	14.668	7	59	20.142	2358	1400	7	6	7.818	4.723	29.568	0.898	1.655	0.604	0.866
208	32	78.625	25.989	8	123	22.728	3433	1424	9	5	8.339	4.886	9.331	0.778	1.707	0.586	0.853
209	807	40.794	15.389	2	93	120.225	271	1428	33	34	33.966	30.251	59.826	0.702	1.123	0.891	0.883
210	19	23.684	6.074	14	36	17.899	3121	1436	7	4	7.148	3.384	6.683	0.745	2.112	0.474	0.809
211	17	31.824	13.011	15	64	19.899	1437	1450	8	4	7.298	2.966	175.873	0.539	2.461	0.406	0.694
212	261	42.038	17.594	7	88	70.669	1257	1460	23	18	20.853	15.936	13.219	0.657	1.308	0.764	0.846
213	16	28.750	11.145	5	48	15.314	2494	1464	6	4	5.452	3.737	166.497	0.857	1.459	0.685	0.821
214	101	28.040	10.603	4	52	43.456	3098	1465	15	10	14.654	8.776	178.566	0.672	1.670	0.599	0.821
215	22	49.227	16.443	18	87	17.899	1785	1482	7	4	6.944	4.034	10.723	0.863	1.722	0.581	0.880
216	54	38.111	15.898	7	66	39.799	3477	1492	16	6	16.565	4.151	8.581	0.428	3.991	0.251	0.720
217	19	23.895	8.993	5	39	18.728	3473	1516	7	5	6.924	3.494	15.828	0.681	1.982	0.505	0.731
218	88	41.568	13.603	14	74	36.627	221	1526	13	10	12.170	9.207	154.797	0.824	1.322	0.756	0.854
219	34	26.588	9.346	5	47	23.314	1546	1528	8	6	8.051	5.377	164.362	0.786	1.497	0.668	0.850
220	56	18.143	10.379	4	40	42.870	3445	1530	10	11	8.552	8.337	38.830	0.383	1.026	0.975	0.626
221	18	37.444	10.923	21	54	16.728	3874	1552	6	5	6.094	3.761	160.071	0.808	1.620	0.617	0.750
222	63	36.651	15.644	1	67	33.799	966	1554	10	10	9.669	8.296	135.410	0.693	1.166	0.858	0.783
223	603	18.416	8.927	1	51	132.125	526	1555	35	27	32.273	23.790	171.635	0.434	1.357	0.737	0.808
224	16	48.750	14.248	27	67	15.314	354	1556	6	4	5.908	3.448	18.652	0.857	1.714	0.584	0.800
225	159	41.377	17.794	1	77	51.113	326	1557	18	14	20.240	10.002	32.135	0.765	2.024	0.494	0.866
226	1121	39.525	19.446	1	110	161.924	1459	1558	54	39	48.858	29.213	28.366	0.537	1.672	0.598	0.824
227	2701	35.108	17.711	0	118	302.777	594	1561	94	63	102.052	33.699	24.558	0.370	3.028	0.330	0.769
228	470	33.206	14.017	3	74	90.912	2173	1563	29	25	27.659	21.636	156.416	0.715	1.278	0.782	0.855
229	8709	48.532	28.873	0	181	715.737	2946	1572	176	92	152.456	72.733	1.947	0.214	2.096	0.477	0.732
230	687	30.128	15.249	2	75	116.125	1244	1579	42	25	40.126	21.799	0.366	0.640	1.841	0.543	0.874
231	198	27.384	12.375	1	69	59.598	2668	1582	21	16	19.658	12.824	19.101	0.701	1.533	0.652	0.827
232	192	32.411	11.973	4	62	61.598	2174	1590	18	20	21.040	11.619	54.078	0.636	1.811	0.552	0.792
233	25	72.040	18.008	25	95	18.728	272	1600	7	5	7.215	4.412	11.425	0.896	1.635	0.611	0.862
234	61	38.656	15.769	6	75	35.213	1750	1630	15	6	14.453	5.374	176.096	0.618	2.690	0.372	0.824
235	224	18.326	9.338	1	50	65.841	1527	1640	19	19	17.521	16.278	57.800	0.649	1.076	0.929	0.806
236	21	19.429	8.953	2	41	19.899	1738	1643	6	6	6.554	4.080	39.028	0.666	1.606	0.623	0.764
237	1886	57.488	28.764	1	148	250.492	2886	1646	75	47	62.303	38.542	11.382	0.378	1.616	0.619	0.747
238	203	14.379	7.152	1	34	80.426	579	1657	22	20	18.364	14.075	34.425	0.394	1.305	0.766	0.681
239	131	21.802	9.787	1	46	53.355	3421	1672	17	14	15.592	10.697	26.122	0.578	1.458	0.686	0.740
240	28	21.143	9.280	2	38	22.971	1712	1673	8	6	7.219	4.938	28.265	0.667	1.462	0.684	0.737
241	104	52.962	19.401	1	92	42.042	1681	1685	15	10	15.084	8.778	171.428	0.739	1.718	0.582	0.825
242	83	13.747	7.150	1	34	49.113	2706	1687	12	13	12.810	8.250	122.258	0.432	1.553	0.644	0.706
243	16	20.875	10.563	5	43	17.314	3331	1688	6	5	5.486	3.713	142.135	0.671	1.477	0.677	0.696
244	318	36.651	18.527	1	87	107.983	2535	1703	41	18	35.434	11.426	172.062	0.343	3.101	0.322	0.644
245	55	33.400	15.072	2	59	28.142	2688	1705	9	8	9.709	7.212	20.960	0.873	1.346	0.743	0.894
246	27	26.963	10.599	6	43	23.556	3715	1706	7	6	6.296	5.461	37.346	0.611	1.153	0.867	0.740
247	94	30.734	15.167	3	63	47.456	3599	1710	17	12	16.217	7.380	145.542	0.525	2.197	0.455	0.709
248	19	39.579	19.656	3	70	21.556	3554	1711	9	4	7.613	3.178	8.333	0.514	2.396	0.417	0.691
249	237	14.177	7.706	2	50	86.569	288	1713	22	20	20.112	15.004	19.695	0.397	1.340	0.746	0.704
250	20	33.650	15.404	7	78	20.728	2905	1718	9	4	8.114	3.138	10.230	0.585	2.586	0.387	0.769
251	24	23.000	12.793	1	52	22.142	2904	1744	9	5	8.045	3.798	177.489	0.615	2.118	0.472	0.762
252	33	50.333	14.842	10	80	22.971	2476	1762	9	6	7.942	5.290	176.840	0.786	1.501	0.666	0.795
253	51	29.490	10.354	10	49	34.042	3177	1788	11	9	9.224	7.040	22.009	0.553	1.310	0.763	0.708
254	25	39.920	12.271	17	65	19.314	1725	1794	8	4	8.115	3.922	3.069	0.842	2.069	0.483	0.877
255	65	33.938	12.959	4	58	34.627	3021	1799	12	9	12.433	6.657	20.213	0.681	1.868	0.535	0.788
256	17	19.529	7.715	4	33	16.728	3124	1806	7	4	6.621	3.269	4.253	0.763	2.025	0.494	0.756
257	18	43.444	13.170	19	69	15.899	2331	1817	6	4	6.248	3.668	24.857	0.895	1.703	0.587	0.878
258	1978	51.677	32.406	1	154	233.966	183	1844	90	36	89.769	28.055	0.700	0.454	3.200	0.313	0.805
259	318	37.601	15.176	2	73	86.912	3694	1844	32	16	31.121	13.010	8.858	0.529	2.392	0.418	0.823
260	32	33.312	13.582	5	55	26.971	11	1849	11	5	10.386	3.923	4.354	0.553	2.648	0.378	0.719
261	16	16.938	6.137	5	29	23.556	514	1854	5	8	7.211	2.825	78.890	0.362	2.552	0.392	0.533
262	43	32.349	13.513	5	58	30.971	2927	1861	12	5	12.478	4.388	1.704	0.563	2.844	0.352	0.789
263	17	31.353	12.262	9	53	21.314	520	1862	9	4	7.021	3.083	174.299	0.470	2.277	0.439	0.667
264	2765	30.831	16.630	1	88	274.492	2700	1890	90	50	82.835	42.500	2.982	0.461	1.949	0.513	0.862
265	19	43.632	17.933	17	81	19.556	2598	1891	8	5	6.762	3.577	170.071	0.624	1.890	0.529	0.679
266	4913	47.619	26.123	0	149	584.340	3776	1891	166	72	150.641	41.526	179.502	0.181	3.628	0.276	0.577
267	37	17.216	8.148	3	35	22.971	337	1894	7	8	8.186	5.755	128.276	0.881	1.423	0.703	0.822
268	255	24.929	13.031	2	69	71.012	2502	1917	27	14	27.278	11.902	10.346	0.635	2.292	0.436	0.867
269	31	12.645	5.135	1	23	24.142	2494	1926	9	6	7.465	5.287	31.339	0.668	1.412	0.708	0.729
270	41	36.512	18.083	5	65	28.142	3187	1930	12	5	11.839	4.409	0.008	0.651	2.685	0.372	0.820
271	98	26.224	12.357	3	54	44.284	876	1939	16	11	14.748	8.461	167.290	0.628	1.743	0.574	0.772
272	61	74.033	30.146	10	140	40.627	3607	1947	17	7	16.094	4.826	14.878	0.464	3.335	0.300	0.739
273	18	25.222	14.433	10	57	18.385	3642	1953	7	6	7.338	3.123	39.839	0.669	2.350	0.426	0.679
274	41	29.756	13.773	3	62	28.385	3911	1956	11	7	10.738	4.862	22.764	0.639	2.209	0.453	0.766
275	246	43.463	14.894	6	82	75.255	3038	1964	23	18	19.221	16.295	4.392	0.546	1.180	0.848	0.790
276	33	27.636	11.800	5	56	28.971	3142	1966	11	7	11.086	3.790	21.901	0.494	2.925	0.342	0.647
277	63	36.698	15.978	2	63	32.627	3557	1966	11	10	11.000	7.292	17.557	0.744	1.509	0.663	0.778
278	33	38.242	12.940	10	70	22.728	2334	1969	9	5	9.288	4.524	158.487	0.803	2.053	0.487	0.868
279	498	38.986	18.828	1	94	113.296	1535	1972	39	22	36.187	17.522	174.269	0.488	2.065	0.484	0.766
280	189	31.619	11.748	4	58	57.012	3518	1975	21	16	20.717	11.616	155.576	0.731	1.783	0.561	0.851
281	24	17.875	8.512	2	32	21.314	3035	1981	8	5	6.707	4.556	163.862	0.664	1.472	0.679	0.750
282	66	15.030	7.658	2	33	42.284	2357	1992	12	12	10.885	7.720	57.265	0.464	1.410	0.709	0.650
283	86	31.035	15.894	4	76	36.385	1018	1996	13	9	14.295	7.660	25.407	0.816	1.866	0.536	0.891
284	35	21.600	10.609	7	44	28.971	2468	1996	12	6	10.249	4.348	1.249	0.524	2.357	0.424	0.714
285	37	26.054	10.525	7	52	22.971	278	2003	9	6	8.880	5.305	7.651	0.881	1.674	0.597	0.841
286	83	23.735	11.211	2	49	36.042	2558	2009	12	10	11.848	8.920	20.157	0.803	1.328	0.753	0.847
287	88	43.602	22.416	4	93	48.870	29	2024	21	8	18.060	6.204	177.297	0.463	2.911	0.344	0.772
288	91	31.615	12.153	4	66	36.284	3393	2030	11	12	12.111	9.567	54.229	0.869	1.266	0.790	0.863
289	63	67.254	19.995	10	113	30.971	223	2064	11	8	10.140	7.911	173.196	0.825	1.282	0.780	0.846
290	1128	42.426	19.130	2	102	170.752	807	2068	49	47	58.571	24.521	48.566	0.486	2.389	0.419	0.775
291	23	54.217	15.333	24	83	20.142	1151	2069	8	5	8.432	3.473	22.798	0.712	2.428	0.412	0.780
292	31	24.968	13.817	4	56	29.899	2556	2069	14	3	14.981	2.635	178.294	0.436	5.686	0.176	0.849
293	39	35.333	15.890	2	67	28.142	654	2080	12	5	10.825	4.587	4.379	0.619	2.360	0.424	0.821
294	2736	40.919	24.462	1	122	238.451	660	2084	79	52	78.399	44.434	164.086	0.605	1.764	0.567	0.900
295	77	23.195	11.299	2	49	43.113	1221	2084	16	11	16.184	6.058	23.485	0.521	2.672	0.374	0.720
296	66	93.455	27.726	19	147	33.799	225	2098	13	7	12.842	6.544	9.058	0.726	1.962	0.510	0.852
297	24	54.333	20.127	13	82	19.314	2787	2098	8	4	7.347	4.159	2.382	0.809	1.766	0.566	0.873
298	43	47.535	15.812	15	83	28.142	3039	2108	11	6	10.341	5.294	14.983	0.682	1.953	0.512	0.804
299	43	45.326	20.076	2	87	32.385	3894	2138	14	6	13.216	4.143	12.861	0.515	3.190	0.313	0.754
300	93	58.548	20.381	13	94	42.042	2778	2150	18	8	16.450	7.198	171.279	0.661	2.285	0.438	0.838
301	66	54.894	26.051	3	109	38.042	3047	2151	13	10	13.605	6.177	28.318	0.573	2.203	0.454	0.737
302	199	29.950	14.260	1	67	70.669	196	2160	20	16	18.357	13.803	2.758	0.501	1.330	0.752	0.776
303	168	62.280	27.491	12	143	50.042	1839	2160	18	12	18.678	11.452	14.101	0.843	1.631	0.613	0.916
304	94	68.000	23.894	3	111	46.042	2834	2171	19	7	19.845	6.031	5.861	0.557	3.291	0.304	0.828
305	308	19.461	10.566	1	52	73.841	2411	2173	29	15	26.706	14.684	177.885	0.710	1.819	0.550	0.868
306	16	17.812	7.332	4	31	17.899	1889	2196	8	3	8.120	2.509	177.499	0.628	3.237	0.309	0.800
307	24	25.000	10.291	5	40	18.728	2367	2201	7	5	7.261	4.208	15.978	0.860	1.725	0.580	0.828
308	35	58.571	18.524	32	94	24.728	1815	2210	11	4	10.932	4.076	1.142	0.719	2.682	0.373	0.886
309	77	25.818	10.913	3	48	37.456	3965	2210	12	12	13.592	7.213	140.488	0.690	1.884	0.531	0.774
310	1059	48.669	26.058	0	129	176.024	507	2221	51	34	44.920	30.017	175.653	0.429	1.496	0.668	0.789
311	20	25.150	10.429	6	45	19.314	1772	2222	7	5	6.535	3.897	167.481	0.674	1.677	0.596	0.741
312	110	31.509	18.476	3	78	42.627	1910	2226	16	10	15.373	9.110	7.726	0.761	1.687	0.593	0.866
313	144	17.938	8.511	2	41	52.284	1062	2228	15	15	15.282	11.998	138.710	0.662	1.274	0.785	0.814
314	81	38.000	17.224	4	84	43.799	2950	2228	19	7	19.045	5.415	7.100	0.531	3.517	0.284	0.802
315	17	12.000	6.393	3	24	15.899	3343	2235	4	6	6.527	3.316	74.518	0.845	1.968	0.508	0.829
316	24	29.542	10.942	14	50	19.556	1127	2239	8	5	7.725	3.956	179.575	0.789	1.953	0.512	0.787
317	42	54.381	12.368	29	82	25.556	1577	2252	10	6	10.199	5.243	8.510	0.808	1.945	0.514	0.857
318	92	40.261	13.497	10	69	38.284	626	2253	14	10	13.355	8.771	7.272	0.789	1.523	0.657	0.840
319	29	17.448	7.785	6	34	21.556	3865	2274	7	6	6.353	5.812	13.411	0.784	1.093	0.915	0.795
320	17	29.529	7.501	16	38	15.314	2389	2282	5	5	5.315	4.072	51.047	0.911	1.305	0.766	0.829
321	175	23.200	11.081	1	52	78.912	3000	2289	27	15	23.564	9.456	18.165	0.353	2.492	0.401	0.701
322	41	35.171	16.922	0	69	24.142	6	2292	9	6	8.572	6.090	14.810	0.884	1.408	0.710	0.891
323	16	32.438	19.308	1	62	17.899	567	2294	7	4	5.847	3.484	178.497	0.628	1.678	0.596	0.744
324	27	28.593	14.249	3	52	24.728	2780	2320	11	4	11.293	3.044	167.899	0.555	3.710	0.270	0.806
325	52	29.000	12.020	4	47	31.799	3873	2321	11	8	8.771	7.548	158.377	0.646	1.162	0.861	0.743
326	75	66.320	21.597	5	98	33.213	1522	2325	12	9	12.053	7.923	7.876	0.854	1.521	0.657	0.862
327	49	31.959	13.230	8	67	28.142	2129	2333	11	6	11.427	5.460	175.481	0.777	2.093	0.478	0.867
328	45	34.378	14.342	0	60	28.971	2836	2344	12	6	11.033	5.193	175.930	0.674	2.124	0.471	0.811
329	18	36.611	13.169	15	63	17.314	2711	2348	7	4	6.693	3.424	7.255	0.755	1.955	0.512	0.800
330	23	33.000	17.043	7	63	20.728	1509	2355	9	4	8.435	3.472	176.328	0.673	2.429	0.412	0.793
331	29	39.207	11.242	18	66	20.142	777	2358	7	6	7.073	5.220	22.657	0.898	1.355	0.738	0.853
332	24	36.792	10.333	16	53	19.899	2497	2364	8	4	8.036	3.802	16.845	0.762	2.113	0.473	0.857
333	116	17.810	8.447	1	43	53.941	1727	2365	16	13	14.756	10.009	33.651	0.501	1.474	0.678	0.741
334	58	46.862	17.634	8	91	34.385	1285	2375	14	7	13.020	5.672	176.956	0.616	2.296	0.436	0.789
335	248	44.863	15.918	5	87	66.527	2019	2382	20	19	21.468	14.709	41.735	0.704	1.460	0.685	0.867
336	177	37.407	12.999	5	76	52.770	612	2386	17	16	16.790	13.423	36.997	0.799	1.251	0.799	0.863
337	176	22.756	10.902	2	56	80.083	2048	2386	20	19	15.509	14.449	124.864	0.345	1.073	0.932	0.668
338	18	22.556	8.340	9	36	15.899	123	2416	4	6	5.940	3.858	81.430	0.895	1.540	0.650	0.878
339	911	43.419	21.211	1	107	128.225	1039	2419	44	29	42.766	27.123	176.570	0.696	1.577	0.634	0.894
340	19	24.684	8.845	12	45	18.142	2339	2419	7	5	6.292	3.845	159.719	0.725	1.636	0.611	0.745
341	153	51.065	19.162	3	94	53.698	2682	2433	20	12	20.182	9.653	167.999	0.667	2.091	0.478	0.820
342	47	11.277	6.632	2	31	31.799	2204	2439	11	9	11.658	5.133	36.569	0.584	2.271	0.440	0.770
343	20	19.200	7.851	9	41	23.556	1342	2447	10	5	8.718	2.921	22.482	0.453	2.984	0.335	0.635
344	79	15.342	7.580	3	36	51.355	1301	2452	14	13	10.676	9.422	166.171	0.376	1.133	0.883	0.625
345	16	14.000	6.851	1	24	22.142	1	2457	6	8	7.321	2.783	116.820	0.410	2.631	0.380	0.542
346	64	15.906	8.425	2	34	42.870	3804	2457	12	10	9.968	8.175	172.274	0.438	1.219	0.820	0.699
347	929	49.932	26.193	1	126	136.125	372	2459	42	35	42.702	27.700	28.035	0.630	1.542	0.649	0.854
348	34	21.794	10.639	2	43	32.627	1701	2465	12	9	12.926	3.349	36.739	0.401	3.860	0.259	0.660
349	24	58.708	12.940	35	79	20.142	1076	2468	8	5	7.751	3.942	20.358	0.743	1.966	0.509	0.762
350	467	52.178	27.082	4	120	108.811	3685	2470	39	21	37.848	15.710	1.798	0.496	2.409	0.415	0.778
351	34	36.706	10.443	9	55	23.556	268	2473	8	7	7.696	5.625	162.307	0.770	1.368	0.731	0.773
352	117	24.188	12.712	1	56	51.113	3098	2483	21	10	19.592	7.604	175.516	0.563	2.577	0.388	0.791
353	237	49.511	22.434	1	100	63.355	3211	2491	24	15	23.908	12.622	15.477	0.742	1.894	0.528	0.886
354	48	12.458	7.773	0	30	27.556	2708	2506	7	10	9.636	6.342	85.330	0.794	1.519	0.658	0.828
355	37	19.405	8.983	3	38	32.627	1190	2517	8	9	7.343	6.416	78.913	0.437	1.144	0.874	0.661
356	2141	53.630	31.795	0	153	286.492	436	2532	89	55	80.248	33.970	21.582	0.328	2.362	0.423	0.678
357	29	71.207	27.184	11	127	23.314	2636	2538	10	4	8.964	4.119	179.549	0.670	2.176	0.459	0.841
358	269	25.740	10.437	1	53	79.012	730	2559	30	15	27.693	12.368	0.005	0.541	2.239	0.447	0.801
359	201	36.239	16.371	6	83	66.184	785	2571	25	12	25.053	10.215	179.781	0.577	2.452	0.408	0.820
360	20	37.650	11.957	19	62	19.899	3462	2588	8	4	7.529	3.382	8.489	0.635	2.226	0.449	0.769
361	1369	33.915	12.710	2	78	166.995	1974	2590	43	44	42.606	40.912	69.598	0.617	1.041	0.960	0.890
362	26	37.154	17.139	13	70	23.556	296	2592	9	6	9.610	3.445	30.105	0.589	2.790	0.358	0.754
363	95	41.674	13.787	6	65	41.456	1094	2608	16	10	13.645	8.865	2.389	0.695	1.539	0.650	0.823
364	216	46.667	22.692	3	115	63.598	256	2616	23	14	21.762	12.637	4.421	0.671	1.722	0.581	0.866
365	388	72.701	40.471	0	180	81.841	2601	2619	31	17	30.489	16.203	2.481	0.728	1.882	0.531	0.902
366	89	62.416	16.187	14	100	36.042	1646	2625	11	11	11.381	9.956	122.358	0.861	1.143	0.875	0.864
367	24	23.958	9.558	8	39	23.556	1696	2633	6	9	6.721	4.547	95.611	0.544	1.478	0.677	0.649
368	39	52.641	15.301	27	86	24.142	3578	2640	8	7	8.024	6.188	166.369	0.841	1.297	0.771	0.839
369	1254	31.655	15.960	1	88	209.037	989	2650	59	39	59.333	26.910	20.127	0.361	2.205	0.454	0.770
370	86	14.651	7.230	1	31	44.284	2927	2652	12	13	13.097	8.361	58.680	0.551	1.566	0.638	0.748
371	18	49.167	14.979	16	70	18.728	399	2654	8	4	6.933	3.306	2.016	0.645	2.098	0.477	0.766
372	607	33.064	13.474	1	74	107.054	1321	2668	33	28	30.788	25.102	157.955	0.666	1.227	0.815	0.880
373	568	57.070	23.970	3	119	103.154	2467	2677	41	22	37.801	19.132	14.590	0.671	1.976	0.506	0.902
374	52	64.327	21.108	3	115	31.213	3583	2693	12	8	11.178	5.923	26.381	0.671	1.887	0.530	0.788
375	309	32.010	12.908	2	62	75.497	1986	2708	22	21	23.781	16.544	134.193	0.681	1.437	0.696	0.844
376	16	20.625	11.983	3	45	15.071	2459	2737	6	3	6.494	3.137	7.573	0.885	2.070	0.483	0.941
377	795	33.426	15.093	2	75	130.610	1679	2757	44	26	43.017	23.531	2.166	0.586	1.828	0.547	0.858
378	29	29.552	14.611	9	57	20.485	2159	2764	7	5	7.741	4.770	0.000	0.868	1.623	0.616	0.906
379	71	26.239	12.828	4	54	39.213	2359	2766	15	9	13.581	6.656	11.303	0.580	2.040	0.490	0.751
380	423	36.740	21.056	1	105	89.154	2331	2781	31	21	30.130	17.875	1.067	0.669	1.686	0.593	0.867
381	210	55.900	20.580	5	115	65.113	411	2801	24	14	22.946	11.652	173.799	0.622	1.969	0.508	0.840
382	605	39.544	18.647	1	95	140.368	1294	2801	56	23	47.817	16.110	13.038	0.386	2.968	0.337	0.721
383	53	34.189	16.229	8	72	30.971	2299	2807	11	7	10.396	6.491	2.430	0.694	1.602	0.624	0.835
384	21	23.857	11.642	8	51	19.314	277	2810	7	5	6.868	3.893	15.320	0.707	1.764	0.567	0.764
385	324	44.815	23.572	2	114	87.841	1486	2813	29	19	25.506	16.174	163.318	0.528	1.577	0.634	0.769
386	120	58.483	20.630	15	118	46.284	558	2828	18	10	17.687	8.638	5.309	0.704	2.048	0.488	0.822
387	102	73.118	21.974	17	115	44.284	1854	2832	17	10	15.757	8.242	175.606	0.654	1.912	0.523	0.788
388	7085	34.153	21.026	0	118	422.860	3124	2854	116	103	103.440	87.209	15.942	0.498	1.186	0.843	0.850
389	39	36.000	12.626	7	56	30.385	2586	2866	12	6	11.972	4.148	16.976	0.531	2.887	0.346	0.750
390	36	72.500	23.259	27	114	24.142	3891	2878	9	6	8.931	5.132	11.348	0.776	1.740	0.575	0.837
391	1156	69.727	34.164	2	159	165.924	1252	2879	51	43	50.412	29.197	43.694	0.528	1.727	0.579	0.817
392	19	19.158	8.662	4	32	16.728	3850	2882	5	6	5.441	4.446	87.957	0.853	1.224	0.817	0.776
393	1451	56.716	38.636	0	182	221.723	1200	2902	60	43	57.936	31.888	158.151	0.371	1.817	0.550	0.804
394	27	32.556	11.537	9	53	22.971	1549	2955	8	6	7.238	4.750	19.279	0.643	1.524	0.656	0.720
395	17	23.529	11.922	1	38	18.728	1746	2971	8	4	6.818	3.175	170.053	0.609	2.148	0.466	0.723
396	19	23.105	10.370	1	38	20.142	1235	2986	8	4	8.052	3.004	10.371	0.589	2.680	0.373	0.704
397	16	24.188	10.349	6	38	16.485	1345	2993	6	4	6.383	3.192	161.565	0.740	2.000	0.500	0.800
