 	Area	Mean	StdDev	Min	Max	Perim.	BX	BY	Width	Height	Major	Minor	Angle	Circ.	AR	Round	Solidity
1	22	24.045	10.298	4	48	18.142	1760	9	7	5	7.076	3.959	166.840	0.840	1.788	0.559	0.786
2	1779	41.848	20.833	2	109	275.321	3107	12	93	44	77.312	29.298	9.147	0.295	2.639	0.379	0.745
3	200	45.240	17.965	5	84	59.698	3213	13	22	13	22.005	11.572	169.608	0.705	1.902	0.526	0.864
4	56	42.643	9.721	23	63	27.799	318	18	9	9	8.606	8.285	22.041	0.911	1.039	0.963	0.848
5	19	22.842	10.890	4	46	18.142	3035	20	7	5	5.394	4.485	4.163	0.725	1.203	0.831	0.717
6	623	36.393	15.716	1	81	99.740	1051	22	32	27	32.018	24.774	160.451	0.787	1.292	0.774	0.915
7	360	75.689	29.449	4	153	80.083	3053	31	27	20	24.432	18.761	7.168	0.705	1.302	0.768	0.879
8	346	18.110	9.216	0	46	100.569	42	34	18	34	31.019	14.202	97.801	0.430	2.184	0.458	0.785
9	77	23.857	12.731	3	58	33.456	1924	35	10	12	10.948	8.955	106.616	0.864	1.223	0.818	0.837
10	1062	19.047	8.838	0	46	178.995	3764	36	45	39	44.475	30.403	30.500	0.417	1.463	0.684	0.826
11	19	22.368	11.861	0	42	16.485	1494	40	5	5	5.771	4.192	33.420	0.879	1.377	0.726	0.864
12	46	34.978	9.432	15	54	25.556	540	41	8	8	8.600	6.810	110.935	0.885	1.263	0.792	0.860
13	195	15.354	7.263	1	34	74.912	1718	41	19	21	17.615	14.095	105.996	0.437	1.250	0.800	0.729
14	2703	33.060	16.935	0	90	346.333	2379	43	97	51	91.117	37.771	0.203	0.283	2.412	0.415	0.743
15	68	39.191	11.268	11	60	34.042	2699	45	13	9	12.413	6.975	16.220	0.737	1.780	0.562	0.819
16	38	29.605	12.293	12	58	23.556	986	52	8	7	7.361	6.572	161.127	0.861	1.120	0.893	0.844
17	117	57.085	16.484	2	93	41.456	3092	58	15	11	14.148	10.529	177.903	0.856	1.344	0.744	0.880
18	73	35.397	11.379	7	62	32.042	1170	67	11	10	10.382	8.953	15.280	0.894	1.160	0.862	0.839
19	1154	36.870	17.848	1	94	150.752	1425	69	34	49	48.354	30.387	73.870	0.638	1.591	0.628	0.898
20	98	27.510	10.665	1	53	47.113	3255	70	15	13	12.212	10.217	133.152	0.555	1.195	0.837	0.757
21	97	34.196	13.907	1	65	40.042	3339	87	14	11	11.856	10.417	153.631	0.760	1.138	0.879	0.819
22	693	32.411	14.526	2	77	121.539	3680	87	38	28	39.362	22.416	20.654	0.590	1.756	0.569	0.862
23	34	18.412	10.314	5	44	22.971	2570	92	9	6	8.199	5.280	176.150	0.810	1.553	0.644	0.810
24	51	35.882	14.681	6	62	26.971	586	100	9	8	8.451	7.684	0.970	0.881	1.100	0.909	0.857
25	4489	29.471	14.748	0	86	404.759	1899	104	103	98	113.863	50.197	47.255	0.344	2.268	0.441	0.771
26	215	28.526	11.906	2	55	64.426	246	108	18	19	18.631	14.693	52.288	0.651	1.268	0.789	0.799
27	551	14.595	8.118	0	43	149.681	38	112	34	31	30.125	23.288	135.159	0.309	1.294	0.773	0.718
28	33	29.333	11.802	11	59	22.142	1246	118	7	7	6.963	6.035	174.020	0.846	1.154	0.867	0.815
29	32	11.906	8.244	1	38	28.971	3837	119	9	6	8.826	4.616	14.552	0.479	1.912	0.523	0.660
30	3922	46.436	26.369	0	125	335.161	2318	129	110	65	118.936	41.986	160.552	0.439	2.833	0.353	0.798
31	23	21.087	10.791	7	46	19.556	381	132	8	5	7.263	4.032	164.909	0.756	1.801	0.555	0.780
32	303	20.752	9.787	1	47	96.468	2937	133	19	27	23.909	16.136	79.068	0.409	1.482	0.675	0.747
33	806	25.820	11.411	2	59	130.024	492	147	36	35	35.570	28.851	42.513	0.599	1.233	0.811	0.848
34	19	14.316	6.840	4	30	19.314	1813	161	4	8	7.554	3.203	72.396	0.640	2.359	0.424	0.792
35	46	32.391	10.611	5	52	25.556	2167	162	8	8	8.253	7.097	129.630	0.885	1.163	0.860	0.876
36	208	67.159	20.036	7	103	55.456	3364	162	17	16	17.669	14.988	27.788	0.850	1.179	0.848	0.904
37	11172	28.510	15.510	0	91	605.796	2693	168	102	190	184.998	76.891	87.563	0.383	2.406	0.416	0.800
38	683	50.788	22.622	3	113	127.782	3839	170	43	26	42.528	20.448	13.724	0.526	2.080	0.481	0.803
39	2867	38.066	19.581	0	107	292.534	2148	171	82	72	80.630	45.273	141.692	0.421	1.781	0.561	0.757
40	652	52.956	20.761	3	117	110.468	3137	174	34	33	36.548	22.714	34.721	0.671	1.609	0.621	0.855
41	152	16.855	8.466	1	43	70.083	408	181	17	17	15.304	12.646	2.710	0.389	1.210	0.826	0.700
42	1090	37.939	19.091	0	99	154.510	1422	184	38	53	45.181	30.717	101.498	0.574	1.471	0.680	0.824
43	272	48.717	15.481	5	94	70.426	769	186	19	21	19.755	17.531	112.844	0.689	1.127	0.887	0.849
44	31	12.323	6.145	0	25	24.142	2286	186	7	8	6.585	5.994	163.497	0.668	1.099	0.910	0.747
45	1262	32.721	12.929	2	74	153.823	542	189	38	48	45.169	35.574	87.546	0.670	1.270	0.788	0.886
46	1100	37.714	18.140	1	97	175.338	665	194	47	44	47.073	29.753	34.947	0.450	1.582	0.632	0.754
47	1512	36.655	18.554	1	89	175.924	1126	196	51	44	47.374	40.637	153.869	0.614	1.166	0.858	0.879
48	96	21.417	10.414	3	52	47.941	2291	197	18	12	17.793	6.870	35.400	0.525	2.590	0.386	0.730
49	1317	26.450	14.441	0	78	289.605	173	199	60	45	51.080	32.828	21.899	0.197	1.556	0.643	0.679
50	57	30.193	10.446	11	55	28.971	811	202	7	11	10.991	6.603	104.392	0.853	1.665	0.601	0.891
51	122	24.328	11.346	3	56	47.698	814	210	14	15	16.406	9.468	59.299	0.674	1.733	0.577	0.816
52	140	15.557	8.175	0	36	58.184	762	221	17	15	15.481	11.515	158.875	0.520	1.344	0.744	0.731
53	240	32.608	16.833	1	80	63.355	1246	234	20	18	19.418	15.737	33.214	0.751	1.234	0.810	0.859
54	240	60.221	19.505	7	99	61.355	2908	238	18	19	17.902	17.069	125.507	0.801	1.049	0.953	0.879
55	30	18.833	9.432	3	43	21.314	3958	241	6	7	6.425	5.945	90.000	0.830	1.081	0.925	0.833
56	2476	40.102	18.177	0	98	307.019	635	247	80	57	72.740	43.340	162.970	0.330	1.678	0.596	0.709
57	24	27.667	7.545	13	44	19.556	2083	259	6	7	6.032	5.066	67.545	0.789	1.191	0.840	0.762
58	41	15.780	8.876	3	37	28.627	174	273	10	9	9.650	5.410	40.347	0.629	1.784	0.561	0.732
59	483	57.816	23.279	2	109	101.397	823	273	24	35	33.035	18.616	111.598	0.590	1.775	0.564	0.826
60	837	36.562	18.311	1	83	143.681	2462	275	50	37	56.338	18.916	29.870	0.509	2.978	0.336	0.797
61	159	16.849	9.013	3	48	59.941	1577	288	17	16	15.620	12.961	36.022	0.556	1.205	0.830	0.795
62	38	18.447	9.120	2	38	22.728	3457	293	8	6	7.681	6.299	178.308	0.924	1.219	0.820	0.894
63	33	11.879	5.803	1	25	30.385	3439	294	8	11	11.922	3.524	66.951	0.449	3.383	0.296	0.660
64	102	60.725	16.056	16	92	38.627	3103	298	13	11	12.613	10.297	36.456	0.859	1.225	0.816	0.883
65	23	21.739	10.274	4	41	20.142	3284	302	8	5	7.115	4.116	19.179	0.712	1.728	0.579	0.780
66	300	67.120	32.562	5	126	74.083	2947	303	27	19	26.517	14.405	164.379	0.687	1.841	0.543	0.862
67	89	16.135	8.127	1	40	42.042	3949	309	14	12	12.596	8.996	143.427	0.633	1.400	0.714	0.761
68	225	39.604	16.049	4	71	61.598	319	312	20	19	21.595	13.266	45.747	0.745	1.628	0.614	0.872
69	317	19.186	9.295	0	43	83.497	3423	314	21	23	21.580	18.704	93.875	0.571	1.154	0.867	0.810
70	435	28.591	13.307	2	72	93.640	3643	314	31	21	29.838	18.562	9.874	0.623	1.607	0.622	0.836
71	502	18.474	8.937	0	45	111.296	2336	315	35	27	32.648	19.578	155.864	0.509	1.668	0.600	0.787
72	30	22.567	9.424	7	39	21.799	1914	319	7	8	7.331	5.211	65.185	0.793	1.407	0.711	0.741
73	455	60.084	20.400	4	111	91.154	2882	319	30	25	32.601	17.770	30.609	0.688	1.835	0.545	0.874
74	540	17.324	8.800	0	47	107.983	1548	324	28	30	27.917	24.628	133.904	0.582	1.134	0.882	0.853
75	1112	38.296	14.127	2	80	150.610	1321	325	38	43	42.024	33.692	63.779	0.616	1.247	0.802	0.875
76	35	26.971	12.340	2	49	22.971	2858	337	7	8	7.302	6.103	68.085	0.834	1.196	0.836	0.795
77	16	21.750	9.903	8	43	15.314	712	341	5	5	6.017	3.385	41.186	0.857	1.777	0.563	0.821
78	18	15.500	6.956	4	28	15.314	2567	344	5	5	4.995	4.589	112.741	0.965	1.088	0.919	0.837
79	44	35.591	16.517	3	68	23.799	2427	350	8	8	8.583	6.527	39.816	0.976	1.315	0.760	0.863
80	1929	45.811	22.429	0	127	219.865	800	351	64	54	63.609	38.612	26.050	0.501	1.647	0.607	0.815
81	94	19.436	9.473	1	45	40.284	2671	357	15	11	15.447	7.748	33.205	0.728	1.994	0.502	0.836
82	5247	30.429	14.953	0	83	370.475	1615	362	84	93	92.090	72.545	119.479	0.480	1.269	0.788	0.833
83	25	29.840	8.915	14	46	21.556	2227	369	7	6	6.357	5.007	28.600	0.676	1.270	0.788	0.714
84	19	15.211	7.044	4	35	20.971	2662	369	8	5	7.146	3.385	150.874	0.543	2.111	0.474	0.655
85	2011	28.746	16.009	0	84	227.723	1	370	45	75	66.180	38.690	66.727	0.487	1.711	0.585	0.845
86	44	12.477	6.849	3	33	40.870	2788	370	11	13	10.268	5.456	55.328	0.331	1.882	0.531	0.521
87	25	24.480	9.692	10	44	17.899	1299	383	6	5	6.138	5.186	9.542	0.981	1.184	0.845	0.926
88	3437	32.566	16.775	0	87	281.078	2058	383	62	78	82.079	53.316	66.229	0.547	1.539	0.650	0.913
89	112	28.402	10.426	3	59	40.627	3331	384	12	12	12.357	11.541	43.583	0.853	1.071	0.934	0.889
90	54	25.759	9.645	4	43	27.799	3920	384	9	9	9.407	7.309	132.058	0.878	1.287	0.777	0.831
91	23	33.957	11.861	5	52	17.314	2485	388	5	6	5.998	4.882	86.159	0.964	1.228	0.814	0.868
92	1059	42.975	17.640	0	95	147.782	1327	394	35	42	44.076	30.592	102.249	0.609	1.441	0.694	0.836
93	63	53.032	15.147	13	84	30.971	1742	402	10	9	9.452	8.486	26.406	0.825	1.114	0.898	0.846
94	37	15.081	7.570	0	30	31.799	3314	406	11	7	9.643	4.886	13.881	0.460	1.974	0.507	0.627
95	95	25.779	12.641	4	61	39.456	3964	419	15	10	14.205	8.515	173.256	0.767	1.668	0.599	0.844
96	349	23.544	12.041	0	56	91.983	1770	423	24	24	24.981	17.788	134.028	0.518	1.404	0.712	0.813
97	44	19.750	10.563	2	42	30.971	1570	424	9	8	8.276	6.770	110.023	0.576	1.222	0.818	0.733
98	2632	35.964	17.759	0	101	255.078	2742	427	74	63	70.511	47.527	35.146	0.508	1.484	0.674	0.858
99	28	13.036	7.310	1	30	24.728	967	429	10	5	10.190	3.498	6.242	0.575	2.913	0.343	0.757
100	127	30.354	11.600	2	59	45.698	1215	430	15	14	14.659	11.031	29.533	0.764	1.329	0.752	0.827
101	25	29.520	8.790	11	45	20.142	2853	432	7	6	6.087	5.230	35.538	0.774	1.164	0.859	0.769
102	18	19.000	10.538	2	38	15.314	1498	437	5	5	4.819	4.756	123.690	0.965	1.013	0.987	0.857
103	80	37.000	11.130	6	60	35.213	3323	440	11	10	10.491	9.709	160.670	0.811	1.081	0.925	0.860
104	157	78.446	22.964	19	123	51.698	796	442	19	12	19.006	10.517	10.327	0.738	1.807	0.553	0.865
105	18	23.056	12.341	4	48	15.899	1096	460	5	5	5.192	4.414	18.038	0.895	1.176	0.850	0.857
106	16	19.000	9.004	3	38	15.899	2606	462	4	6	5.006	4.070	71.565	0.795	1.230	0.813	0.800
107	1094	55.229	24.193	1	116	138.853	172	478	42	37	40.448	34.437	172.303	0.713	1.175	0.851	0.901
108	36	33.333	8.445	6	49	24.971	3953	479	8	8	8.184	5.601	51.503	0.726	1.461	0.684	0.774
109	2232	47.598	29.521	1	127	224.693	662	483	56	71	68.614	41.418	61.835	0.556	1.657	0.604	0.831
110	28	19.893	9.028	9	41	26.385	3500	485	7	8	6.224	5.728	34.557	0.505	1.087	0.920	0.667
111	2605	39.638	19.751	0	124	318.090	3254	487	56	91	72.993	45.440	99.492	0.324	1.606	0.623	0.704
112	147	25.320	10.386	4	61	46.870	1771	491	17	12	16.227	11.534	0.314	0.841	1.407	0.711	0.886
113	650	33.905	15.563	1	83	124.125	3114	497	33	33	36.370	22.755	54.432	0.530	1.598	0.626	0.818
114	100	14.950	7.795	2	41	65.598	1998	500	18	14	13.867	9.182	10.583	0.292	1.510	0.662	0.556
115	22	21.045	7.474	5	34	17.314	2813	500	5	6	6.347	4.413	52.144	0.922	1.438	0.695	0.863
116	27	24.926	12.300	5	51	19.556	3381	501	6	7	6.590	5.216	104.087	0.887	1.263	0.791	0.831
117	707	48.842	21.298	2	102	115.054	2621	502	29	40	37.814	23.805	99.590	0.671	1.588	0.630	0.869
118	7039	32.842	18.236	0	108	566.441	339	503	142	110	107.420	83.433	4.680	0.276	1.288	0.777	0.680
119	58	33.103	10.556	11	58	30.627	3555	525	10	10	9.438	7.825	158.272	0.777	1.206	0.829	0.795
120	93	13.247	6.633	1	31	60.184	1201	528	20	16	19.460	6.085	30.957	0.323	3.198	0.313	0.564
121	408	41.145	17.163	2	87	84.326	2093	538	23	26	25.097	20.699	83.537	0.721	1.212	0.825	0.865
122	606	33.528	13.952	3	79	130.610	1563	562	47	23	46.543	16.578	172.546	0.446	2.808	0.356	0.740
123	18	20.833	9.605	4	36	18.728	3331	562	5	7	6.475	3.539	66.634	0.645	1.830	0.547	0.706
124	41	36.927	9.018	19	60	27.556	3827	578	7	10	8.036	6.496	85.353	0.679	1.237	0.808	0.774
125	143	38.895	13.238	5	65	45.698	2778	581	15	14	14.518	12.541	0.913	0.860	1.158	0.864	0.885
126	42	19.833	10.326	2	48	24.728	1534	588	7	8	7.910	6.761	134.359	0.863	1.170	0.855	0.857
127	41	20.122	8.858	5	39	26.385	274	591	8	9	9.610	5.432	45.713	0.740	1.769	0.565	0.796
128	754	27.306	12.165	0	68	140.024	2081	595	31	43	36.917	26.005	81.278	0.483	1.420	0.704	0.780
129	39	26.051	10.081	4	45	25.556	3395	597	8	7	7.453	6.662	7.880	0.750	1.119	0.894	0.804
130	924	25.031	11.960	1	60	136.853	1538	600	35	41	39.446	29.825	70.600	0.620	1.323	0.756	0.864
131	3505	26.208	14.202	0	84	314.090	1334	601	97	73	86.198	51.773	2.149	0.446	1.665	0.601	0.780
132	1039	32.150	18.864	0	93	139.196	432	602	43	39	40.989	32.274	13.103	0.674	1.270	0.787	0.886
133	120	22.683	11.026	1	49	58.770	3209	610	17	15	15.393	9.926	151.204	0.437	1.551	0.645	0.714
134	151	70.510	24.862	5	134	48.870	1769	617	18	12	17.997	10.683	176.905	0.795	1.685	0.594	0.888
135	94	14.511	6.665	1	29	58.184	3447	620	11	16	12.996	9.209	82.924	0.349	1.411	0.709	0.655
136	19	11.263	5.772	4	25	18.728	3729	625	7	5	6.810	3.552	150.549	0.681	1.917	0.522	0.704
137	130	59.023	14.839	11	95	46.870	1737	634	16	13	14.592	11.343	172.684	0.744	1.286	0.777	0.844
138	52	40.192	14.000	4	61	30.385	3765	635	10	9	9.949	6.655	47.946	0.708	1.495	0.669	0.782
139	126	44.143	14.093	5	80	44.042	938	638	13	13	13.571	11.822	76.260	0.816	1.148	0.871	0.869
140	20	27.750	9.915	9	47	16.728	722	640	6	5	5.819	4.376	161.112	0.898	1.330	0.752	0.833
141	25	21.840	9.737	2	40	17.899	511	645	6	5	6.774	4.699	160.090	0.981	1.442	0.694	0.926
142	86	60.430	17.563	9	90	37.698	1808	647	14	11	12.025	9.106	2.638	0.760	1.321	0.757	0.811
143	334	33.680	14.497	2	70	91.740	3014	661	16	35	32.796	12.967	77.598	0.499	2.529	0.395	0.793
144	160	64.531	15.534	13	104	48.770	2754	665	17	15	16.387	12.432	20.435	0.845	1.318	0.759	0.879
145	12354	28.704	17.114	0	97	597.068	1936	670	126	157	138.933	113.217	104.933	0.435	1.227	0.815	0.836
146	563	35.432	14.965	3	83	101.397	1595	671	33	24	32.839	21.829	22.615	0.688	1.504	0.665	0.882
147	137	16.350	7.800	1	36	54.527	1729	672	20	12	18.429	9.465	170.715	0.579	1.947	0.514	0.772
148	22	17.682	8.593	2	39	19.314	104	676	5	7	5.546	5.050	87.206	0.741	1.098	0.911	0.772
149	16	22.625	9.919	7	39	17.899	2542	705	6	5	5.394	3.777	145.052	0.628	1.428	0.700	0.696
150	61	18.984	9.240	2	43	34.627	3980	707	11	11	10.143	7.658	111.632	0.639	1.325	0.755	0.726
151	2345	42.060	22.018	0	113	342.818	2895	708	78	84	87.551	34.103	53.640	0.251	2.567	0.390	0.659
152	20	24.850	7.365	8	40	16.728	2509	710	6	5	5.411	4.706	125.464	0.898	1.150	0.870	0.833
153	35	14.000	6.421	4	25	26.385	1772	711	10	6	8.693	5.127	175.611	0.632	1.696	0.590	0.737
154	2939	45.982	24.439	0	132	297.563	710	722	73	79	79.211	47.242	41.853	0.417	1.677	0.596	0.763
155	27	21.889	10.218	5	41	19.556	127	723	7	6	6.961	4.938	158.548	0.887	1.410	0.709	0.818
156	46	32.630	10.746	5	61	33.556	3638	725	9	9	8.556	6.845	39.911	0.513	1.250	0.800	0.702
157	18	18.056	9.759	1	37	24.142	2699	727	5	9	7.093	3.231	74.371	0.388	2.195	0.456	0.562
158	28	24.321	9.557	9	45	20.385	3212	734	7	7	6.964	5.119	59.206	0.847	1.360	0.735	0.767
159	454	21.015	10.166	1	50	91.154	1013	744	28	25	26.220	22.046	17.099	0.687	1.189	0.841	0.859
160	33	30.939	11.638	3	49	21.556	1532	748	7	7	7.427	5.658	149.881	0.892	1.313	0.762	0.825
161	30	31.833	11.510	8	61	20.971	1648	749	7	7	6.235	6.126	151.748	0.857	1.018	0.982	0.811
162	135	21.044	11.125	1	46	51.941	1309	751	15	17	13.597	12.641	103.254	0.629	1.076	0.930	0.752
163	17	14.235	7.554	5	31	15.899	242	752	6	4	5.587	3.874	178.952	0.845	1.442	0.693	0.829
164	454	28.661	13.516	0	78	93.154	3811	756	28	27	33.459	17.276	37.736	0.657	1.937	0.516	0.861
165	25	21.960	10.861	5	44	24.142	1428	762	10	5	8.501	3.744	7.542	0.539	2.270	0.440	0.725
166	19	13.211	6.562	2	27	16.728	451	781	5	6	6.652	3.637	59.078	0.853	1.829	0.547	0.809
167	190	21.695	9.588	3	48	57.355	3288	784	18	17	15.835	15.277	2.921	0.726	1.036	0.965	0.828
168	428	38.692	19.489	2	95	83.497	2630	792	27	24	24.982	21.814	150.300	0.771	1.145	0.873	0.884
169	157	52.611	16.729	12	90	49.698	3206	795	19	12	18.648	10.719	1.688	0.799	1.740	0.575	0.880
170	126	26.198	12.255	2	59	53.355	3359	813	15	15	14.412	11.131	51.764	0.556	1.295	0.772	0.752
171	3024	63.757	30.503	1	146	309.463	2449	825	80	78	70.542	54.581	35.901	0.397	1.292	0.774	0.728
172	177	46.785	15.121	5	80	51.355	3479	825	17	16	17.647	12.771	136.705	0.843	1.382	0.724	0.883
173	64	14.078	6.538	0	35	44.042	2977	842	9	12	9.722	8.382	130.546	0.415	1.160	0.862	0.703
174	32	22.969	11.597	5	52	24.971	2918	873	10	6	9.550	4.266	169.048	0.645	2.239	0.447	0.744
175	66	33.379	11.446	7	69	32.971	942	885	13	7	12.981	6.474	171.083	0.763	2.005	0.499	0.880
176	20	28.700	10.265	12	44	19.556	1800	886	8	5	7.434	3.425	17.884	0.657	2.170	0.461	0.741
177	2877	31.459	15.765	0	86	287.220	884	898	71	67	67.934	53.922	43.895	0.438	1.260	0.794	0.864
178	116	24.155	11.309	2	61	44.870	1357	900	16	12	15.455	9.557	26.356	0.724	1.617	0.618	0.838
179	141	70.688	19.160	13	120	46.284	3548	900	16	13	14.461	12.414	162.381	0.827	1.165	0.858	0.868
180	276	26.156	10.695	1	56	70.669	3681	920	21	21	19.268	18.239	138.922	0.694	1.056	0.947	0.830
181	87	22.345	10.530	0	45	40.284	1175	921	11	12	11.974	9.251	55.630	0.674	1.294	0.773	0.795
182	51	43.000	11.660	16	63	25.799	1498	924	9	8	8.313	7.811	170.345	0.963	1.064	0.940	0.864
183	50	17.280	8.846	2	44	29.213	11	932	8	11	9.076	7.014	70.356	0.736	1.294	0.773	0.781
184	5395	29.559	13.567	0	76	496.014	1667	943	109	121	124.511	55.169	129.102	0.276	2.257	0.443	0.743
185	16	23.875	8.732	2	34	14.485	2533	944	5	4	5.186	3.928	34.419	0.958	1.320	0.758	0.914
186	24	12.792	6.574	1	24	19.314	3697	951	6	6	6.214	4.917	137.007	0.809	1.264	0.791	0.814
187	30	30.700	12.720	2	58	25.799	280	953	8	8	6.822	5.599	77.010	0.566	1.219	0.821	0.645
188	71	36.056	13.810	3	68	35.213	2377	954	12	10	12.403	7.289	160.254	0.720	1.702	0.588	0.802
189	42	22.524	10.071	6	44	24.385	835	958	10	6	9.025	5.925	0.000	0.888	1.523	0.657	0.840
190	203	26.320	11.449	1	54	66.184	2084	969	18	19	21.061	12.273	48.278	0.582	1.716	0.583	0.802
191	64	34.766	13.799	1	67	34.971	93	971	13	8	13.026	6.256	16.704	0.658	2.082	0.480	0.795
192	43	41.977	11.939	14	65	24.728	2804	975	8	7	9.230	5.932	28.099	0.884	1.556	0.643	0.896
193	31	18.161	7.634	5	35	23.556	3867	975	8	7	7.513	5.254	20.291	0.702	1.430	0.699	0.795
194	579	49.428	20.343	2	102	95.983	633	976	25	33	32.119	22.953	91.875	0.790	1.399	0.715	0.914
195	37	16.459	7.541	5	32	28.385	3626	977	9	9	7.844	6.006	104.142	0.577	1.306	0.766	0.673
196	2502	40.323	17.427	0	92	276.149	3801	979	64	80	73.993	43.053	55.838	0.412	1.719	0.582	0.738
197	19	25.105	9.938	7	39	18.728	1218	993	6	5	6.263	3.863	13.283	0.681	1.622	0.617	0.731
198	56	19.893	9.312	1	44	32.627	773	999	9	10	9.696	7.353	59.540	0.661	1.319	0.758	0.778
199	120	48.375	15.411	5	79	44.870	247	1004	12	16	13.990	10.921	87.082	0.749	1.281	0.781	0.819
200	35	24.457	7.126	10	43	22.971	988	1006	9	6	8.525	5.227	158.056	0.834	1.631	0.613	0.814
201	501	39.820	15.207	1	83	112.125	2480	1035	29	29	30.286	21.062	114.648	0.501	1.438	0.695	0.763
202	1364	36.317	15.537	2	82	270.735	3581	1036	76	51	62.730	27.685	13.313	0.234	2.266	0.441	0.589
203	79	56.899	17.169	17	87	34.042	3722	1045	13	9	12.584	7.993	17.270	0.857	1.574	0.635	0.859
204	21	22.429	7.846	9	35	16.728	1324	1051	6	5	5.914	4.521	170.902	0.943	1.308	0.764	0.824
205	48	25.188	12.273	2	50	30.385	769	1072	11	7	10.179	6.004	178.806	0.653	1.695	0.590	0.780
206	29	35.207	11.906	5	54	21.899	3496	1072	7	6	6.374	5.793	97.379	0.760	1.100	0.909	0.817
207	235	78.562	23.378	16	133	58.770	320	1086	19	17	18.029	16.596	5.450	0.855	1.086	0.921	0.904
208	46	35.065	11.557	9	53	28.627	1990	1090	11	8	9.689	6.045	19.563	0.705	1.603	0.624	0.767
209	225	22.129	9.718	3	49	66.770	2457	1099	20	16	19.883	14.408	161.171	0.634	1.380	0.725	0.827
210	28	15.893	8.821	2	37	22.385	2076	1103	8	7	6.726	5.300	140.142	0.702	1.269	0.788	0.718
211	24	27.833	9.554	6	42	18.728	2962	1107	6	6	5.965	5.123	155.301	0.860	1.165	0.859	0.828
212	47	14.511	6.779	3	32	28.385	2075	1111	8	10	9.158	6.534	108.674	0.733	1.402	0.713	0.803
213	257	35.128	13.907	4	67	93.355	1	1112	10	39	35.622	9.186	88.226	0.371	3.878	0.258	0.841
214	541	60.242	29.066	0	124	90.912	2661	1124	27	29	30.004	22.958	56.939	0.823	1.307	0.765	0.914
215	87	36.310	8.839	6	54	36.627	475	1127	11	12	12.169	9.102	48.842	0.815	1.337	0.748	0.861
216	166	25.669	14.442	0	71	61.941	571	1135	22	15	23.917	8.837	27.787	0.544	2.706	0.369	0.787
217	43	17.814	9.129	5	37	34.971	1849	1136	9	11	10.197	5.369	71.183	0.442	1.899	0.527	0.619
218	18	8.222	5.163	1	26	17.899	3941	1148	4	7	6.559	3.494	88.843	0.706	1.877	0.533	0.818
219	20	29.350	11.878	9	52	16.142	2603	1153	6	5	5.629	4.524	22.768	0.965	1.244	0.804	0.816
220	79	30.962	12.367	3	56	38.870	551	1157	13	12	14.988	6.711	45.634	0.657	2.233	0.448	0.782
221	463	48.775	26.068	1	95	99.054	3227	1162	34	22	30.966	19.037	3.998	0.593	1.627	0.615	0.850
222	381	61.354	21.026	7	118	87.497	3063	1178	34	17	32.941	14.726	177.131	0.625	2.237	0.447	0.854
223	30	35.567	12.843	8	59	19.556	423	1185	6	7	6.371	5.995	115.933	0.986	1.063	0.941	0.870
224	682	41.921	17.732	1	96	166.409	3343	1191	59	25	54.433	15.953	172.429	0.309	3.412	0.293	0.670
225	28	20.000	11.392	5	52	21.556	3709	1203	7	7	6.858	5.198	27.231	0.757	1.319	0.758	0.747
226	722	36.003	25.984	0	109	170.066	847	1207	45	41	46.269	19.868	44.668	0.314	2.329	0.429	0.670
227	45	24.133	8.795	6	43	26.385	1594	1216	9	8	9.521	6.018	33.262	0.812	1.582	0.632	0.796
228	1485	45.192	23.309	1	116	186.551	602	1218	50	58	64.236	29.435	52.566	0.536	2.182	0.458	0.838
229	31	30.839	11.739	4	49	22.971	2585	1220	7	7	6.897	5.723	39.817	0.738	1.205	0.830	0.765
230	501	38.198	16.070	1	92	92.912	3807	1220	29	26	28.396	22.465	23.631	0.729	1.264	0.791	0.889
231	759	53.100	24.255	2	120	141.539	3961	1223	38	46	55.154	17.522	133.582	0.476	3.148	0.318	0.797
232	173	71.879	20.646	16	113	51.113	1175	1226	15	15	16.166	13.626	45.486	0.832	1.186	0.843	0.896
233	248	33.685	14.443	2	74	67.598	1035	1239	18	22	22.591	13.977	58.018	0.682	1.616	0.619	0.838
234	26	16.231	8.797	5	43	22.142	3185	1241	7	7	7.004	4.727	44.279	0.666	1.482	0.675	0.743
235	17	30.471	14.625	5	53	15.899	1668	1247	5	5	5.451	3.971	173.175	0.845	1.373	0.729	0.810
236	43	20.395	10.205	0	44	30.042	2924	1247	11	9	11.763	4.654	143.314	0.599	2.527	0.396	0.748
237	563	48.986	18.898	3	104	109.054	3310	1250	34	25	34.417	20.828	20.038	0.595	1.652	0.605	0.865
238	83	26.783	9.827	5	48	37.213	3340	1271	13	10	12.832	8.236	175.759	0.753	1.558	0.642	0.814
239	410	15.363	8.235	0	44	97.154	1859	1272	27	27	24.492	21.315	147.188	0.546	1.149	0.870	0.798
240	186	59.306	17.872	5	101	55.698	405	1274	18	15	17.637	13.428	176.256	0.753	1.313	0.761	0.863
241	122	59.311	18.215	13	97	44.527	2613	1276	16	12	15.322	10.138	10.224	0.773	1.511	0.662	0.836
242	43	20.977	10.220	1	40	28.385	2880	1288	8	10	8.997	6.085	56.906	0.671	1.479	0.676	0.735
243	55	27.182	9.601	7	48	32.627	3084	1288	10	10	9.721	7.204	34.921	0.649	1.349	0.741	0.764
244	643	25.691	16.420	0	87	120.953	3359	1293	33	34	36.124	22.664	51.313	0.552	1.594	0.627	0.822
245	35	14.029	7.782	2	31	22.971	3819	1296	8	7	7.796	5.716	154.042	0.834	1.364	0.733	0.805
246	155	20.465	9.710	0	48	51.941	3595	1300	15	17	14.820	13.317	55.315	0.722	1.113	0.899	0.818
247	79	17.152	8.510	1	39	40.042	2461	1307	10	15	13.115	7.670	108.222	0.619	1.710	0.585	0.771
248	34	23.412	12.395	3	51	28.385	3177	1308	11	6	10.285	4.209	13.576	0.530	2.443	0.409	0.701
249	317	33.937	13.354	5	69	71.012	2157	1313	22	21	21.618	18.671	47.483	0.790	1.158	0.864	0.881
250	82	44.378	14.268	5	76	35.799	2254	1316	13	9	12.599	8.287	3.824	0.804	1.520	0.658	0.872
251	33	24.242	11.286	4	47	24.142	2575	1321	9	6	8.766	4.793	20.502	0.711	1.829	0.547	0.805
252	205	24.444	10.140	2	51	66.669	454	1323	20	18	18.905	13.807	18.858	0.580	1.369	0.730	0.785
253	18	18.833	10.194	4	41	18.142	2184	1327	5	6	5.081	4.510	94.764	0.687	1.127	0.888	0.735
254	35	32.343	11.654	5	63	23.556	2004	1337	8	7	7.685	5.799	39.552	0.793	1.325	0.755	0.805
255	266	28.361	12.146	3	63	96.569	2926	1341	27	25	27.260	12.424	45.624	0.358	2.194	0.456	0.679
256	118	16.153	9.003	1	45	51.941	1141	1350	13	15	13.010	11.548	51.075	0.550	1.127	0.888	0.735
257	303	47.637	15.621	4	78	68.426	1664	1356	21	22	21.214	18.186	54.055	0.813	1.167	0.857	0.883
258	136	36.162	12.931	3	71	48.284	2141	1356	17	12	17.613	9.831	166.898	0.733	1.792	0.558	0.855
259	2710	28.369	13.202	1	76	307.848	1469	1360	86	62	79.851	43.212	166.937	0.359	1.848	0.541	0.762
260	75	30.480	13.976	5	59	36.042	3305	1361	13	10	12.398	7.702	5.154	0.726	1.610	0.621	0.794
261	207	39.473	15.713	2	82	59.355	2918	1367	17	19	16.974	15.528	121.889	0.738	1.093	0.915	0.866
262	77	24.896	10.286	4	56	33.799	2864	1370	10	11	10.298	9.520	133.787	0.847	1.082	0.924	0.870
263	218	35.330	13.243	2	64	54.870	50	1380	17	16	17.413	15.940	15.831	0.910	1.092	0.915	0.930
264	18	20.000	9.579	2	44	18.728	1884	1382	4	7	6.672	3.435	109.063	0.645	1.943	0.515	0.735
265	17	19.353	10.356	7	34	15.314	3105	1388	5	5	5.005	4.324	57.508	0.911	1.157	0.864	0.829
266	1907	56.302	27.296	2	133	218.350	3185	1390	64	59	61.702	39.352	138.138	0.503	1.568	0.638	0.771
267	310	42.245	15.526	7	82	83.255	847	1400	20	25	25.275	15.616	76.458	0.562	1.619	0.618	0.813
268	33	28.333	10.685	6	53	22.385	2347	1404	7	8	7.332	5.731	114.347	0.828	1.279	0.782	0.805
269	11921	42.380	24.959	0	142	708.465	243	1406	157	187	184.074	82.458	117.353	0.298	2.232	0.448	0.660
270	100	41.260	14.388	4	70	37.799	509	1408	13	10	13.371	9.522	160.334	0.880	1.404	0.712	0.897
271	29	34.241	12.811	16	64	20.728	1134	1409	8	5	6.988	5.284	5.476	0.848	1.323	0.756	0.841
272	2615	24.799	11.449	0	65	312.191	3088	1416	84	49	77.913	42.734	178.738	0.337	1.823	0.548	0.812
273	49	19.163	9.198	0	39	36.042	1898	1422	11	10	9.034	6.906	42.400	0.474	1.308	0.764	0.676
274	2048	48.152	25.000	0	145	219.966	2961	1424	79	39	77.161	33.794	171.081	0.532	2.283	0.438	0.870
275	427	60.344	27.886	2	121	80.426	2906	1429	26	22	25.329	21.464	1.257	0.830	1.180	0.847	0.912
276	22	10.091	4.162	2	18	22.728	1899	1433	6	8	7.065	3.965	72.159	0.535	1.782	0.561	0.657
277	675	39.193	14.838	7	82	117.196	2201	1443	34	32	37.216	23.093	44.874	0.618	1.612	0.621	0.861
278	22	16.455	7.443	3	32	24.971	1903	1448	9	7	7.124	3.932	40.540	0.443	1.812	0.552	0.550
279	57	35.491	11.516	10	60	30.042	2308	1448	11	9	9.756	7.439	135.762	0.794	1.311	0.763	0.797
280	89	28.517	8.843	10	48	42.870	715	1457	10	13	12.767	8.876	100.398	0.609	1.438	0.695	0.784
281	333	48.532	18.867	1	86	82.083	2428	1476	26	24	28.048	15.117	38.865	0.621	1.855	0.539	0.822
282	23	22.870	7.002	7	34	20.728	2465	1478	6	6	6.989	4.190	140.655	0.673	1.668	0.599	0.742
283	27	10.778	5.501	1	22	24.971	617	1488	9	7	8.901	3.862	144.855	0.544	2.304	0.434	0.659
284	3367	38.922	22.072	0	119	288.978	1932	1488	82	75	89.490	47.905	31.986	0.507	1.868	0.535	0.841
285	977	54.319	24.162	4	120	132.468	3901	1493	39	38	37.647	33.043	8.695	0.700	1.139	0.878	0.887
286	21	27.762	11.674	10	49	20.142	372	1496	8	5	6.445	4.148	171.344	0.650	1.554	0.644	0.700
287	57	32.789	10.299	15	61	28.385	102	1503	11	7	10.439	6.952	177.930	0.889	1.502	0.666	0.877
288	43	36.442	12.760	7	62	26.627	697	1516	8	10	9.175	5.967	54.623	0.762	1.538	0.650	0.768
289	19	14.526	5.092	3	23	22.142	1795	1520	9	5	9.126	2.651	21.841	0.487	3.442	0.290	0.691
290	2761	47.530	26.769	1	149	332.333	3130	1527	96	81	101.470	34.645	31.456	0.314	2.929	0.341	0.683
291	163	60.227	18.672	14	108	49.698	647	1534	18	13	18.041	11.504	160.674	0.829	1.568	0.638	0.896
292	212	35.179	16.630	2	77	59.355	3654	1535	22	14	21.304	12.670	177.213	0.756	1.681	0.595	0.874
293	49	44.571	14.533	8	84	26.142	2519	1537	9	7	8.920	6.995	18.121	0.901	1.275	0.784	0.899
294	17	31.471	12.797	5	56	17.899	784	1571	7	4	5.420	3.994	8.510	0.667	1.357	0.737	0.756
295	1108	30.016	14.725	1	76	207.966	573	1574	51	58	64.996	21.705	59.794	0.322	2.994	0.334	0.616
296	63	26.587	10.643	1	45	37.799	500	1579	11	9	11.350	7.067	40.480	0.554	1.606	0.623	0.764
297	63	20.714	9.827	5	41	36.042	1210	1591	10	12	10.430	7.691	111.849	0.609	1.356	0.737	0.720
298	236	79.309	25.981	16	132	61.941	2177	1593	18	20	19.954	15.059	55.827	0.773	1.325	0.755	0.864
299	6922	30.482	18.897	0	123	415.831	3450	1595	89	110	108.560	81.185	78.392	0.503	1.337	0.748	0.889
300	44	30.614	12.147	8	65	28.971	2497	1601	11	7	10.569	5.301	17.415	0.659	1.994	0.502	0.786
301	46	22.587	9.946	1	46	29.556	840	1608	12	6	10.841	5.402	162.270	0.662	2.007	0.498	0.821
302	16	10.750	4.754	1	19	17.314	1587	1610	5	6	5.411	3.765	107.583	0.671	1.437	0.696	0.696
303	29	22.931	10.813	4	43	20.728	3612	1610	5	8	7.409	4.984	96.096	0.848	1.487	0.673	0.853
304	677	55.437	28.754	2	124	107.740	1205	1621	34	31	33.614	25.644	27.197	0.733	1.311	0.763	0.893
305	115	41.183	12.739	7	65	42.042	2499	1622	14	12	13.152	11.133	22.072	0.818	1.181	0.846	0.852
306	154	14.571	7.466	1	40	69.841	3051	1627	18	18	14.756	13.288	93.811	0.397	1.111	0.900	0.674
307	153	37.490	15.076	5	72	50.527	1240	1648	15	16	16.507	11.801	44.047	0.753	1.399	0.715	0.867
308	67	35.552	10.967	14	63	34.042	205	1652	13	9	11.568	7.374	12.620	0.727	1.569	0.637	0.798
309	25	27.040	12.485	8	51	24.142	549	1661	8	6	7.939	4.010	11.618	0.539	1.980	0.505	0.676
310	44	18.659	7.048	5	35	33.213	3168	1661	10	10	8.657	6.471	165.514	0.501	1.338	0.747	0.629
311	206	32.820	13.886	1	67	66.669	690	1662	21	18	21.236	12.351	32.413	0.582	1.719	0.582	0.800
312	32	21.375	8.063	10	38	24.971	2649	1666	8	7	7.139	5.707	52.492	0.645	1.251	0.799	0.736
313	33	18.424	9.444	2	47	26.971	3546	1670	8	7	7.459	5.633	21.689	0.570	1.324	0.755	0.710
314	69	25.797	11.570	3	50	32.627	1888	1677	9	12	12.224	7.187	65.628	0.815	1.701	0.588	0.868
315	105	15.914	7.424	2	34	47.113	2622	1677	16	11	12.947	10.326	22.040	0.594	1.254	0.798	0.769
316	141	43.362	14.935	2	74	49.113	3768	1680	16	15	15.614	11.498	127.312	0.735	1.358	0.736	0.808
317	33	38.303	10.519	16	62	22.385	582	1692	7	8	7.410	5.671	92.980	0.828	1.307	0.765	0.786
318	1261	28.950	12.145	1	63	193.037	2690	1698	54	44	46.753	34.341	26.244	0.425	1.361	0.735	0.794
319	67	35.388	11.831	8	59	33.213	3976	1700	9	12	10.155	8.401	101.240	0.763	1.209	0.827	0.807
320	18	18.167	6.492	8	28	15.556	3323	1701	6	5	5.289	4.333	20.953	0.935	1.220	0.819	0.783
321	293	15.085	7.540	0	40	80.326	965	1706	23	26	21.472	17.374	124.088	0.571	1.236	0.809	0.782
322	27	17.519	10.338	3	43	38.870	3279	1708	8	11	7.387	4.654	90.723	0.225	1.587	0.630	0.446
323	90	39.378	13.340	12	69	40.284	1405	1710	13	13	14.398	7.959	45.486	0.697	1.809	0.553	0.804
324	29	27.724	10.948	4	53	21.799	2881	1718	8	7	7.384	5.001	29.750	0.767	1.477	0.677	0.744
325	196	24.281	10.169	2	50	63.012	1569	1721	19	16	19.181	13.011	28.475	0.620	1.474	0.678	0.817
326	60	46.550	12.428	16	70	30.142	2424	1742	8	10	10.007	7.634	72.618	0.830	1.311	0.763	0.876
327	3454	24.329	12.844	0	86	276.635	3448	1742	88	64	82.323	53.421	173.078	0.567	1.541	0.649	0.866
328	5969	47.538	26.364	0	141	452.701	517	1750	149	65	140.187	54.213	3.632	0.366	2.586	0.387	0.816
329	543	20.703	10.276	1	50	124.125	1919	1752	32	31	32.255	21.435	47.748	0.443	1.505	0.665	0.786
330	68	15.971	8.818	1	41	41.456	3207	1768	10	12	11.014	7.861	73.960	0.497	1.401	0.714	0.723
331	2653	43.471	21.276	2	114	362.375	3006	1780	100	84	107.798	31.335	40.125	0.254	3.440	0.291	0.628
332	61	46.246	14.794	8	78	30.385	1426	1782	9	10	10.376	7.485	38.166	0.830	1.386	0.721	0.865
333	1504	33.102	16.542	0	87	174.510	1374	1783	43	52	49.576	38.626	102.465	0.621	1.283	0.779	0.878
334	155	52.684	16.893	3	83	48.284	3855	1783	13	17	15.971	12.357	66.047	0.835	1.292	0.774	0.888
335	98	40.490	13.615	8	67	38.042	3001	1792	13	10	12.655	9.860	165.626	0.851	1.283	0.779	0.871
336	43	27.558	7.747	14	44	25.799	896	1803	8	9	7.936	6.899	89.151	0.812	1.150	0.869	0.782
337	366	21.385	10.038	0	58	85.983	3724	1803	27	22	24.344	19.142	11.397	0.622	1.272	0.786	0.824
338	40	12.575	6.251	2	28	34.627	1321	1809	9	10	8.621	5.908	57.592	0.419	1.459	0.685	0.620
339	26	14.038	5.681	4	27	22.728	180	1811	9	5	8.078	4.098	15.119	0.633	1.971	0.507	0.743
340	29	20.655	9.574	1	44	28.142	692	1813	10	7	8.385	4.404	140.890	0.460	1.904	0.525	0.659
341	429	53.406	21.648	4	111	91.397	708	1835	29	25	31.183	17.517	36.770	0.645	1.780	0.562	0.861
342	24	39.042	9.875	19	59	20.142	1656	1836	7	6	5.838	5.234	20.642	0.743	1.115	0.897	0.762
343	146	52.000	14.378	1	77	48.527	476	1840	15	15	14.809	12.553	125.817	0.779	1.180	0.848	0.839
344	35	13.371	6.526	1	27	26.142	3231	1875	6	10	10.633	4.191	67.085	0.644	2.537	0.394	0.805
345	60	21.000	10.286	0	43	37.456	2438	1890	12	10	10.628	7.188	29.992	0.537	1.479	0.676	0.686
346	148	43.480	14.636	7	76	49.113	281	1894	17	14	16.618	11.339	34.446	0.771	1.466	0.682	0.865
347	60	22.800	12.431	2	53	47.698	3297	1897	17	10	15.839	4.823	18.252	0.331	3.284	0.305	0.580
348	115	35.174	14.617	5	66	39.456	3865	1898	12	13	13.039	11.230	36.981	0.928	1.161	0.861	0.891
349	94	25.883	11.207	5	57	43.941	3246	1906	17	10	16.009	7.476	159.084	0.612	2.141	0.467	0.787
350	46	21.196	11.492	3	44	28.971	2662	1915	8	10	8.582	6.825	107.191	0.689	1.257	0.795	0.786
351	317	51.675	25.627	1	113	73.012	2476	1917	21	23	22.589	17.868	128.547	0.747	1.264	0.791	0.876
352	29	31.862	13.835	3	63	21.556	3055	1923	8	6	6.845	5.394	10.600	0.784	1.269	0.788	0.806
353	1040	28.043	12.329	2	72	152.024	3351	1927	39	41	41.092	32.225	52.312	0.565	1.275	0.784	0.849
354	21	26.429	9.948	10	48	17.314	401	1928	5	6	5.328	5.018	152.838	0.880	1.062	0.942	0.824
355	20	22.600	10.143	2	43	16.142	450	1937	6	5	5.510	4.621	179.045	0.965	1.192	0.839	0.833
356	675	24.456	10.863	0	54	112.225	2668	1941	38	27	35.199	24.417	11.399	0.673	1.442	0.694	0.875
357	35	30.143	8.718	11	45	24.728	3755	1941	7	8	8.288	5.377	51.170	0.719	1.541	0.649	0.787
358	41	17.220	9.183	2	38	33.213	1239	1961	12	8	9.746	5.356	165.024	0.467	1.820	0.550	0.636
359	222	43.450	14.384	6	73	64.770	3120	1964	20	19	24.585	11.497	45.738	0.665	2.138	0.468	0.854
360	102	49.961	16.315	10	84	39.799	3308	1971	10	14	13.365	9.717	84.861	0.809	1.375	0.727	0.868
361	16	15.312	7.587	4	29	16.728	3011	1973	6	5	6.973	2.922	149.561	0.719	2.387	0.419	0.744
362	45	20.822	10.686	2	48	39.456	1237	1982	12	10	12.419	4.614	33.837	0.363	2.692	0.372	0.616
363	107	41.047	14.471	7	67	44.627	203	1983	12	15	13.695	9.948	68.722	0.675	1.377	0.726	0.793
364	56	24.161	9.473	8	54	33.456	621	1986	11	10	9.506	7.501	7.561	0.629	1.267	0.789	0.737
365	772	27.225	12.391	1	64	171.480	205	1989	31	55	55.680	17.653	67.431	0.330	3.154	0.317	0.720
366	46	24.630	10.247	6	43	27.799	3036	1996	9	9	8.485	6.903	14.919	0.748	1.229	0.814	0.773
367	27	22.185	8.828	5	39	18.728	296	2000	6	6	6.079	5.655	134.069	0.967	1.075	0.930	0.871
368	99	25.586	9.816	1	46	40.870	2193	2001	14	12	15.391	8.190	143.761	0.745	1.879	0.532	0.822
369	17	17.118	8.373	4	34	18.142	3285	2010	6	6	5.753	3.762	33.215	0.649	1.529	0.654	0.708
370	32	24.125	8.031	12	37	24.971	2091	2014	9	6	8.420	4.839	19.512	0.645	1.740	0.575	0.744
371	16	21.062	12.418	1	44	14.728	465	2015	6	4	6.054	3.365	167.550	0.927	1.799	0.556	0.821
372	528	37.417	15.228	2	74	104.225	2988	2026	30	28	30.447	22.080	134.960	0.611	1.379	0.725	0.848
373	4075	27.009	13.886	0	74	307.948	2343	2029	82	80	79.297	65.430	22.613	0.540	1.212	0.825	0.872
374	103	33.835	14.479	3	65	43.799	2034	2038	9	17	18.135	7.231	75.300	0.675	2.508	0.399	0.880
375	22	26.955	12.908	0	52	17.314	536	2040	5	6	6.404	4.374	73.132	0.922	1.464	0.683	0.863
376	245	49.690	16.653	9	99	63.012	1967	2046	22	18	20.442	15.260	32.797	0.775	1.340	0.747	0.861
377	200	14.310	7.230	1	37	74.083	1141	2058	19	18	16.519	15.415	47.239	0.458	1.072	0.933	0.769
378	354	14.799	7.372	1	40	99.983	2493	2058	25	26	22.769	19.795	128.591	0.445	1.150	0.869	0.766
379	194	44.577	18.933	1	94	62.770	2207	2065	22	13	22.150	11.151	174.952	0.619	1.986	0.503	0.810
380	36	15.889	7.030	2	34	25.556	2932	2070	9	7	7.966	5.754	3.201	0.693	1.384	0.722	0.750
381	64	37.547	11.490	5	58	30.385	2778	2071	10	9	10.167	8.015	22.559	0.871	1.268	0.788	0.877
382	18	20.444	9.141	8	44	22.142	1996	2082	9	5	7.840	2.923	157.928	0.461	2.682	0.373	0.643
383	26	13.692	7.471	3	31	21.556	2513	2092	7	7	6.586	5.026	152.744	0.703	1.310	0.763	0.703
384	33	24.121	10.289	7	43	22.728	2627	2096	8	6	7.767	5.410	161.779	0.803	1.436	0.696	0.815
385	269	21.591	10.467	0	55	71.598	2555	2104	19	22	19.548	17.521	95.412	0.659	1.116	0.896	0.821
386	60	42.267	9.301	19	63	31.213	251	2105	11	8	10.377	7.362	178.858	0.774	1.410	0.709	0.811
387	239	42.368	16.451	7	92	60.770	869	2109	19	19	21.355	14.250	145.277	0.813	1.499	0.667	0.884
388	2905	28.992	14.423	0	91	284.635	3584	2132	72	75	71.648	51.624	53.063	0.451	1.388	0.721	0.809
389	223	44.359	16.330	8	83	61.598	3060	2144	21	17	19.352	14.672	169.015	0.739	1.319	0.758	0.853
390	4605	27.274	12.593	0	74	370.274	2337	2147	82	97	100.163	58.537	59.232	0.422	1.711	0.584	0.834
391	243	17.877	9.145	0	45	86.912	834	2152	26	15	24.219	12.775	174.168	0.404	1.896	0.527	0.753
392	563	18.337	8.985	1	46	112.125	1539	2188	31	31	28.355	25.281	10.510	0.563	1.122	0.892	0.815
393	207	20.092	8.828	3	48	80.083	3145	2192	18	22	20.291	12.989	66.934	0.406	1.562	0.640	0.728
394	907	35.587	17.084	0	90	150.267	1602	2193	38	38	36.622	31.534	152.849	0.505	1.161	0.861	0.838
395	1404	35.417	14.553	1	77	182.752	1348	2205	54	44	46.355	38.564	159.780	0.528	1.202	0.832	0.829
396	308	31.977	12.898	2	69	89.154	3880	2235	27	19	25.772	15.217	152.999	0.487	1.694	0.590	0.800
397	49	26.653	11.588	5	55	31.213	2150	2242	11	9	10.567	5.904	33.102	0.632	1.790	0.559	0.748
398	17	31.235	7.093	21	46	17.314	1406	2245	7	4	5.766	3.754	175.607	0.713	1.536	0.651	0.791
399	48	14.271	6.613	3	30	39.213	2302	2247	14	10	14.711	4.154	34.972	0.392	3.541	0.282	0.611
400	144	50.083	15.119	5	83	47.698	3153	2251	15	15	15.757	11.636	131.151	0.795	1.354	0.738	0.857
401	7150	36.725	21.890	0	125	493.186	447	2252	146	111	131.906	69.017	151.840	0.369	1.911	0.523	0.793
402	48	23.750	10.489	3	48	28.971	1561	2257	9	9	8.843	6.911	123.596	0.719	1.279	0.782	0.756
403	62	29.452	14.163	2	59	36.971	2123	2259	13	8	13.059	6.045	169.152	0.570	2.160	0.463	0.775
404	20	28.000	11.002	1	49	18.728	2466	2260	5	6	5.313	4.793	113.109	0.717	1.108	0.902	0.755
405	481	30.104	14.083	0	69	93.397	2605	2260	27	31	30.150	20.313	59.953	0.693	1.484	0.674	0.875
406	118	40.949	13.358	13	76	42.870	3121	2267	13	13	12.819	11.720	36.859	0.807	1.094	0.914	0.858
407	38	12.895	6.111	3	27	37.456	851	2293	7	12	10.598	4.565	108.645	0.340	2.322	0.431	0.580
408	215	34.581	15.624	2	75	60.770	1308	2298	17	21	20.326	13.468	56.208	0.732	1.509	0.663	0.846
409	156	35.917	15.241	4	73	49.941	3759	2300	17	15	16.437	12.084	26.759	0.786	1.360	0.735	0.852
410	64	30.703	11.337	3	57	32.870	3114	2305	12	9	12.001	6.790	153.876	0.744	1.768	0.566	0.805
411	26	22.692	8.475	8	45	19.899	642	2313	7	5	6.938	4.771	177.853	0.825	1.454	0.688	0.867
412	239	74.866	24.280	7	126	59.113	3963	2326	19	17	20.229	15.043	31.789	0.860	1.345	0.744	0.914
413	115	28.243	11.651	5	55	43.456	3640	2332	14	12	14.644	9.999	31.719	0.765	1.465	0.683	0.855
414	22	26.727	12.395	8	54	20.142	2599	2344	5	8	7.222	3.879	67.854	0.681	1.862	0.537	0.746
415	926	53.670	24.059	3	120	133.296	2349	2345	44	32	43.550	27.073	22.421	0.655	1.609	0.622	0.882
416	80	21.450	10.139	3	52	45.698	2952	2347	13	12	12.051	8.452	32.240	0.481	1.426	0.701	0.669
417	53	50.585	15.227	12	83	27.213	3968	2354	10	8	9.606	7.025	29.240	0.899	1.367	0.731	0.855
418	68	42.426	13.769	9	74	31.213	2833	2382	10	9	9.660	8.962	134.826	0.877	1.078	0.928	0.883
419	93	47.129	15.126	12	76	37.213	3746	2383	11	12	12.764	9.277	66.341	0.844	1.376	0.727	0.857
420	74	47.270	16.976	11	80	32.385	2745	2387	10	10	10.592	8.895	170.564	0.887	1.191	0.840	0.881
421	155	26.813	12.415	4	58	54.527	182	2394	15	18	16.805	11.744	124.814	0.655	1.431	0.699	0.812
422	26	16.654	9.562	3	32	20.728	218	2402	6	7	7.385	4.482	123.138	0.760	1.648	0.607	0.776
423	2435	41.598	22.116	0	114	237.765	2171	2407	59	71	64.484	48.079	108.218	0.541	1.341	0.746	0.830
424	27	18.704	8.250	7	34	22.385	3851	2408	8	7	7.873	4.366	49.163	0.677	1.803	0.555	0.720
425	69	30.710	13.004	1	58	35.799	2466	2410	10	12	12.799	6.864	59.592	0.677	1.865	0.536	0.812
426	94	28.500	14.662	2	60	45.698	1253	2411	12	16	15.971	7.494	117.353	0.566	2.131	0.469	0.758
427	116	39.733	13.822	3	72	41.456	159	2422	11	15	14.725	10.031	80.033	0.848	1.468	0.681	0.889
428	36	12.639	6.595	2	25	33.556	1939	2426	10	10	8.436	5.433	142.543	0.402	1.553	0.644	0.585
429	2393	50.805	26.542	1	125	273.664	343	2455	57	80	75.166	40.535	62.189	0.402	1.854	0.539	0.758
430	33	21.576	13.330	2	53	33.799	1919	2455	13	7	10.747	3.910	11.252	0.363	2.749	0.364	0.559
431	30	24.933	14.897	7	51	21.556	3424	2468	8	6	7.638	5.001	4.695	0.811	1.527	0.655	0.811
432	19	19.737	8.312	5	39	18.728	3766	2473	7	5	6.280	3.852	17.187	0.681	1.630	0.613	0.704
433	71	39.732	12.530	6	66	34.627	1352	2485	14	8	11.964	7.556	8.180	0.744	1.583	0.632	0.821
434	49	33.776	10.953	11	55	28.385	789	2494	9	9	9.296	6.711	40.319	0.764	1.385	0.722	0.817
435	995	34.327	15.334	0	82	160.995	1558	2496	50	36	42.537	29.783	10.026	0.482	1.428	0.700	0.802
436	571	48.890	20.133	2	98	134.468	1	2498	26	45	44.625	16.292	65.270	0.397	2.739	0.365	0.743
437	1979	26.987	11.480	1	67	202.108	1931	2512	53	52	55.154	45.685	132.620	0.609	1.207	0.828	0.905
438	47	15.362	7.542	2	32	29.213	3766	2522	9	9	9.252	6.468	47.560	0.692	1.430	0.699	0.764
439	21	16.190	6.860	5	29	16.728	42	2524	6	5	5.832	4.585	27.791	0.943	1.272	0.786	0.824
440	114	30.675	14.382	2	72	51.941	1526	2525	20	10	17.828	8.142	3.956	0.531	2.190	0.457	0.768
441	18083	30.957	19.951	0	127	738.566	2156	2535	174	186	202.775	113.544	56.477	0.417	1.786	0.560	0.821
442	24	33.583	10.693	13	52	18.142	1855	2545	7	5	7.065	4.325	23.609	0.916	1.634	0.612	0.842
443	1874	39.226	20.922	1	108	206.066	1908	2592	61	50	53.275	44.787	13.112	0.555	1.190	0.841	0.853
444	99	62.465	17.142	22	97	38.527	1661	2615	13	13	13.621	9.254	42.364	0.838	1.472	0.679	0.850
445	62	36.500	13.420	9	60	30.870	420	2628	11	10	10.044	7.860	150.568	0.818	1.278	0.783	0.805
446	456	51.279	20.255	2	94	90.912	1808	2645	34	19	31.878	18.213	177.674	0.693	1.750	0.571	0.885
447	519	29.432	12.831	2	65	93.397	877	2652	31	24	29.988	22.036	164.846	0.748	1.361	0.735	0.889
448	1440	26.710	11.403	1	66	176.853	3950	2662	49	40	50.264	36.477	159.968	0.579	1.378	0.726	0.894
449	381	23.241	10.302	2	54	87.841	301	2689	25	23	25.884	18.741	33.506	0.621	1.381	0.724	0.837
450	46	52.326	14.700	8	77	27.556	1589	2712	9	8	8.682	6.746	151.612	0.761	1.287	0.777	0.814
451	2768	29.695	13.706	0	82	288.291	3191	2718	87	59	77.992	45.188	170.534	0.419	1.726	0.579	0.821
452	111	45.685	18.415	5	90	41.456	2450	2728	16	10	15.612	9.053	161.146	0.812	1.725	0.580	0.884
453	41	36.805	13.125	18	65	24.728	996	2757	7	8	8.765	5.956	57.484	0.843	1.472	0.680	0.863
454	225	21.004	9.795	1	56	61.841	2253	2758	20	17	19.118	14.985	30.584	0.739	1.276	0.784	0.859
455	42	18.881	8.648	3	39	32.971	2509	2765	8	10	9.326	5.734	74.109	0.486	1.627	0.615	0.661
456	39	27.282	8.476	8	43	26.971	3574	2772	6	10	9.278	5.352	91.521	0.674	1.734	0.577	0.780
457	580	15.293	7.891	0	41	146.267	867	2783	33	30	32.979	22.393	37.828	0.341	1.473	0.679	0.763
458	1014	52.108	25.834	2	117	146.267	2005	2793	48	37	39.355	32.805	153.675	0.596	1.200	0.834	0.865
459	19	17.737	8.893	2	31	17.899	3761	2793	4	7	7.373	3.281	72.361	0.745	2.247	0.445	0.826
460	30	35.133	12.808	2	55	23.556	1789	2795	8	7	6.629	5.762	37.071	0.679	1.150	0.869	0.732
461	45	44.489	11.822	8	62	25.556	3426	2796	9	7	9.840	5.823	23.502	0.866	1.690	0.592	0.849
462	16	22.500	5.978	11	32	16.728	1699	2803	6	5	6.322	3.222	154.700	0.719	1.962	0.510	0.711
463	90	30.522	12.607	1	58	38.627	3283	2803	14	10	14.011	8.178	19.934	0.758	1.713	0.584	0.845
464	193	31.886	15.198	2	67	61.598	959	2808	17	18	18.554	13.244	60.132	0.639	1.401	0.714	0.799
465	175	34.063	14.153	3	67	65.255	3258	2817	20	18	18.567	12.001	42.934	0.516	1.547	0.646	0.748
466	100	39.040	15.325	8	76	40.870	3704	2817	13	11	12.585	10.117	15.702	0.752	1.244	0.804	0.830
467	29	34.552	15.315	1	55	19.899	1737	2820	7	5	6.850	5.390	10.688	0.920	1.271	0.787	0.921
468	28	24.893	9.255	4	46	21.556	2093	2830	8	6	7.478	4.768	150.763	0.757	1.568	0.638	0.789
469	1560	18.379	8.915	0	54	184.309	2382	2835	47	52	50.526	39.312	64.639	0.577	1.285	0.778	0.869
470	62	43.258	15.599	2	75	28.971	2671	2855	10	8	10.405	7.587	32.310	0.928	1.371	0.729	0.905
471	3869	35.917	18.223	0	99	337.605	3047	2857	86	80	84.474	58.316	148.167	0.427	1.449	0.690	0.764
472	56	29.750	8.772	7	44	28.971	518	2861	9	9	9.291	7.674	71.431	0.838	1.211	0.826	0.842
473	28	9.500	7.371	0	30	26.728	2077	2863	9	5	8.724	4.087	179.520	0.493	2.135	0.468	0.709
474	327	33.572	13.135	4	66	74.083	1189	2865	24	21	21.622	19.256	152.434	0.749	1.123	0.891	0.865
475	88	40.068	12.609	5	61	35.213	3919	2911	12	10	11.660	9.610	150.495	0.892	1.213	0.824	0.871
476	33	29.727	10.932	9	51	22.142	2585	2913	7	7	7.539	5.573	60.128	0.846	1.353	0.739	0.825
477	55	44.164	11.032	13	68	28.385	2331	2924	9	9	10.662	6.568	42.872	0.858	1.623	0.616	0.859
478	28	31.821	10.801	6	50	19.314	1267	2929	7	5	6.927	5.147	8.849	0.943	1.346	0.743	0.903
479	107	21.748	11.564	1	67	50.870	269	2945	13	14	13.676	9.962	112.975	0.520	1.373	0.728	0.725
480	22	20.682	9.484	8	39	24.971	2295	2945	9	6	9.027	3.103	27.247	0.443	2.909	0.344	0.611
481	561	51.954	26.609	2	123	153.539	1882	2960	43	39	46.717	15.290	49.810	0.299	3.056	0.327	0.636
482	92	35.554	12.960	8	64	38.284	2001	2965	14	11	13.578	8.627	11.607	0.789	1.574	0.635	0.852
483	96	41.490	17.065	5	82	42.870	3595	2968	17	10	16.562	7.380	14.245	0.656	2.244	0.446	0.807
484	614	39.560	18.056	2	87	118.811	3237	2969	36	30	31.040	25.186	27.949	0.547	1.232	0.811	0.789
485	29	25.414	10.432	8	48	22.385	2731	2972	8	7	6.876	5.370	140.533	0.727	1.280	0.781	0.725
486	19	9.632	5.408	1	22	20.728	2557	2981	8	5	5.883	4.112	23.896	0.556	1.430	0.699	0.679
487	55	26.782	11.609	1	49	31.556	432	2982	9	10	9.289	7.539	28.140	0.694	1.232	0.812	0.797
488	211	37.521	16.035	1	89	69.355	2925	2984	25	15	22.325	12.034	26.337	0.551	1.855	0.539	0.816
489	27	21.148	7.188	7	36	18.728	2980	2993	6	6	6.267	5.485	169.195	0.967	1.143	0.875	0.871
