 	Area	Mean	StdDev	Min	Max	Perim.	BX	BY	Width	Height	Major	Minor	Angle	Circ.	AR	Round	Solidity
1	1485	33.531	16.428	0	88	178.610	130	1	42	51	55.418	34.118	106.638	0.585	1.624	0.616	0.871
2	799	26.657	13.340	1	75	135.740	407	1	44	31	36.919	27.555	170.110	0.545	1.340	0.746	0.863
3	114	42.553	17.303	8	89	45.456	608	1	16	12	15.645	9.278	143.832	0.693	1.686	0.593	0.832
4	1827	50.978	27.037	1	132	185.196	1873	1	64	41	56.172	41.412	5.132	0.669	1.356	0.737	0.922
5	592	54.855	22.489	5	133	126.912	2079	1	50	22	39.560	19.054	172.685	0.462	2.076	0.482	0.874
6	792	50.953	25.750	1	126	128.811	3594	1	48	25	48.203	20.920	19.747	0.600	2.304	0.434	0.890
7	19	20.684	10.693	7	39	18.142	3983	12	7	5	6.729	3.595	149.215	0.725	1.872	0.534	0.717
8	41	26.317	8.656	2	45	25.799	1258	26	10	7	9.950	5.247	21.069	0.774	1.896	0.527	0.820
9	225	54.911	26.486	4	116	56.527	1526	39	18	17	18.813	15.228	139.123	0.885	1.235	0.809	0.907
10	32	33.688	10.225	8	53	21.314	501	42	6	7	7.422	5.489	120.111	0.885	1.352	0.740	0.877
11	32	32.781	13.154	5	50	22.971	3987	43	9	6	8.128	5.013	12.961	0.762	1.621	0.617	0.780
12	32	30.375	15.601	1	53	22.385	2822	44	7	7	6.913	5.894	17.109	0.803	1.173	0.853	0.800
13	1594	30.378	15.736	0	82	206.794	2387	64	40	63	58.064	34.954	81.632	0.468	1.661	0.602	0.841
14	18	29.556	6.784	16	44	15.314	194	67	5	5	5.034	4.553	102.660	0.965	1.106	0.904	0.837
15	332	63.988	25.513	3	130	96.912	1705	68	38	18	36.865	11.467	11.704	0.444	3.215	0.311	0.744
16	53	30.151	7.050	15	47	32.627	1851	84	9	10	9.782	6.898	45.297	0.626	1.418	0.705	0.731
17	2159	29.663	14.544	0	86	256.492	945	103	44	84	80.223	34.266	84.802	0.412	2.341	0.427	0.814
18	41	37.537	10.053	11	53	24.971	3711	107	10	6	9.403	5.552	172.914	0.826	1.694	0.590	0.845
19	721	33.429	15.081	0	77	145.497	3981	119	18	60	53.303	17.222	94.536	0.428	3.095	0.323	0.887
20	23	30.217	10.795	3	52	22.971	1988	140	7	6	6.121	4.785	26.388	0.548	1.279	0.782	0.676
21	2205	40.747	21.609	1	99	206.693	2868	140	65	52	62.671	44.798	19.095	0.649	1.399	0.715	0.908
22	50	37.200	14.727	7	67	29.213	1851	148	11	8	10.298	6.182	14.984	0.736	1.666	0.600	0.806
23	67	12.985	6.894	1	38	57.941	3496	157	17	15	16.478	5.177	139.804	0.251	3.183	0.314	0.460
24	54	13.981	7.652	1	42	44.870	3488	168	14	12	15.208	4.521	136.954	0.337	3.364	0.297	0.560
25	186	35.280	12.727	2	72	58.527	3449	169	20	13	20.126	11.767	2.728	0.682	1.710	0.585	0.855
26	100	17.760	9.737	1	45	44.284	815	176	11	14	13.128	9.699	110.100	0.641	1.354	0.739	0.791
27	17	33.353	17.578	8	65	17.314	1	178	4	7	6.348	3.410	104.848	0.713	1.862	0.537	0.791
28	31	36.581	10.794	10	60	20.728	2824	178	7	6	7.292	5.413	165.953	0.907	1.347	0.742	0.861
29	1422	37.757	17.087	1	104	179.338	3130	183	49	39	48.985	36.961	3.333	0.556	1.325	0.755	0.870
30	178	42.961	13.857	8	78	55.113	1697	194	19	13	18.392	12.322	176.932	0.736	1.493	0.670	0.860
31	5072	37.009	20.575	0	114	396.860	2954	206	109	87	92.644	69.707	177.545	0.405	1.329	0.752	0.767
32	39	34.282	13.414	7	57	24.142	2545	207	8	7	7.628	6.510	131.680	0.841	1.172	0.853	0.830
33	19	15.842	8.474	1	33	19.899	377	232	8	4	7.437	3.253	159.554	0.603	2.286	0.437	0.745
34	16	20.250	8.896	3	36	15.314	535	238	4	6	5.680	3.586	116.565	0.857	1.584	0.631	0.821
35	98	20.204	11.258	3	54	64.426	3618	240	20	11	15.896	7.849	7.516	0.297	2.025	0.494	0.622
36	411	28.696	13.401	2	67	84.669	823	246	26	24	26.436	19.795	37.046	0.720	1.335	0.749	0.885
37	20	25.700	10.638	5	45	16.728	3777	272	6	5	6.418	3.968	40.213	0.898	1.617	0.618	0.833
38	29	12.483	6.305	2	24	26.385	3089	277	7	9	9.391	3.932	66.315	0.523	2.389	0.419	0.644
39	224	44.571	16.348	7	94	59.941	1593	279	18	18	17.299	16.487	1.491	0.783	1.049	0.953	0.873
40	124	15.790	7.468	2	36	69.255	2459	279	20	13	17.557	8.993	5.935	0.325	1.952	0.512	0.625
41	110	54.418	18.734	11	87	41.113	1954	288	14	12	13.261	10.562	154.307	0.818	1.256	0.796	0.849
42	39937	25.590	21.149	0	123	1153.024	3635	289	269	229	246.900	205.951	15.762	0.377	1.199	0.834	0.826
43	46	40.826	14.640	12	73	28.385	3347	292	8	9	9.180	6.380	115.413	0.717	1.439	0.695	0.786
44	39	28.718	11.215	8	52	23.799	3681	296	8	8	7.291	6.810	58.025	0.865	1.071	0.934	0.804
45	659	38.384	15.486	2	89	134.711	2617	322	26	41	38.800	21.625	76.940	0.456	1.794	0.557	0.789
46	22	12.364	6.176	2	22	27.556	2894	329	6	11	10.203	2.745	121.650	0.364	3.716	0.269	0.579
47	2061	55.440	35.145	1	141	201.238	840	331	69	43	65.204	40.245	10.285	0.640	1.620	0.617	0.919
48	145	57.786	15.907	0	93	45.456	2281	332	13	15	14.771	12.499	74.176	0.882	1.182	0.846	0.903
49	26	28.000	10.507	6	48	20.728	2405	332	5	8	7.692	4.304	73.951	0.760	1.787	0.559	0.812
50	33	17.303	9.412	4	39	22.728	229	333	7	7	6.794	6.185	8.850	0.803	1.098	0.910	0.835
51	90	36.367	13.515	5	72	43.456	1018	353	17	9	15.461	7.412	165.171	0.599	2.086	0.479	0.804
52	16	17.250	7.243	6	32	21.314	2332	364	4	9	8.468	2.406	71.471	0.443	3.520	0.284	0.640
53	192	44.026	18.754	2	87	58.184	2880	370	21	13	19.520	12.523	12.258	0.713	1.559	0.642	0.867
54	27	26.037	9.994	7	49	20.728	2299	377	7	6	7.702	4.464	19.594	0.790	1.726	0.580	0.783
55	42	39.690	15.271	10	67	30.385	3278	378	12	6	10.489	5.098	171.880	0.572	2.057	0.486	0.771
56	43	28.279	13.468	4	51	25.556	3973	380	8	8	8.534	6.415	43.590	0.827	1.330	0.752	0.843
57	32	29.281	13.975	4	68	22.971	298	384	9	6	10.054	4.052	153.536	0.762	2.481	0.403	0.821
58	134	22.396	10.410	0	48	59.113	2794	388	22	12	18.025	9.466	175.164	0.482	1.904	0.525	0.728
59	40	25.525	11.558	5	55	24.385	1171	406	9	7	7.861	6.478	22.424	0.845	1.213	0.824	0.800
60	140	36.879	14.379	2	72	54.527	646	416	18	14	18.542	9.613	25.029	0.592	1.929	0.518	0.753
61	40	11.500	6.206	3	22	26.971	1645	419	9	8	8.335	6.111	38.827	0.691	1.364	0.733	0.748
62	124	13.653	6.487	1	28	53.355	2274	420	12	16	14.909	10.590	99.536	0.547	1.408	0.710	0.749
63	21	13.095	6.212	2	30	22.728	2699	422	9	5	9.406	2.843	165.573	0.511	3.309	0.302	0.700
64	177	52.198	20.193	5	93	61.941	3212	439	23	13	22.292	10.109	169.374	0.580	2.205	0.453	0.797
65	268	17.078	8.587	0	42	73.841	2565	440	22	21	21.026	16.229	30.839	0.618	1.296	0.772	0.808
66	58	44.448	15.567	7	82	30.385	2048	450	11	8	9.196	8.030	4.745	0.789	1.145	0.873	0.841
67	27	12.889	6.930	1	31	31.799	1	463	8	9	8.572	4.010	65.288	0.336	2.137	0.468	0.529
68	35	35.257	14.455	8	61	22.385	36	476	8	7	7.287	6.116	151.311	0.878	1.191	0.839	0.814
69	144	54.333	16.964	7	100	46.527	1633	477	17	13	16.775	10.930	28.022	0.836	1.535	0.652	0.873
70	18	30.278	10.797	18	48	17.314	3356	480	7	4	6.173	3.713	174.173	0.755	1.663	0.601	0.783
71	67	48.716	13.315	5	75	31.213	1174	489	12	8	11.104	7.682	168.765	0.864	1.445	0.692	0.876
72	25	27.600	9.704	8	45	22.142	952	490	8	6	6.764	4.706	165.624	0.641	1.437	0.696	0.704
73	34	42.206	11.847	10	61	22.385	981	495	9	6	8.322	5.202	153.071	0.853	1.600	0.625	0.840
74	3820	32.689	16.169	1	84	271.220	1231	500	80	69	80.913	60.111	23.606	0.653	1.346	0.743	0.906
75	51	32.118	12.911	6	69	28.385	1028	508	8	9	9.177	7.076	88.156	0.795	1.297	0.771	0.823
76	531	20.145	9.610	0	51	121.296	897	509	35	25	33.023	20.473	153.191	0.454	1.613	0.620	0.822
77	108	26.509	12.892	2	60	47.698	3737	519	17	12	15.339	8.965	26.651	0.597	1.711	0.584	0.763
78	122	69.484	23.207	14	126	43.698	268	547	16	12	15.201	10.219	10.790	0.803	1.488	0.672	0.847
79	89	25.506	9.880	2	48	42.870	3608	555	15	9	14.028	8.078	179.224	0.609	1.737	0.576	0.774
80	21	16.143	7.799	4	37	20.142	3111	570	6	7	7.053	3.791	48.313	0.650	1.861	0.537	0.700
81	19	27.579	12.290	10	49	23.556	1019	583	8	6	7.075	3.419	145.187	0.430	2.069	0.483	0.559
82	53	21.585	9.799	3	41	36.627	2495	585	11	10	10.236	6.593	18.883	0.496	1.553	0.644	0.654
83	210	27.614	13.178	1	72	62.184	1253	593	19	17	18.344	14.576	173.181	0.682	1.259	0.795	0.827
84	16	11.625	5.920	3	20	17.314	1172	599	7	4	6.781	3.004	169.722	0.671	2.257	0.443	0.727
85	25	15.240	7.568	2	30	22.971	1293	601	8	7	6.868	4.635	143.056	0.595	1.482	0.675	0.658
86	32	34.438	13.004	6	60	21.899	2941	610	7	6	7.636	5.335	12.012	0.838	1.431	0.699	0.865
87	16	7.625	4.410	2	18	16.142	1905	612	6	5	6.210	3.281	153.687	0.772	1.893	0.528	0.744
88	37	32.595	15.073	4	57	22.728	213	618	8	6	8.293	5.680	19.883	0.900	1.460	0.685	0.881
89	17	16.353	7.574	1	27	16.485	3877	620	4	6	6.540	3.309	104.031	0.786	1.976	0.506	0.872
90	341	53.349	23.817	2	112	78.669	2828	622	25	20	24.744	17.547	16.325	0.692	1.410	0.709	0.868
91	421	21.010	9.557	0	52	102.711	3701	628	26	25	24.550	21.834	163.235	0.501	1.124	0.889	0.810
92	1929	26.126	11.139	0	62	214.451	476	636	47	61	59.798	41.073	81.552	0.527	1.456	0.687	0.863
93	42	40.500	9.814	17	62	24.385	298	644	8	8	7.535	7.097	149.679	0.888	1.062	0.942	0.832
94	63	37.810	13.397	4	69	34.971	3556	644	13	7	11.527	6.959	173.925	0.647	1.656	0.604	0.840
95	122	61.443	18.726	19	115	48.042	283	652	14	13	14.198	10.941	7.936	0.664	1.298	0.771	0.811
96	50	43.420	12.392	8	64	25.799	556	652	9	8	8.985	7.085	178.922	0.944	1.268	0.788	0.862
97	17	26.941	8.112	15	40	17.314	3741	669	4	7	6.389	3.388	98.928	0.713	1.886	0.530	0.756
98	38	45.605	15.708	8	75	24.142	249	675	8	6	8.416	5.749	179.969	0.819	1.464	0.683	0.854
99	58	45.931	16.315	8	74	28.971	3596	679	10	8	9.640	7.661	12.256	0.868	1.258	0.795	0.872
100	1147	23.492	10.425	0	59	173.681	3832	679	53	30	54.579	26.758	3.252	0.478	2.040	0.490	0.852
101	67	20.582	12.604	3	57	58.627	1718	680	26	5	21.553	3.958	3.222	0.245	5.445	0.184	0.657
102	159	24.516	10.934	2	54	95.255	1673	683	40	11	41.239	4.909	10.151	0.220	8.400	0.119	0.674
103	35	31.029	14.158	5	58	22.728	1381	692	6	8	8.609	5.177	112.090	0.851	1.663	0.601	0.864
104	1643	21.965	10.428	1	59	242.593	748	712	75	52	70.424	29.705	154.387	0.351	2.371	0.422	0.702
105	208	21.178	10.316	1	46	70.326	595	746	23	18	22.366	11.841	152.267	0.528	1.889	0.529	0.783
106	1208	50.231	22.404	1	117	176.066	1486	757	57	41	50.990	30.164	171.884	0.490	1.690	0.592	0.775
107	155	72.129	19.782	13	118	46.627	3830	763	16	12	16.728	11.798	176.598	0.896	1.418	0.705	0.923
108	123	25.081	11.173	1	55	44.627	456	770	14	12	12.985	12.061	171.838	0.776	1.077	0.929	0.854
109	45	25.267	10.841	2	50	31.213	1403	788	11	7	11.111	5.157	168.127	0.580	2.155	0.464	0.750
110	82	66.354	16.585	3	101	34.385	22	789	12	9	11.952	8.735	5.766	0.872	1.368	0.731	0.891
111	50	45.740	14.471	18	72	26.142	2700	800	8	8	8.549	7.446	24.415	0.919	1.148	0.871	0.885
112	16	27.938	12.741	3	46	16.728	1021	801	6	5	7.458	2.731	36.245	0.719	2.731	0.366	0.762
113	26	18.577	7.100	3	31	24.142	426	813	6	8	8.118	4.078	60.145	0.561	1.991	0.502	0.703
114	23	30.522	13.180	5	51	18.385	849	816	7	6	6.535	4.481	152.721	0.855	1.458	0.686	0.767
115	1462	41.855	20.999	1	100	201.380	2484	822	65	42	63.381	29.370	157.179	0.453	2.158	0.463	0.784
116	27	23.630	12.007	3	47	20.728	1889	830	7	6	6.127	5.611	158.399	0.790	1.092	0.916	0.831
117	103	20.670	8.784	2	48	57.113	3086	835	16	18	17.103	7.668	59.502	0.397	2.230	0.448	0.613
118	72	39.236	11.631	12	63	32.627	322	865	11	10	11.632	7.881	35.525	0.850	1.476	0.678	0.832
119	40	32.325	10.435	13	56	23.799	3188	870	8	8	7.629	6.676	0.637	0.887	1.143	0.875	0.816
120	4884	33.420	16.762	1	93	329.505	1804	886	78	95	95.967	64.798	106.555	0.565	1.481	0.675	0.882
121	17	23.647	10.594	8	44	16.728	3863	893	5	6	6.242	3.468	55.940	0.763	1.800	0.556	0.756
122	17	28.882	12.369	17	59	16.142	1012	895	6	5	5.631	3.844	152.473	0.820	1.465	0.683	0.739
123	480	38.631	18.862	1	91	95.397	72	901	33	23	30.166	20.259	19.401	0.663	1.489	0.672	0.870
124	33	21.364	6.314	8	33	23.799	539	920	8	8	6.709	6.263	67.149	0.732	1.071	0.934	0.733
125	119	27.025	12.789	4	56	53.698	3669	933	16	12	14.029	10.800	159.158	0.519	1.299	0.770	0.748
126	66	27.697	8.925	11	48	34.042	3375	942	12	9	11.050	7.605	13.058	0.716	1.453	0.688	0.795
127	32	37.281	8.517	17	55	21.556	2202	943	7	7	6.926	5.883	147.501	0.865	1.177	0.849	0.821
128	25	31.960	10.366	13	52	20.728	3334	944	7	6	6.636	4.796	177.899	0.731	1.384	0.723	0.746
129	22	22.818	9.615	5	43	18.728	2906	953	6	6	6.776	4.134	141.124	0.788	1.639	0.610	0.772
130	1542	54.345	33.823	1	146	170.409	453	955	47	50	48.241	40.698	130.452	0.667	1.185	0.844	0.894
131	855	57.411	28.017	1	135	124.368	2104	958	41	36	39.937	27.258	148.669	0.695	1.465	0.683	0.877
132	61	23.705	11.176	1	54	35.456	1014	989	13	9	13.198	5.885	156.852	0.610	2.243	0.446	0.758
133	48	21.750	7.356	8	36	27.799	3780	989	8	10	9.085	6.727	112.982	0.781	1.351	0.740	0.800
134	94	29.957	12.602	4	64	39.213	147	998	15	9	13.950	8.580	169.908	0.768	1.626	0.615	0.855
135	65	30.215	10.722	5	57	33.799	137	1007	9	11	10.977	7.540	82.637	0.715	1.456	0.687	0.807
136	137	25.847	11.456	3	51	46.284	3425	1017	15	14	13.632	12.796	148.088	0.804	1.065	0.939	0.838
137	43	39.930	12.565	5	65	24.728	1344	1030	8	7	8.116	6.746	20.973	0.884	1.203	0.831	0.878
138	210	21.024	8.712	3	43	62.527	3929	1032	16	19	17.187	15.557	78.411	0.675	1.105	0.905	0.847
139	286	35.678	14.773	3	73	65.598	2188	1035	21	19	22.236	16.376	153.107	0.835	1.358	0.736	0.902
140	38	18.184	9.046	4	49	25.556	3675	1036	7	9	8.073	5.993	57.155	0.731	1.347	0.742	0.800
141	36	39.833	16.317	8	72	22.142	610	1044	8	6	7.311	6.270	1.734	0.923	1.166	0.858	0.878
142	319	30.013	12.422	2	60	74.426	2503	1049	24	21	25.615	15.856	44.413	0.724	1.615	0.619	0.859
143	53	33.849	8.142	8	56	28.385	3236	1059	8	10	9.031	7.472	71.197	0.827	1.209	0.827	0.835
144	200	18.530	9.010	1	44	69.012	169	1065	19	15	17.225	14.783	8.452	0.528	1.165	0.858	0.803
145	48	23.521	9.313	3	47	29.799	3899	1066	11	8	10.224	5.977	14.148	0.679	1.710	0.585	0.750
146	39	30.205	13.057	5	56	30.627	3709	1073	12	7	9.975	4.978	9.002	0.522	2.004	0.499	0.684
147	136	53.441	24.456	7	105	51.698	878	1074	20	12	21.901	7.906	153.486	0.639	2.770	0.361	0.840
148	48	27.542	11.229	1	50	28.971	3590	1074	10	7	8.951	6.828	153.933	0.719	1.311	0.763	0.814
149	50	16.740	7.401	4	30	46.870	3242	1077	12	11	10.764	5.915	34.792	0.286	1.820	0.549	0.513
150	390	22.241	10.253	1	56	81.740	1257	1082	26	23	24.406	20.346	37.913	0.734	1.200	0.834	0.860
151	2170	48.200	23.905	0	125	258.492	3675	1082	74	57	76.330	36.197	153.059	0.408	2.109	0.474	0.762
152	1693	38.642	18.916	2	99	217.137	1568	1110	43	65	62.649	34.408	80.135	0.451	1.821	0.549	0.820
153	47	40.809	13.019	5	68	26.385	979	1117	9	8	8.167	7.327	165.235	0.848	1.115	0.897	0.832
154	17	28.118	10.313	8	42	19.556	610	1138	8	5	5.959	3.633	172.541	0.559	1.640	0.610	0.630
155	441	29.569	18.700	0	85	99.397	3055	1138	26	30	30.757	18.256	126.665	0.561	1.685	0.594	0.831
156	52	33.346	14.268	1	58	29.213	3336	1155	10	9	8.987	7.367	132.253	0.766	1.220	0.820	0.806
157	25	25.000	8.515	13	41	18.728	930	1160	7	5	6.870	4.633	179.462	0.896	1.483	0.674	0.847
158	32	32.094	9.539	11	57	21.556	1784	1160	7	7	6.733	6.051	166.442	0.865	1.113	0.899	0.821
159	157	43.096	19.028	3	83	57.698	454	1173	21	13	19.315	10.350	9.158	0.593	1.866	0.536	0.793
160	254	19.268	9.563	0	53	72.083	2106	1177	25	15	22.840	14.160	2.625	0.614	1.613	0.620	0.836
161	19	21.421	10.151	5	39	15.899	3547	1186	6	4	5.904	4.097	6.193	0.944	1.441	0.694	0.884
162	62	24.032	12.993	0	55	36.627	3001	1193	11	10	10.595	7.451	16.856	0.581	1.422	0.703	0.717
163	354	28.492	12.385	2	63	79.497	2709	1200	26	19	25.039	18.001	4.184	0.704	1.391	0.719	0.869
164	47	15.489	7.541	2	34	31.799	626	1230	9	9	8.351	7.166	51.397	0.584	1.165	0.858	0.729
165	342	28.327	12.535	1	66	81.497	1161	1237	28	21	27.549	15.806	17.874	0.647	1.743	0.574	0.841
166	25	20.240	10.183	4	36	20.971	2381	1243	7	7	7.280	4.372	139.247	0.714	1.665	0.601	0.735
167	23	19.348	7.056	9	31	17.556	1937	1252	6	6	7.327	3.997	135.552	0.938	1.833	0.545	0.821
168	366	42.866	19.916	2	86	92.083	2753	1254	27	21	25.206	18.488	166.103	0.542	1.363	0.733	0.797
169	126	15.905	7.973	0	42	50.527	2336	1258	17	13	14.958	10.725	177.119	0.620	1.395	0.717	0.787
170	39	17.462	10.575	1	43	31.799	651	1262	5	12	12.105	4.102	95.012	0.485	2.951	0.339	0.709
171	813	22.950	15.777	1	86	157.924	3012	1277	31	50	43.275	23.920	90.379	0.410	1.809	0.553	0.750
172	4017	42.058	26.482	0	128	275.664	1978	1285	94	59	91.770	55.733	175.500	0.664	1.647	0.607	0.915
173	1015	40.815	21.712	2	99	136.125	3238	1287	43	35	42.097	30.699	166.904	0.688	1.371	0.729	0.877
174	1846	28.181	14.716	0	90	235.179	1342	1294	59	61	60.181	39.055	47.993	0.419	1.541	0.649	0.769
175	26	29.385	11.218	6	55	20.142	826	1309	8	5	7.486	4.422	163.497	0.805	1.693	0.591	0.825
176	240	16.413	8.276	1	44	88.326	3903	1310	26	18	21.254	14.378	159.390	0.387	1.478	0.676	0.706
177	55	23.055	10.769	3	60	38.042	538	1312	13	10	11.177	6.265	152.130	0.478	1.784	0.561	0.683
178	49	51.224	14.986	7	78	26.142	30	1319	8	8	8.464	7.371	21.461	0.901	1.148	0.871	0.891
179	876	27.716	12.838	0	67	139.196	2339	1320	33	41	38.135	29.248	93.656	0.568	1.304	0.767	0.828
180	2586	42.874	21.826	0	110	295.362	3843	1330	72	67	64.209	51.279	46.538	0.373	1.252	0.799	0.779
181	68	37.191	11.712	5	60	30.385	3290	1353	10	9	11.352	7.627	37.068	0.926	1.488	0.672	0.901
182	178	40.056	13.375	11	73	57.355	328	1367	16	20	18.674	12.136	122.102	0.680	1.539	0.650	0.826
183	68	29.426	12.875	1	58	38.042	2759	1370	13	10	13.529	6.400	157.018	0.590	2.114	0.473	0.760
184	137	47.401	18.303	8	86	45.456	1279	1378	16	12	14.755	11.822	161.751	0.833	1.248	0.801	0.884
185	32	27.469	9.020	7	46	22.971	2329	1379	9	6	9.348	4.359	29.808	0.762	2.145	0.466	0.821
186	109	37.339	14.119	2	67	40.284	343	1406	12	14	12.542	11.065	72.716	0.844	1.133	0.882	0.852
187	56	27.661	10.604	3	49	31.556	1042	1410	9	9	9.933	7.178	108.602	0.707	1.384	0.723	0.812
188	96	59.917	18.391	2	91	40.870	2020	1412	14	11	14.305	8.544	149.249	0.722	1.674	0.597	0.835
189	67	34.940	10.939	10	55	32.042	2154	1415	12	9	10.046	8.492	164.436	0.820	1.183	0.845	0.822
190	27	21.000	8.953	6	42	24.728	235	1418	10	5	10.145	3.389	15.958	0.555	2.994	0.334	0.730
191	26	15.192	6.020	5	25	22.728	2307	1419	7	7	6.913	4.789	149.643	0.633	1.444	0.693	0.712
192	22	19.636	6.918	8	34	22.728	1439	1420	9	4	7.630	3.671	0.375	0.535	2.078	0.481	0.721
193	26	13.654	7.088	2	26	21.314	3199	1426	6	7	5.914	5.597	138.013	0.719	1.057	0.946	0.800
194	41	30.049	13.221	4	55	24.971	1298	1429	9	7	8.236	6.338	23.784	0.826	1.300	0.770	0.820
195	331	51.163	23.761	7	111	76.426	1479	1464	28	18	26.228	16.069	12.944	0.712	1.632	0.613	0.877
196	273	15.601	7.512	0	42	69.012	1620	1468	23	18	22.096	15.731	161.097	0.720	1.405	0.712	0.843
197	76	49.474	12.021	12	76	33.799	3497	1474	11	10	10.728	9.020	45.579	0.836	1.189	0.841	0.864
198	206	21.165	10.744	3	47	72.426	3406	1479	24	19	25.346	10.348	36.738	0.493	2.449	0.408	0.742
199	45	52.933	15.665	21	89	24.971	2287	1482	8	8	9.363	6.119	133.982	0.907	1.530	0.654	0.882
200	19	24.632	7.960	8	41	17.899	1701	1497	6	5	5.569	4.344	175.761	0.745	1.282	0.780	0.776
201	22	30.364	12.602	11	47	19.314	2455	1503	6	6	6.182	4.531	143.589	0.741	1.364	0.733	0.786
202	79	22.772	9.386	5	47	34.385	3115	1522	11	10	10.679	9.419	173.195	0.840	1.134	0.882	0.859
203	21	29.476	11.758	4	54	19.899	1225	1547	7	5	6.973	3.834	151.103	0.666	1.819	0.550	0.750
204	150	22.073	11.326	1	57	67.941	483	1550	17	21	22.247	8.585	62.194	0.408	2.592	0.386	0.655
205	18	33.000	9.425	10	47	16.728	2267	1553	6	5	5.267	4.351	49.045	0.808	1.211	0.826	0.783
206	22	31.591	9.782	8	45	16.728	3007	1561	6	5	5.863	4.778	157.115	0.988	1.227	0.815	0.863
207	22	14.545	6.292	5	26	24.142	3696	1577	7	8	7.625	3.674	43.425	0.474	2.076	0.482	0.620
208	37	34.243	11.024	9	51	26.142	2916	1588	10	6	8.578	5.492	4.020	0.680	1.562	0.640	0.779
209	26	39.038	13.616	19	73	18.728	1360	1594	7	5	7.116	4.652	14.831	0.932	1.530	0.654	0.881
210	16	17.625	8.205	4	34	19.314	874	1602	8	4	8.073	2.524	155.776	0.539	3.199	0.313	0.727
211	21	37.857	10.617	16	57	16.728	441	1605	6	5	6.782	3.943	145.603	0.943	1.720	0.581	0.857
212	111	25.189	12.158	4	51	51.113	2126	1605	14	16	16.084	8.787	137.203	0.534	1.830	0.546	0.728
213	32	55.188	12.648	23	90	20.728	1342	1621	8	5	8.516	4.784	8.556	0.936	1.780	0.562	0.901
214	46	18.304	10.274	1	42	39.456	3906	1622	10	11	10.180	5.754	133.220	0.371	1.769	0.565	0.597
215	58	14.621	6.480	3	31	32.971	3444	1624	9	10	9.829	7.514	90.918	0.670	1.308	0.764	0.800
216	29	23.897	9.298	4	47	20.142	949	1640	7	6	6.725	5.491	148.797	0.898	1.225	0.817	0.829
217	67	36.284	12.983	14	67	35.799	2564	1642	13	9	14.391	5.928	149.191	0.657	2.428	0.412	0.827
218	377	41.058	16.721	4	90	79.497	1641	1646	25	24	24.185	19.847	35.086	0.750	1.219	0.821	0.872
219	67	16.104	7.886	3	41	35.456	2599	1654	13	9	12.934	6.596	166.067	0.670	1.961	0.510	0.779
220	19	17.526	6.818	7	31	18.142	2026	1656	6	6	5.640	4.289	66.018	0.725	1.315	0.760	0.704
221	127	43.150	13.689	7	77	44.042	2535	1658	13	14	13.343	12.119	114.849	0.823	1.101	0.908	0.858
222	41	34.220	12.571	17	60	24.385	3844	1674	8	8	8.262	6.319	161.392	0.866	1.308	0.765	0.828
223	60	15.567	6.723	1	31	35.799	181	1683	12	10	11.331	6.742	149.132	0.588	1.681	0.595	0.736
224	25	42.120	8.413	21	53	18.142	610	1683	7	5	6.987	4.556	173.115	0.954	1.534	0.652	0.847
225	240	46.225	14.153	8	84	66.426	2806	1683	23	17	20.761	14.719	177.605	0.684	1.410	0.709	0.830
226	190	43.495	17.540	3	80	54.870	2212	1701	20	13	19.476	12.421	0.700	0.793	1.568	0.638	0.903
227	81	24.605	12.097	1	51	36.385	180	1702	9	13	13.181	7.824	74.192	0.769	1.685	0.594	0.848
228	155	19.058	9.068	2	41	49.941	1993	1703	14	17	15.810	12.483	88.990	0.781	1.266	0.790	0.856
229	252	31.968	12.834	1	65	69.841	2320	1728	20	21	19.279	16.643	66.486	0.649	1.158	0.863	0.810
230	90	18.578	8.282	1	36	47.698	2421	1735	14	12	11.270	10.168	175.183	0.497	1.108	0.902	0.714
231	106	44.519	14.581	7	72	41.113	3282	1739	13	14	12.433	10.855	138.579	0.788	1.145	0.873	0.828
232	21	29.048	9.282	4	45	17.314	2488	1747	6	5	5.890	4.540	156.263	0.880	1.297	0.771	0.875
233	744	23.305	10.724	1	63	126.711	986	1765	40	27	38.747	24.448	176.869	0.582	1.585	0.631	0.869
234	17	27.353	11.079	2	41	16.728	591	1779	6	5	5.744	3.768	29.666	0.763	1.524	0.656	0.773
235	22	27.364	10.427	8	41	17.899	2617	1782	4	7	6.845	4.092	70.707	0.863	1.673	0.598	0.898
236	1798	28.166	13.787	0	83	252.735	3286	1791	79	45	71.423	32.053	163.323	0.354	2.228	0.449	0.797
237	948	34.019	16.766	0	79	143.439	3091	1798	42	41	50.044	24.120	42.991	0.579	2.075	0.482	0.878
238	21	20.810	8.465	7	36	17.899	2653	1799	5	6	6.274	4.262	80.648	0.824	1.472	0.679	0.840
239	22	21.773	9.319	3	34	17.314	1079	1805	6	5	5.893	4.754	3.553	0.922	1.240	0.807	0.863
240	215	24.274	13.523	1	69	66.527	272	1806	13	24	23.184	11.807	84.427	0.610	1.964	0.509	0.840
241	68	33.662	11.675	5	53	35.456	2823	1806	13	10	10.650	8.130	157.082	0.680	1.310	0.763	0.768
242	71	33.732	12.405	4	64	34.385	352	1811	12	9	11.395	7.933	175.445	0.755	1.436	0.696	0.830
243	64	20.031	9.671	2	44	37.556	2340	1818	15	7	14.652	5.562	170.817	0.570	2.635	0.380	0.815
244	224	60.491	20.445	7	103	60.184	907	1819	16	22	20.776	13.727	112.237	0.777	1.514	0.661	0.885
245	40	53.575	15.116	19	76	24.971	1349	1831	9	7	8.086	6.298	170.769	0.806	1.284	0.779	0.808
246	159	15.679	7.422	1	36	60.184	143	1845	15	19	18.759	10.792	69.058	0.552	1.738	0.575	0.779
247	25	17.440	8.515	2	30	20.385	1762	1850	7	7	7.996	3.981	132.692	0.756	2.009	0.498	0.735
248	76	50.829	16.073	12	78	36.042	3900	1869	13	9	12.573	7.696	161.609	0.735	1.634	0.612	0.809
249	265	25.109	11.532	3	54	67.598	785	1872	19	22	21.947	15.374	66.305	0.729	1.428	0.700	0.862
250	49	25.102	10.180	4	40	30.385	384	1873	11	8	9.117	6.843	17.232	0.667	1.332	0.751	0.766
251	249	20.582	9.929	1	51	74.184	3441	1878	19	21	20.148	15.735	52.311	0.569	1.280	0.781	0.805
252	29	15.966	6.056	6	26	22.728	2082	1888	9	5	8.264	4.468	1.638	0.705	1.850	0.541	0.817
253	616	47.146	23.528	0	100	97.012	1057	1889	26	30	30.621	25.614	108.843	0.823	1.195	0.836	0.925
254	28	35.143	9.835	8	54	20.728	3078	1895	8	5	7.878	4.525	168.978	0.819	1.741	0.574	0.848
255	192	33.021	15.705	2	68	57.355	3659	1899	19	16	18.235	13.406	150.994	0.733	1.360	0.735	0.840
256	869	33.518	17.164	0	81	133.196	2751	1907	32	40	37.225	29.723	82.365	0.616	1.252	0.798	0.863
257	51	26.431	12.024	4	51	29.799	3638	1921	11	7	10.095	6.432	11.784	0.722	1.569	0.637	0.810
258	23	18.522	9.085	5	39	26.385	2823	1963	6	9	6.478	4.521	81.846	0.415	1.433	0.698	0.568
259	26	22.154	10.665	1	42	20.728	235	1967	8	5	7.364	4.496	19.034	0.760	1.638	0.611	0.788
260	21	36.333	14.044	8	56	21.799	1313	1974	8	6	5.956	4.489	23.669	0.555	1.327	0.754	0.646
261	17	30.647	13.747	8	58	18.728	3860	1994	8	4	6.726	3.218	176.128	0.609	2.090	0.478	0.723
262	741	19.673	9.410	0	51	132.024	520	2002	38	31	35.181	26.817	158.348	0.534	1.312	0.762	0.843
263	17	23.176	10.156	5	38	18.142	3094	2013	6	6	4.941	4.380	106.589	0.649	1.128	0.886	0.667
264	4478	47.433	28.008	0	141	335.747	2543	2020	79	96	88.209	64.637	106.575	0.499	1.365	0.733	0.854
265	33	34.242	11.734	13	53	22.971	1207	2024	7	8	6.846	6.137	60.224	0.786	1.116	0.896	0.795
266	39	27.410	12.584	6	53	30.627	3672	2024	8	10	8.689	5.715	101.363	0.522	1.520	0.658	0.645
267	1200	32.667	13.270	2	80	152.267	710	2038	40	47	47.751	31.997	65.979	0.650	1.492	0.670	0.891
268	918	50.870	27.769	1	121	129.196	3669	2039	39	39	41.806	27.959	143.462	0.691	1.495	0.669	0.881
269	40	14.075	6.948	1	35	38.284	847	2040	10	8	8.043	6.332	3.102	0.343	1.270	0.787	0.606
270	32	24.188	9.647	6	42	22.142	1430	2040	7	7	7.656	5.322	129.398	0.820	1.438	0.695	0.821
271	277	48.394	18.708	3	94	71.255	3874	2062	23	19	22.714	15.527	28.928	0.686	1.463	0.684	0.851
272	79	33.506	12.419	4	62	42.042	2080	2090	17	8	16.449	6.115	166.799	0.562	2.690	0.372	0.782
273	71	17.859	9.087	1	40	37.799	2005	2092	14	8	14.492	6.238	176.086	0.624	2.323	0.430	0.789
274	18	22.500	10.473	8	43	17.314	3312	2094	6	5	5.490	4.174	173.187	0.755	1.315	0.760	0.750
275	148	31.642	15.580	2	71	47.698	1307	2107	17	13	15.594	12.084	170.326	0.817	1.290	0.775	0.863
276	187	46.690	18.884	2	87	53.113	3171	2110	18	15	17.174	13.863	35.295	0.833	1.239	0.807	0.888
277	44	21.705	9.067	4	40	26.142	1	2115	7	9	8.578	6.531	64.684	0.809	1.313	0.761	0.854
278	52	29.500	9.973	12	56	28.385	392	2123	10	8	9.028	7.334	177.578	0.811	1.231	0.812	0.832
279	19	14.263	7.125	2	27	23.556	849	2128	8	7	5.869	4.122	152.496	0.430	1.424	0.702	0.528
280	41	44.756	15.328	15	79	24.385	2839	2148	9	7	8.741	5.972	175.275	0.866	1.464	0.683	0.812
281	82	43.390	15.097	7	79	34.627	3050	2164	12	10	11.704	8.920	165.299	0.859	1.312	0.762	0.863
282	33	18.727	8.228	5	40	25.556	3130	2165	7	9	8.825	4.761	66.903	0.635	1.853	0.540	0.710
283	278	37.597	16.267	1	77	67.598	2591	2166	19	20	19.816	17.862	105.932	0.765	1.109	0.901	0.878
284	22	28.455	13.451	10	57	17.899	2203	2184	7	4	6.963	4.023	179.028	0.863	1.731	0.578	0.880
285	175	16.646	7.928	0	36	57.012	3427	2191	17	18	15.368	14.498	125.315	0.677	1.060	0.943	0.799
286	57	44.667	17.875	2	81	30.142	3850	2219	10	8	10.109	7.179	9.682	0.788	1.408	0.710	0.844
287	29	29.862	7.781	17	43	19.556	1189	2230	6	7	6.966	5.300	55.272	0.953	1.314	0.761	0.829
288	511	22.225	10.568	1	60	110.711	1884	2258	36	28	38.824	16.758	35.683	0.524	2.317	0.432	0.812
289	1043	34.039	14.594	0	74	134.024	2102	2258	43	36	41.119	32.297	35.335	0.730	1.273	0.785	0.912
290	419	26.921	11.754	2	62	85.497	2316	2271	26	24	24.447	21.823	171.270	0.720	1.120	0.893	0.866
291	472	32.335	14.370	1	80	96.326	1005	2277	33	22	30.514	19.695	5.275	0.639	1.549	0.645	0.868
292	63	58.603	17.605	10	84	29.799	437	2287	11	8	10.693	7.502	3.436	0.892	1.425	0.702	0.875
293	354	18.226	9.103	1	46	117.539	1433	2292	27	25	23.641	19.066	36.867	0.322	1.240	0.806	0.717
294	38	46.132	13.545	14	75	24.385	3307	2304	7	9	8.299	5.830	94.554	0.803	1.423	0.703	0.792
295	21	20.714	9.171	6	38	29.213	406	2312	8	6	6.601	4.051	20.944	0.309	1.629	0.614	0.568
296	20	17.050	6.855	7	35	20.728	1435	2319	8	4	7.613	3.345	9.184	0.585	2.276	0.439	0.741
297	384	33.495	13.755	2	72	80.426	2135	2329	24	22	23.709	20.622	33.098	0.746	1.150	0.870	0.884
298	56	18.196	9.370	1	39	29.556	2884	2342	9	9	9.459	7.538	163.919	0.806	1.255	0.797	0.836
299	22	19.909	7.819	5	32	18.728	270	2367	5	7	6.248	4.483	76.925	0.788	1.394	0.718	0.772
300	25	18.200	8.485	5	35	30.042	3348	2368	9	10	9.733	3.270	127.614	0.348	2.976	0.336	0.481
301	46	41.174	14.427	15	74	25.799	3649	2373	9	8	8.656	6.767	166.371	0.868	1.279	0.782	0.821
302	287	54.094	20.554	5	95	68.669	528	2374	24	20	23.782	15.365	149.358	0.765	1.548	0.646	0.878
303	40	40.300	15.183	7	73	24.971	1621	2374	10	6	9.323	5.463	7.193	0.806	1.707	0.586	0.808
304	5950	36.672	20.965	0	107	351.061	2265	2385	82	105	113.286	66.873	114.507	0.607	1.694	0.590	0.904
305	24	27.542	11.143	10	50	20.142	2987	2400	8	5	7.562	4.041	179.182	0.743	1.871	0.534	0.787
306	19	13.789	6.917	4	25	26.971	206	2403	8	8	6.870	3.521	146.256	0.328	1.951	0.513	0.469
307	41	44.488	15.704	16	70	26.385	2120	2403	9	8	8.290	6.297	159.270	0.740	1.317	0.760	0.774
308	556	42.966	20.091	0	87	96.811	3845	2408	31	28	33.038	21.427	139.086	0.745	1.542	0.649	0.898
309	86	21.942	11.204	3	54	39.456	3769	2411	13	11	12.974	8.440	16.028	0.694	1.537	0.651	0.782
310	41	37.098	11.079	13	57	25.556	2779	2416	9	7	9.019	5.788	173.842	0.789	1.558	0.642	0.820
311	21	21.286	5.100	12	31	17.556	1685	2435	7	5	6.505	4.111	156.053	0.856	1.582	0.632	0.808
312	33	27.455	7.023	12	40	22.142	1643	2442	8	6	7.341	5.723	162.197	0.846	1.283	0.780	0.835
313	296	20.753	9.444	3	54	76.912	2663	2443	24	22	19.944	18.896	17.059	0.629	1.055	0.947	0.817
314	108	11.926	7.100	1	33	60.184	729	2460	15	13	12.850	10.701	165.210	0.375	1.201	0.833	0.692
315	118	22.102	9.998	1	42	47.113	3396	2486	17	12	16.810	8.938	153.141	0.668	1.881	0.532	0.808
316	22	20.955	8.666	7	37	20.142	2400	2497	7	6	6.407	4.372	35.761	0.681	1.465	0.682	0.688
317	74	16.851	9.049	1	36	45.113	99	2499	13	11	12.468	7.557	36.583	0.457	1.650	0.606	0.679
318	32	51.000	18.441	3	82	20.728	75	2513	7	6	7.024	5.800	174.220	0.936	1.211	0.826	0.889
319	33	37.727	14.727	9	64	22.728	3816	2517	8	6	8.095	5.190	156.187	0.803	1.560	0.641	0.857
320	112	16.152	7.622	1	33	43.456	2379	2531	14	12	13.108	10.879	25.136	0.745	1.205	0.830	0.852
321	1333	36.258	17.212	1	100	165.924	1128	2539	56	37	51.977	32.654	171.482	0.608	1.592	0.628	0.879
322	56	16.589	9.334	1	47	40.870	200	2576	11	13	10.458	6.818	64.644	0.421	1.534	0.652	0.622
323	35	32.543	13.984	3	60	24.971	2948	2586	9	7	8.316	5.359	28.305	0.705	1.552	0.644	0.778
324	2851	32.925	13.998	1	81	238.350	1944	2597	70	61	65.054	55.800	179.832	0.631	1.166	0.858	0.915
325	814	48.118	25.364	1	110	118.811	2535	2600	35	36	35.411	29.268	139.821	0.725	1.210	0.827	0.885
326	1133	39.815	22.810	0	126	155.681	2351	2608	49	37	46.883	30.770	17.290	0.587	1.524	0.656	0.842
327	49	27.245	10.841	5	52	28.385	3613	2617	8	9	8.235	7.576	87.315	0.764	1.087	0.920	0.803
328	36	34.194	15.122	5	72	24.971	3157	2619	10	6	9.768	4.693	20.439	0.726	2.081	0.480	0.809
329	1163	36.290	16.561	1	89	165.238	674	2623	38	51	50.058	29.581	105.101	0.535	1.692	0.591	0.814
330	82	65.159	20.542	7	99	35.213	1731	2623	14	8	13.317	7.840	7.202	0.831	1.698	0.589	0.882
331	27	34.667	14.544	3	66	22.385	415	2647	9	6	7.602	4.522	2.138	0.677	1.681	0.595	0.701
332	64	18.438	8.889	2	37	37.456	1083	2701	15	9	12.773	6.380	19.358	0.573	2.002	0.499	0.727
333	52	61.288	18.586	17	96	27.799	3569	2709	11	7	10.816	6.121	171.233	0.846	1.767	0.566	0.846
334	174	36.368	12.796	6	64	54.527	1844	2722	18	14	16.623	13.328	31.575	0.735	1.247	0.802	0.853
335	79	36.633	13.293	7	71	38.284	1211	2727	12	13	14.819	6.788	140.924	0.677	2.183	0.458	0.810
336	42	32.690	13.240	2	56	29.213	2611	2729	10	8	9.364	5.711	149.800	0.618	1.640	0.610	0.724
337	83	23.072	10.140	4	44	36.385	2618	2737	11	11	12.461	8.481	39.784	0.788	1.469	0.681	0.874
338	62	50.484	13.822	9	72	29.556	145	2751	8	10	10.009	7.887	73.693	0.892	1.269	0.788	0.886
339	48	44.875	13.433	5	74	26.385	1559	2755	10	7	9.460	6.461	165.289	0.866	1.464	0.683	0.842
340	5922	37.395	22.227	0	110	452.801	665	2760	108	99	112.355	67.110	29.990	0.363	1.674	0.597	0.794
341	95	34.632	14.368	4	72	52.042	1244	2764	21	9	21.937	5.514	163.840	0.441	3.979	0.251	0.748
342	213	60.230	20.652	4	107	58.770	3712	2766	20	16	20.536	13.206	11.965	0.775	1.555	0.643	0.847
343	4022	33.689	18.833	0	105	316.877	3743	2766	77	90	82.537	62.045	113.963	0.503	1.330	0.752	0.827
344	55	22.655	11.785	2	49	45.698	2623	2812	18	8	17.558	3.988	164.779	0.331	4.402	0.227	0.621
345	18	16.611	5.436	8	28	16.728	1064	2815	6	5	5.758	3.980	34.623	0.808	1.447	0.691	0.800
346	84	37.214	15.330	0	75	35.799	297	2822	10	12	11.195	9.554	72.413	0.824	1.172	0.853	0.875
347	103	29.553	12.259	7	58	39.456	3717	2831	13	12	12.424	10.555	159.057	0.831	1.177	0.850	0.848
348	81	29.062	14.065	5	62	37.456	3692	2832	15	9	13.188	7.820	170.576	0.726	1.687	0.593	0.818
349	4307	24.132	11.674	0	69	361.446	1170	2839	88	83	81.062	67.650	12.506	0.414	1.198	0.835	0.843
350	89	22.697	10.223	2	47	40.870	1691	2843	14	12	13.213	8.577	137.595	0.670	1.541	0.649	0.784
351	5232	35.137	18.837	0	106	354.233	930	2844	99	94	90.110	73.928	146.964	0.524	1.219	0.820	0.816
352	109	22.128	9.705	2	50	52.870	1387	2873	19	13	17.025	8.152	139.745	0.490	2.089	0.479	0.724
353	18	30.778	7.856	11	43	15.314	3551	2880	6	4	6.189	3.703	10.561	0.965	1.671	0.598	0.857
354	18	69.056	13.322	46	90	15.314	349	2883	6	4	5.388	4.253	11.310	0.965	1.267	0.789	0.857
355	25	32.840	16.876	8	70	20.142	242	2896	6	7	6.334	5.026	106.943	0.774	1.260	0.793	0.794
356	262	20.504	10.516	2	66	82.569	1058	2898	16	29	27.247	12.243	95.604	0.483	2.226	0.449	0.749
357	25	19.680	10.040	8	38	18.728	699	2900	6	6	7.371	4.318	135.000	0.896	1.707	0.586	0.833
358	725	32.600	15.893	1	76	109.640	3727	2906	32	32	32.857	28.095	27.941	0.758	1.170	0.855	0.902
359	22	27.727	11.527	7	48	18.728	1633	2911	6	6	6.216	4.506	161.122	0.788	1.379	0.725	0.759
360	35	31.971	7.065	16	43	22.142	3408	2952	7	7	7.375	6.043	122.359	0.897	1.221	0.819	0.854
361	62	43.903	18.450	13	87	33.213	3972	2965	13	8	11.019	7.164	175.570	0.706	1.538	0.650	0.810
362	76	35.500	11.538	7	63	36.627	808	2975	14	9	11.997	8.066	175.593	0.712	1.487	0.672	0.826
363	30	14.333	6.434	5	26	27.556	541	2981	5	11	11.194	3.412	103.070	0.496	3.281	0.305	0.759
364	183	41.071	17.868	1	79	54.870	2127	2983	17	16	16.381	14.224	121.442	0.764	1.152	0.868	0.859
365	150	29.533	11.317	6	60	75.012	829	2986	30	13	30.856	6.190	160.527	0.335	4.985	0.201	0.713
366	20	48.650	11.056	27	67	16.485	1	2993	4	6	6.042	4.215	107.888	0.925	1.433	0.698	0.930
