 	Area	Mean	StdDev	Min	Max	Perim.	BX	BY	Width	Height	Major	Minor	Angle	Circ.	AR	Round	Solidity
1	167	40.784	13.472	10	84	49.698	731	1	15	16	15.570	13.656	117.332	0.850	1.140	0.877	0.874
2	706	31.365	14.518	0	70	114.811	3073	1	33	35	41.198	21.819	54.243	0.673	1.888	0.530	0.908
3	21	13.429	7.318	3	26	26.142	3491	2	6	10	7.236	3.695	113.371	0.386	1.958	0.511	0.545
4	40	20.350	7.420	8	37	29.556	2534	10	7	11	10.014	5.086	67.308	0.575	1.969	0.508	0.727
5	51	27.451	12.266	4	58	32.385	2379	11	8	12	12.025	5.400	69.845	0.611	2.227	0.449	0.767
6	98	26.786	13.798	1	65	46.284	1298	21	11	17	14.168	8.807	83.497	0.575	1.609	0.622	0.734
7	291	15.821	8.172	1	47	77.841	3492	34	21	22	19.431	19.068	66.174	0.604	1.019	0.981	0.811
8	75	18.827	7.941	0	34	41.456	250	38	11	15	15.183	6.289	55.434	0.548	2.414	0.414	0.728
9	80	15.175	9.062	1	45	37.456	793	40	12	11	12.584	8.094	36.766	0.717	1.555	0.643	0.804
10	108	18.435	9.541	1	43	44.284	3521	66	13	12	12.929	10.636	157.297	0.692	1.216	0.823	0.834
11	84	35.357	12.781	5	60	36.627	2595	67	11	11	11.473	9.322	56.457	0.787	1.231	0.812	0.848
12	37	21.622	10.642	5	45	24.385	91	70	7	9	7.072	6.661	114.264	0.782	1.062	0.942	0.787
13	65	21.108	9.255	4	40	30.142	1566	73	8	10	9.825	8.423	83.229	0.899	1.166	0.857	0.903
14	701	37.964	17.233	0	91	104.569	688	82	29	32	32.948	27.089	116.164	0.806	1.216	0.822	0.920
15	73	17.753	9.215	1	41	48.284	1512	137	9	15	12.943	7.181	79.623	0.393	1.802	0.555	0.709
16	16	15.625	7.265	1	28	16.142	2606	147	6	5	5.492	3.709	5.483	0.772	1.481	0.675	0.696
17	47	22.213	10.928	2	51	29.556	2170	151	7	11	10.812	5.535	66.657	0.676	1.954	0.512	0.790
18	82	21.037	9.037	1	44	41.456	3072	162	10	14	13.276	7.864	67.372	0.600	1.688	0.592	0.770
19	64	36.922	11.649	11	59	34.627	1199	168	8	13	11.701	6.964	73.161	0.671	1.680	0.595	0.795
20	63	28.762	10.532	3	54	33.799	3657	176	7	13	12.166	6.593	82.484	0.693	1.845	0.542	0.829
21	151	24.523	11.204	4	55	53.941	289	186	12	21	19.021	10.108	78.790	0.652	1.882	0.531	0.818
22	17	12.588	7.827	0	28	22.142	3796	193	9	5	7.649	2.830	27.712	0.436	2.703	0.370	0.607
23	35	27.571	10.271	11	52	22.971	1279	197	7	8	7.691	5.795	102.529	0.834	1.327	0.753	0.824
24	103	17.864	11.317	0	52	59.355	808	203	13	20	16.645	7.879	104.684	0.367	2.113	0.473	0.648
25	1075	21.856	11.129	0	60	167.338	376	208	35	44	41.877	32.684	91.455	0.482	1.281	0.780	0.859
26	245	16.245	7.082	2	34	65.598	1210	209	17	23	20.362	15.320	95.640	0.715	1.329	0.752	0.855
27	66	13.485	7.954	1	32	49.113	1058	221	14	13	10.753	7.815	152.990	0.344	1.376	0.727	0.576
28	67	22.418	10.717	4	58	33.314	1051	243	7	12	13.192	6.467	81.132	0.759	2.040	0.490	0.893
29	795	19.325	9.574	1	57	134.024	1448	245	34	35	33.694	30.042	128.174	0.556	1.122	0.892	0.861
30	4483	28.360	14.332	0	86	343.061	3015	265	84	93	94.207	60.589	131.035	0.479	1.555	0.643	0.839
31	116	28.448	9.937	6	55	44.042	3247	286	12	15	13.654	10.817	61.658	0.752	1.262	0.792	0.835
32	49	22.633	9.295	4	46	26.971	2650	287	7	10	9.504	6.564	81.679	0.846	1.448	0.691	0.860
33	39	30.590	9.629	7	57	26.142	862	291	6	10	9.504	5.225	72.318	0.717	1.819	0.550	0.830
34	40	20.775	9.208	3	41	28.142	2970	291	6	11	10.049	5.068	73.357	0.635	1.983	0.504	0.792
35	26	19.923	10.461	7	47	20.728	3772	297	5	8	7.274	4.551	75.914	0.760	1.598	0.626	0.812
36	814	42.042	20.215	1	115	113.640	2650	301	33	36	36.122	28.692	56.811	0.792	1.259	0.794	0.904
37	634	39.145	18.147	0	99	109.882	2272	302	35	31	35.909	22.480	152.439	0.660	1.597	0.626	0.834
38	58	24.828	11.445	2	60	40.042	706	308	8	15	12.241	6.033	82.970	0.455	2.029	0.493	0.671
39	1175	38.329	14.781	1	84	154.752	3599	308	41	48	43.708	34.229	67.673	0.617	1.277	0.783	0.868
40	173	17.081	8.444	1	42	59.355	1549	323	18	17	21.600	10.198	47.231	0.617	2.118	0.472	0.812
41	44	24.409	10.371	5	44	28.971	2071	345	6	11	10.551	5.310	80.527	0.659	1.987	0.503	0.815
42	20	12.200	6.925	2	29	19.899	3925	348	5	7	5.935	4.291	125.480	0.635	1.383	0.723	0.727
43	31	19.968	8.093	3	38	21.314	1661	358	7	6	7.269	5.430	36.518	0.858	1.339	0.747	0.873
44	83	12.361	7.004	1	34	47.113	490	362	13	12	12.358	8.551	173.743	0.470	1.445	0.692	0.680
45	864	49.587	20.524	2	104	121.882	2918	364	33	42	38.550	28.536	64.780	0.731	1.351	0.740	0.893
46	571	48.124	20.430	1	102	107.497	3212	365	25	36	38.472	18.897	67.540	0.621	2.036	0.491	0.883
47	30	15.067	9.120	3	37	27.556	444	371	7	9	7.306	5.228	73.139	0.496	1.397	0.716	0.667
48	18	25.500	11.403	8	47	18.142	673	375	5	7	6.474	3.540	61.950	0.687	1.829	0.547	0.720
49	47	21.723	9.016	4	47	28.385	3272	379	8	10	11.544	5.184	49.368	0.733	2.227	0.449	0.847
50	45	31.933	10.055	9	51	26.728	577	388	7	9	8.926	6.419	82.553	0.792	1.391	0.719	0.841
51	21	9.667	7.227	0	24	17.899	1891	403	7	4	7.729	3.460	18.138	0.824	2.234	0.448	0.875
52	721	18.999	9.159	0	51	139.196	3791	411	26	41	39.172	23.435	84.309	0.468	1.672	0.598	0.817
53	422	25.173	10.489	2	53	95.397	3465	419	27	25	24.902	21.577	3.733	0.583	1.154	0.866	0.821
54	921	41.372	16.479	1	93	151.924	3881	426	29	56	57.776	20.297	75.582	0.501	2.847	0.351	0.845
55	37	24.486	13.133	2	52	24.142	3614	451	7	8	8.189	5.753	68.298	0.798	1.424	0.702	0.822
56	60	30.017	11.142	4	59	31.213	1164	455	9	11	11.017	6.934	75.579	0.774	1.589	0.629	0.789
57	45	20.000	7.994	5	36	24.142	2150	476	6	9	9.164	6.252	81.350	0.970	1.466	0.682	0.918
58	88	31.227	13.084	1	63	36.627	1525	485	11	12	12.270	9.131	45.642	0.824	1.344	0.744	0.859
59	723	43.719	18.091	1	94	125.539	2261	498	37	32	36.360	25.318	29.609	0.576	1.436	0.696	0.830
60	102	18.402	7.888	5	40	49.113	3355	512	12	15	12.938	10.038	89.263	0.531	1.289	0.776	0.731
61	95	29.611	9.316	8	51	39.456	1907	517	11	14	12.660	9.554	85.340	0.767	1.325	0.755	0.826
62	21	20.762	8.354	5	38	19.314	2298	540	6	6	5.666	4.719	48.693	0.707	1.201	0.833	0.737
63	574	29.505	11.926	1	63	113.882	2631	564	29	31	32.301	22.626	55.505	0.556	1.428	0.700	0.840
64	20	17.800	7.851	7	31	18.728	2663	566	6	6	6.377	3.993	43.681	0.717	1.597	0.626	0.755
65	28	16.000	7.640	2	32	29.556	3499	593	7	11	7.831	4.553	111.733	0.403	1.720	0.581	0.589
66	145	22.959	10.418	2	50	46.870	999	595	16	12	15.200	12.146	155.407	0.829	1.251	0.799	0.887
67	484	30.744	14.387	3	79	97.983	1147	602	25	32	30.795	20.012	66.133	0.634	1.539	0.650	0.849
68	34	25.294	10.567	8	44	22.728	1084	605	6	8	8.246	5.250	98.485	0.827	1.571	0.637	0.840
69	38	11.421	5.921	1	27	28.385	153	621	7	10	9.705	4.986	70.020	0.593	1.947	0.514	0.760
70	56	23.214	10.852	4	47	30.627	786	623	8	12	10.967	6.502	77.104	0.750	1.687	0.593	0.806
71	18	17.500	9.288	4	34	16.728	211	633	5	6	5.798	3.953	102.676	0.808	1.467	0.682	0.766
72	479	46.543	19.327	3	97	90.569	1903	646	26	29	27.020	22.571	69.775	0.734	1.197	0.835	0.872
73	151	37.073	13.894	8	72	53.698	2668	649	16	17	18.563	10.357	48.524	0.658	1.792	0.558	0.807
74	92	15.054	7.250	1	34	45.456	214	669	11	14	13.948	8.398	59.750	0.560	1.661	0.602	0.754
75	19	13.053	6.745	2	25	18.728	2641	670	5	6	5.139	4.707	34.888	0.681	1.092	0.916	0.745
76	89	20.494	9.012	1	39	43.213	2468	679	9	15	14.799	7.657	74.726	0.599	1.933	0.517	0.788
77	254	35.240	14.228	2	74	72.770	3046	714	13	26	24.431	13.237	86.011	0.603	1.846	0.542	0.874
78	126	14.587	7.008	2	37	73.497	2928	741	17	15	13.833	11.598	156.913	0.293	1.193	0.838	0.633
79	74	15.662	6.588	2	29	49.113	590	770	13	13	12.390	7.605	41.238	0.386	1.629	0.614	0.627
80	44	19.864	12.349	2	45	28.971	395	794	7	11	10.024	5.589	68.970	0.659	1.794	0.558	0.793
81	47	33.872	14.237	7	76	28.971	2647	807	7	9	9.599	6.234	92.839	0.704	1.540	0.649	0.810
82	101	34.842	12.183	5	65	40.627	3025	810	13	11	11.640	11.048	32.343	0.769	1.054	0.949	0.849
83	3703	34.335	16.666	0	96	304.090	3611	813	66	97	87.658	53.786	108.756	0.503	1.630	0.614	0.865
84	33	20.485	6.605	9	33	31.213	525	815	8	8	8.488	4.950	137.036	0.426	1.715	0.583	0.629
85	487	32.799	15.820	1	76	93.983	2963	840	23	31	28.762	21.558	89.272	0.693	1.334	0.750	0.863
86	595	16.445	8.387	1	43	119.255	1	845	18	45	43.857	17.274	88.192	0.526	2.539	0.394	0.860
87	153	58.294	16.083	4	92	47.456	675	845	12	17	16.417	11.866	84.877	0.854	1.384	0.723	0.897
88	23	25.435	10.108	3	43	17.899	848	852	4	7	7.210	4.061	72.794	0.902	1.775	0.563	0.920
89	28	18.107	10.097	5	40	20.728	47	865	5	8	8.107	4.398	83.917	0.819	1.843	0.542	0.836
90	22	18.909	8.372	6	34	20.142	2311	871	5	7	7.009	3.997	84.056	0.681	1.754	0.570	0.759
91	72	40.306	13.275	8	73	33.213	681	881	9	12	12.106	7.573	71.259	0.820	1.599	0.626	0.837
92	16	18.812	4.875	10	28	17.314	577	887	5	6	5.936	3.432	48.797	0.671	1.729	0.578	0.727
93	85	44.153	13.548	12	74	36.627	808	893	10	12	12.285	8.809	73.269	0.796	1.395	0.717	0.863
94	92	30.500	11.417	2	65	37.213	118	924	9	14	13.319	8.795	76.720	0.835	1.514	0.660	0.893
95	6037	41.994	22.500	0	134	447.973	3118	925	121	96	112.407	68.381	7.951	0.378	1.644	0.608	0.734
96	222	29.559	11.965	2	62	62.527	353	954	18	20	20.587	13.730	61.096	0.714	1.499	0.667	0.867
97	360	26.803	10.817	1	57	84.083	89	965	22	25	24.473	18.730	62.672	0.640	1.307	0.765	0.839
98	55	16.164	7.993	2	31	31.213	3717	971	11	8	9.608	7.288	172.209	0.709	1.318	0.759	0.775
99	69	25.377	9.715	4	48	34.627	2332	972	9	13	11.511	7.632	90.739	0.723	1.508	0.663	0.793
100	59	19.678	7.578	3	39	30.385	1018	973	8	11	11.016	6.819	73.413	0.803	1.615	0.619	0.849
101	555	31.232	16.864	1	91	127.539	1128	975	27	32	28.980	24.384	63.241	0.429	1.188	0.841	0.826
102	75	20.827	9.957	1	43	42.284	3234	994	10	13	11.994	7.962	83.292	0.527	1.506	0.664	0.711
103	1016	22.263	10.572	1	67	158.510	2534	995	38	44	46.513	27.812	61.641	0.508	1.672	0.598	0.858
104	5503	45.744	24.705	1	146	465.630	1089	1012	99	116	88.372	79.285	78.035	0.319	1.115	0.897	0.670
105	168	54.946	16.959	5	96	57.113	1076	1029	16	16	17.788	12.025	56.119	0.647	1.479	0.676	0.832
106	257	17.377	8.072	0	41	78.669	3268	1034	15	26	24.225	13.508	86.161	0.522	1.793	0.558	0.791
107	79	38.911	14.090	3	75	33.799	763	1046	9	12	11.070	9.086	96.573	0.869	1.218	0.821	0.878
108	20	24.250	9.689	7	43	18.728	801	1061	5	6	5.914	4.306	70.015	0.717	1.374	0.728	0.769
109	42	20.143	8.189	2	35	29.799	972	1067	7	11	10.597	5.046	110.062	0.594	2.100	0.476	0.730
110	101	30.673	12.124	5	58	38.870	2854	1071	13	12	12.302	10.453	138.927	0.840	1.177	0.850	0.845
111	340	23.226	13.145	2	62	78.569	1053	1074	24	22	22.573	19.178	163.088	0.692	1.177	0.850	0.844
112	4718	30.562	14.080	0	78	340.818	763	1086	105	67	103.089	58.271	161.569	0.510	1.769	0.565	0.869
113	467	25.154	10.927	1	58	138.024	3930	1098	40	32	34.904	17.035	26.836	0.308	2.049	0.488	0.610
114	27	24.259	9.518	6	49	19.899	2768	1103	6	6	7.219	4.762	139.500	0.857	1.516	0.660	0.871
115	655	24.783	12.813	0	63	136.125	3431	1151	25	53	54.734	15.237	69.563	0.444	3.592	0.278	0.840
116	16	9.125	4.646	2	16	16.728	1863	1155	6	5	5.591	3.644	167.601	0.719	1.534	0.652	0.711
117	23	12.261	7.448	2	29	18.728	756	1161	6	6	6.161	4.753	141.386	0.824	1.296	0.771	0.780
118	4595	29.575	14.406	0	87	335.304	427	1170	86	96	110.815	52.796	128.880	0.514	2.099	0.476	0.886
119	36	13.472	5.926	1	26	33.799	752	1170	12	8	10.088	4.544	162.641	0.396	2.220	0.450	0.554
120	77	22.519	9.233	4	48	34.627	2091	1175	11	11	12.307	7.966	44.924	0.807	1.545	0.647	0.832
121	25	20.000	8.471	5	38	20.142	2211	1200	6	7	7.172	4.438	48.480	0.774	1.616	0.619	0.794
122	51	22.608	11.453	2	48	33.799	241	1220	8	10	9.899	6.560	78.913	0.561	1.509	0.663	0.750
123	148	45.264	13.687	10	78	48.042	2722	1229	14	15	14.971	12.587	132.717	0.806	1.189	0.841	0.876
124	64	47.281	14.199	10	73	32.385	1292	1242	8	12	11.024	7.392	68.916	0.767	1.491	0.671	0.826
125	28	18.321	7.329	7	36	25.799	3529	1255	8	9	9.620	3.706	49.638	0.529	2.596	0.385	0.667
126	139	36.144	12.322	3	65	49.113	1350	1272	14	16	17.546	10.086	52.447	0.724	1.740	0.575	0.855
127	270	17.526	9.098	1	44	77.255	1016	1278	20	21	19.321	17.793	139.545	0.568	1.086	0.921	0.814
128	718	14.865	7.770	0	48	171.137	1127	1287	38	34	37.013	24.699	31.599	0.308	1.499	0.667	0.769
129	8866	37.198	21.535	0	115	586.198	1496	1296	91	205	192.785	58.555	101.547	0.324	3.292	0.304	0.785
130	87	26.218	11.008	2	51	47.113	241	1297	15	14	16.602	6.672	39.503	0.493	2.488	0.402	0.747
131	37	31.541	9.524	13	49	23.556	180	1299	7	8	7.748	6.080	65.882	0.838	1.274	0.785	0.813
132	561	45.412	18.288	2	98	100.811	2632	1317	26	35	34.993	20.412	65.265	0.694	1.714	0.583	0.879
133	23	19.826	7.626	7	34	21.314	1406	1325	4	9	8.818	3.321	101.599	0.636	2.655	0.377	0.780
134	286	39.161	16.222	3	86	69.598	3898	1327	19	23	22.420	16.242	72.678	0.742	1.380	0.724	0.864
135	23	18.783	8.655	5	36	20.142	2862	1356	5	7	6.565	4.461	74.742	0.712	1.472	0.679	0.754
136	621	37.915	17.519	0	86	107.983	2153	1358	24	35	34.072	23.207	76.276	0.669	1.468	0.681	0.878
137	584	45.159	18.359	1	90	116.711	1152	1377	26	41	39.854	18.657	64.316	0.539	2.136	0.468	0.855
138	1471	39.895	15.744	1	85	176.995	3544	1384	55	42	51.713	36.218	172.732	0.590	1.428	0.700	0.830
139	43	25.279	9.867	6	45	24.728	3074	1413	7	8	8.290	6.604	90.736	0.884	1.255	0.797	0.878
140	278	27.432	11.305	2	54	74.912	610	1425	17	25	23.626	14.982	91.456	0.623	1.577	0.634	0.831
141	138	48.768	15.218	5	82	47.456	3262	1433	13	16	15.488	11.345	83.190	0.770	1.365	0.732	0.847
142	297	37.091	15.278	2	74	78.426	2481	1434	18	26	27.201	13.902	67.747	0.607	1.957	0.511	0.840
143	110	27.300	10.548	4	54	41.698	955	1448	14	13	14.423	9.710	28.582	0.795	1.485	0.673	0.846
144	27	21.037	8.360	8	35	28.971	1873	1448	5	12	10.689	3.216	81.703	0.404	3.324	0.301	0.621
145	16	13.938	7.937	4	29	16.728	2216	1452	6	5	5.518	3.692	28.252	0.719	1.495	0.669	0.744
146	48	23.542	8.951	2	43	31.213	586	1457	7	12	10.205	5.989	90.522	0.619	1.704	0.587	0.756
147	24	19.333	8.606	1	32	24.728	3788	1457	4	10	10.192	2.998	85.896	0.493	3.400	0.294	0.716
148	102966	24.576	19.973	0	131	2718.564	1258	1475	397	554	474.645	276.207	50.179	0.175	1.718	0.582	0.664
149	154	30.065	12.145	2	58	53.113	611	1514	14	19	16.269	12.052	86.455	0.686	1.350	0.741	0.819
150	699	44.488	19.568	8	110	109.640	453	1519	33	30	33.326	26.706	31.150	0.731	1.248	0.801	0.875
151	65	19.692	8.883	4	40	34.627	676	1528	9	11	10.610	7.801	58.284	0.681	1.360	0.735	0.783
152	21	10.381	6.778	2	30	18.728	610	1533	5	7	5.796	4.613	88.248	0.752	1.257	0.796	0.764
153	104	33.231	16.083	2	78	42.385	2937	1537	14	11	13.341	9.926	29.774	0.727	1.344	0.744	0.846
154	61	30.623	12.227	5	64	34.385	2614	1542	8	12	12.077	6.431	98.811	0.648	1.878	0.532	0.803
155	288	40.764	12.693	2	71	76.426	3557	1551	17	27	23.330	15.718	94.066	0.620	1.484	0.674	0.825
156	176	15.398	8.360	1	42	76.669	2750	1559	18	19	18.234	12.290	58.935	0.376	1.484	0.674	0.718
157	196	24.107	9.761	2	51	56.284	2593	1574	14	19	19.216	12.987	86.215	0.777	1.480	0.676	0.887
158	97	38.433	13.131	4	68	39.213	529	1590	10	14	13.093	9.433	92.170	0.793	1.388	0.720	0.855
159	344	54.273	17.150	7	97	75.012	545	1592	21	23	23.839	18.373	124.172	0.768	1.298	0.771	0.897
160	50	33.580	11.980	7	55	29.213	1992	1602	8	10	9.218	6.907	80.318	0.736	1.335	0.749	0.800
161	67	16.284	8.299	1	32	35.213	1645	1614	13	9	12.787	6.671	174.039	0.679	1.917	0.522	0.788
162	41	22.317	11.473	4	49	28.971	305	1618	7	9	8.260	6.320	88.581	0.614	1.307	0.765	0.766
163	35	16.657	6.919	4	30	34.042	3766	1643	11	8	8.951	4.979	149.290	0.380	1.798	0.556	0.574
164	22	22.909	8.701	8	38	21.556	2420	1645	6	8	6.816	4.110	69.055	0.595	1.658	0.603	0.677
165	34	14.794	6.319	4	25	24.728	1092	1679	6	8	9.163	4.725	107.061	0.699	1.939	0.516	0.819
166	53	24.264	8.312	8	46	26.971	3401	1682	8	9	9.119	7.400	76.224	0.916	1.232	0.811	0.869
167	46	29.957	11.282	4	58	26.142	2601	1685	6	10	10.180	5.753	80.712	0.846	1.769	0.565	0.893
168	307	26.840	11.299	3	58	79.255	1811	1702	19	25	23.559	16.592	99.938	0.614	1.420	0.704	0.832
169	25	25.400	11.605	12	55	24.142	2557	1726	7	8	6.533	4.872	29.518	0.539	1.341	0.746	0.658
170	43	13.581	7.436	4	38	26.971	3800	1733	9	8	7.915	6.917	178.749	0.743	1.144	0.874	0.775
171	789	27.412	11.836	2	69	126.610	3345	1734	35	38	40.852	24.591	51.690	0.619	1.661	0.602	0.877
172	57	12.772	6.144	1	25	49.113	2140	1744	14	10	11.169	6.498	31.073	0.297	1.719	0.582	0.562
173	2041	34.878	15.913	1	78	227.037	3076	1747	64	49	61.586	42.196	3.712	0.498	1.460	0.685	0.818
174	47	12.851	5.898	3	29	44.284	2145	1750	11	12	12.660	4.727	48.980	0.301	2.678	0.373	0.599
175	19	18.158	8.408	3	34	15.899	3981	1760	5	5	5.559	4.352	54.280	0.944	1.277	0.783	0.864
176	19	23.842	6.158	13	37	18.142	2725	1764	6	6	5.649	4.283	117.593	0.725	1.319	0.758	0.776
177	36	22.417	11.160	5	47	22.728	2496	1767	7	7	8.784	5.218	49.455	0.876	1.683	0.594	0.867
178	74	27.230	10.653	5	52	36.042	851	1781	10	11	11.491	8.200	56.508	0.716	1.401	0.714	0.813
179	1545	33.852	16.594	1	98	278.735	224	1795	54	67	49.880	39.438	118.538	0.250	1.265	0.791	0.638
180	69	12.957	6.874	1	39	46.527	2800	1798	8	17	14.323	6.134	89.800	0.401	2.335	0.428	0.645
181	17	19.294	5.839	7	27	15.071	2792	1800	5	4	5.666	3.820	164.348	0.941	1.483	0.674	0.919
182	244	38.119	13.548	5	76	65.941	1970	1811	15	22	22.699	13.687	79.251	0.705	1.658	0.603	0.871
183	30	23.900	10.899	5	48	21.556	2231	1834	6	7	6.290	6.073	143.157	0.811	1.036	0.966	0.800
184	24	23.583	9.860	6	42	20.142	2365	1841	6	7	6.599	4.631	68.745	0.743	1.425	0.702	0.762
185	134	22.097	10.795	2	50	49.698	3460	1848	15	16	16.697	10.218	128.820	0.682	1.634	0.612	0.820
186	23	20.174	9.870	3	36	20.142	3473	1868	5	7	6.768	4.327	91.788	0.712	1.564	0.639	0.767
187	16	19.562	9.906	6	36	15.899	2134	1886	4	6	5.590	3.645	103.469	0.795	1.534	0.652	0.800
188	131	38.710	13.522	3	72	46.870	1987	1888	13	14	15.151	11.008	130.489	0.749	1.376	0.727	0.865
189	40	20.325	8.219	3	38	29.556	2970	1889	8	10	9.233	5.516	66.062	0.575	1.674	0.597	0.690
190	185	33.270	14.055	4	66	57.113	2841	1921	16	18	17.489	13.468	66.582	0.713	1.299	0.770	0.847
191	398	37.259	17.675	4	91	90.569	1232	1949	22	29	26.117	19.403	94.683	0.610	1.346	0.743	0.833
192	31	31.903	8.408	15	48	25.799	2424	1949	8	8	7.872	5.014	60.390	0.585	1.570	0.637	0.681
193	166	27.536	10.821	2	50	57.941	274	1962	15	16	14.690	14.388	50.993	0.621	1.021	0.979	0.800
194	981	23.961	10.383	0	56	142.610	2370	1965	40	38	37.473	33.332	144.988	0.606	1.124	0.890	0.870
195	73	49.890	15.010	17	80	35.456	3466	1981	10	13	11.155	8.332	71.242	0.730	1.339	0.747	0.807
196	52	20.096	8.110	1	38	35.213	890	1982	10	10	8.713	7.599	35.722	0.527	1.147	0.872	0.675
197	45	20.822	7.992	5	37	25.799	513	1992	8	9	7.677	7.463	110.936	0.850	1.029	0.972	0.818
198	47	21.957	7.937	8	41	29.799	2459	2009	9	10	9.773	6.123	114.254	0.665	1.596	0.627	0.740
199	92	32.609	16.074	4	70	44.284	960	2011	9	16	16.023	7.311	89.208	0.590	2.192	0.456	0.776
200	21	18.476	6.630	7	28	20.971	2781	2019	8	5	7.097	3.768	174.836	0.600	1.884	0.531	0.677
201	34	21.412	8.446	4	43	21.314	2206	2024	6	7	7.819	5.536	66.874	0.941	1.412	0.708	0.919
202	25	22.320	8.572	5	40	19.899	3468	2031	5	7	6.448	4.936	79.525	0.793	1.306	0.766	0.862
203	18	17.667	8.282	5	35	22.385	104	2043	5	8	6.914	3.315	93.027	0.451	2.086	0.479	0.571
204	246	20.675	10.068	0	49	96.811	880	2054	17	33	28.616	10.946	74.216	0.330	2.614	0.383	0.693
205	45	30.200	11.252	8	50	27.556	2333	2071	8	9	8.481	6.756	67.379	0.745	1.255	0.797	0.796
206	38	14.474	8.258	2	36	29.556	3274	2072	7	11	9.047	5.348	88.576	0.547	1.692	0.591	0.704
207	40	21.400	9.863	1	42	27.799	2243	2083	8	10	7.703	6.612	54.462	0.650	1.165	0.858	0.721
208	62	17.629	7.708	3	39	42.042	141	2098	15	10	10.684	7.389	11.072	0.441	1.446	0.692	0.639
209	717	28.441	13.340	1	72	127.296	2228	2099	35	36	31.471	29.008	107.743	0.556	1.085	0.922	0.834
210	646	18.981	9.123	1	61	114.711	3329	2103	28	35	32.001	25.702	82.657	0.617	1.245	0.803	0.858
211	82	29.049	10.742	5	58	39.456	3550	2105	11	12	12.279	8.503	73.050	0.662	1.444	0.692	0.781
212	21	14.667	7.572	3	34	18.971	3157	2138	7	6	6.875	3.889	42.813	0.733	1.768	0.566	0.724
213	41	26.927	10.063	3	47	24.142	1097	2151	7	8	7.913	6.597	90.759	0.884	1.199	0.834	0.854
214	30	19.400	7.445	2	35	24.142	89	2155	7	8	9.255	4.127	55.522	0.647	2.243	0.446	0.750
215	580	20.124	9.640	1	51	110.225	717	2161	24	37	35.638	20.721	80.944	0.600	1.720	0.581	0.854
216	419	36.205	16.119	2	76	83.255	347	2190	24	25	25.669	20.783	125.375	0.760	1.235	0.810	0.896
217	242	43.318	15.495	3	86	63.941	601	2190	15	23	22.363	13.779	90.821	0.744	1.623	0.616	0.867
218	32	25.250	10.029	10	45	24.728	195	2191	5	10	10.053	4.053	87.460	0.658	2.480	0.403	0.790
219	29	13.621	7.997	5	36	33.799	435	2206	9	8	7.153	5.162	80.113	0.319	1.386	0.722	0.513
220	62	27.919	9.837	9	51	30.042	2743	2208	10	10	9.627	8.200	124.242	0.863	1.174	0.852	0.844
221	48	31.104	11.184	4	52	31.799	638	2213	8	10	9.712	6.293	106.663	0.597	1.543	0.648	0.727
222	24	24.750	10.678	7	44	20.728	2955	2213	5	8	7.163	4.266	80.965	0.702	1.679	0.596	0.774
223	22	18.318	8.340	5	37	23.556	2894	2216	6	7	7.155	3.915	58.513	0.498	1.828	0.547	0.647
224	55	20.691	9.710	3	45	31.556	2675	2236	7	11	11.114	6.301	79.271	0.694	1.764	0.567	0.815
225	82	14.720	7.915	1	36	53.941	1837	2276	16	10	13.723	7.608	160.773	0.354	1.804	0.554	0.667
226	172	26.622	12.167	1	62	56.527	2730	2290	13	21	19.837	11.040	100.190	0.676	1.797	0.557	0.829
227	405	45.807	18.917	2	105	79.255	1697	2303	23	25	26.919	19.156	135.193	0.810	1.405	0.712	0.909
228	54	33.111	12.935	2	55	31.799	1149	2313	8	11	9.983	6.887	64.507	0.671	1.450	0.690	0.777
229	76	21.184	9.208	2	38	47.698	2774	2319	14	11	13.675	7.076	152.242	0.420	1.932	0.517	0.652
230	285	32.161	14.153	2	66	78.083	1727	2367	18	29	29.626	12.249	65.787	0.587	2.419	0.413	0.828
231	150	37.733	13.554	7	67	54.770	2256	2381	14	20	17.356	11.004	83.147	0.628	1.577	0.634	0.798
232	21	18.381	9.912	4	38	20.728	3316	2387	7	6	6.451	4.145	41.037	0.614	1.557	0.642	0.667
233	233	29.751	13.248	0	64	85.255	538	2390	14	26	23.599	12.571	88.600	0.403	1.877	0.533	0.787
234	1455	36.348	18.965	0	89	185.137	2434	2421	58	43	57.695	32.110	12.054	0.533	1.797	0.557	0.796
235	32	19.406	8.485	7	41	21.314	2386	2434	5	8	7.777	5.239	84.729	0.885	1.484	0.674	0.889
236	360	29.672	11.674	0	64	87.154	3417	2442	20	30	29.766	15.399	62.143	0.596	1.933	0.517	0.853
237	31	12.516	6.495	0	25	31.213	3188	2448	11	7	9.753	4.047	158.559	0.400	2.410	0.415	0.614
238	108	13.500	6.185	2	31	66.184	2230	2457	16	16	16.838	8.167	52.910	0.310	2.062	0.485	0.615
239	33	25.848	13.106	4	55	23.556	1381	2467	6	9	7.623	5.512	97.011	0.747	1.383	0.723	0.776
240	172	27.320	12.118	3	61	53.941	3134	2469	13	20	18.384	11.912	83.963	0.743	1.543	0.648	0.860
241	75	30.320	12.822	3	65	35.799	3227	2473	8	14	13.197	7.236	97.508	0.735	1.824	0.548	0.852
242	20	16.850	6.998	1	31	16.485	3589	2495	4	6	6.707	3.797	73.881	0.925	1.766	0.566	0.909
243	315	33.346	16.731	2	81	75.012	669	2503	20	25	23.701	16.922	70.141	0.703	1.401	0.714	0.859
244	48	25.458	10.659	5	45	29.799	1050	2526	8	10	9.961	6.136	78.908	0.679	1.623	0.616	0.756
245	23	17.783	8.570	5	37	20.142	1282	2536	5	8	7.650	3.828	76.749	0.712	1.998	0.500	0.754
246	43	19.326	9.118	0	37	26.142	966	2539	8	8	8.335	6.568	112.388	0.791	1.269	0.788	0.827
247	132	40.576	12.521	8	64	45.456	439	2550	13	15	14.482	11.606	89.162	0.803	1.248	0.801	0.849
248	1386	51.112	24.170	1	133	183.338	22	2561	36	68	71.923	24.536	70.652	0.518	2.931	0.341	0.857
249	234	29.150	11.606	2	57	67.255	994	2611	18	20	18.738	15.900	119.919	0.650	1.178	0.849	0.836
250	145	39.400	13.556	10	74	49.113	2668	2620	14	17	15.839	11.656	89.872	0.755	1.359	0.736	0.833
251	948	39.287	16.875	2	102	142.610	3894	2620	28	47	46.957	25.705	96.633	0.586	1.827	0.547	0.856
252	177	15.345	7.959	1	36	67.841	1153	2630	22	17	17.492	12.884	170.854	0.483	1.358	0.737	0.736
253	1892	24.115	10.333	1	60	216.451	343	2657	56	55	59.638	40.393	49.841	0.507	1.476	0.677	0.874
254	119	33.050	11.508	5	64	44.527	2310	2663	13	16	14.522	10.434	63.691	0.754	1.392	0.718	0.835
255	35	25.571	9.407	8	41	22.142	3505	2670	7	7	6.962	6.401	77.268	0.897	1.088	0.919	0.843
256	1174	16.326	8.496	0	51	180.995	3969	2679	30	58	58.901	25.378	100.069	0.450	2.321	0.431	0.838
257	169	57.633	18.752	6	102	57.113	576	2694	13	18	16.706	12.881	78.749	0.651	1.297	0.771	0.854
258	34	22.088	10.928	4	42	25.556	103	2711	6	10	8.672	4.992	79.951	0.654	1.737	0.576	0.773
259	39	36.487	14.788	1	57	24.385	1190	2733	7	9	7.699	6.450	125.632	0.824	1.194	0.838	0.812
260	62	20.952	10.094	2	47	32.385	493	2738	10	9	9.752	8.095	170.486	0.743	1.205	0.830	0.838
261	32	12.031	8.749	2	33	27.799	3053	2740	9	9	10.839	3.759	50.508	0.520	2.884	0.347	0.667
262	6839	38.988	23.751	0	132	532.843	2184	2742	143	115	162.949	53.438	33.050	0.303	3.049	0.328	0.731
263	22	24.318	11.769	2	41	20.728	1478	2743	5	7	6.668	4.201	80.083	0.643	1.588	0.630	0.721
264	314	18.223	9.974	1	62	97.397	2654	2751	15	33	30.947	12.919	88.077	0.416	2.395	0.417	0.782
265	17	20.176	12.294	5	49	15.899	1674	2757	6	4	5.541	3.906	173.557	0.845	1.419	0.705	0.829
266	54	12.185	6.469	2	29	31.213	511	2777	10	10	9.384	7.327	136.318	0.697	1.281	0.781	0.755
267	110	23.700	10.555	4	46	45.456	379	2779	14	14	13.874	10.095	48.494	0.669	1.374	0.728	0.789
268	24	19.542	9.445	5	35	24.971	3711	2779	6	9	6.628	4.611	105.892	0.484	1.437	0.696	0.632
269	62	21.403	10.184	3	44	37.456	2823	2798	11	10	9.426	8.375	8.132	0.555	1.125	0.889	0.725
270	249	30.398	13.732	0	74	63.841	3537	2805	20	20	21.080	15.039	40.916	0.768	1.402	0.713	0.869
271	140	17.357	8.340	1	40	69.012	2498	2844	18	17	16.261	10.962	30.775	0.369	1.483	0.674	0.671
272	66	25.530	9.276	7	46	37.213	3129	2869	9	14	11.836	7.100	76.776	0.599	1.667	0.600	0.746
273	4055	28.277	13.639	0	79	324.576	2241	2870	71	88	88.313	58.463	62.183	0.484	1.511	0.662	0.879
274	79	20.342	9.665	3	47	36.971	521	2877	8	14	13.609	7.391	74.033	0.726	1.841	0.543	0.863
275	84	24.726	10.208	7	48	43.698	1345	2882	13	13	14.684	7.284	54.677	0.553	2.016	0.496	0.747
276	12680	26.140	16.271	0	91	680.742	1612	2894	182	105	177.420	90.997	169.734	0.344	1.950	0.513	0.813
277	139	45.410	12.011	18	69	55.113	80	2913	15	15	13.651	12.965	157.643	0.575	1.053	0.950	0.774
278	133	22.098	9.335	1	51	53.355	2647	2914	12	16	14.795	11.446	91.000	0.587	1.293	0.774	0.792
279	46	23.391	8.183	4	36	28.728	169	2915	8	9	9.210	6.360	43.145	0.700	1.448	0.691	0.800
280	67	17.791	8.415	1	33	33.799	735	2918	9	12	10.600	8.048	65.929	0.737	1.317	0.759	0.793
281	75	22.400	9.052	4	42	40.870	3558	2920	10	13	11.233	8.501	86.203	0.564	1.321	0.757	0.735
282	219	27.685	12.422	1	62	64.184	2676	2943	17	21	20.391	13.675	61.908	0.668	1.491	0.671	0.841
283	101	38.386	12.978	8	63	41.456	2308	2967	14	12	12.555	10.243	8.068	0.739	1.226	0.816	0.818
