 	Area	Mean	StdDev	Min	Max	Perim.	BX	BY	Width	Height	Major	Minor	Angle	Circ.	AR	Round	Solidity
1	3260	37.748	19.509	0	102	257.966	3811	1	83	54	83.668	49.610	12.493	0.616	1.687	0.593	0.902
2	26	28.500	15.958	3	57	19.556	2777	16	7	6	6.196	5.343	155.070	0.854	1.160	0.862	0.776
3	77	26.351	10.076	2	47	37.799	3966	30	12	9	11.932	8.216	173.812	0.677	1.452	0.689	0.815
4	24	28.333	10.961	4	49	21.556	1172	41	8	5	6.922	4.415	172.181	0.649	1.568	0.638	0.738
5	789	64.134	33.325	2	154	110.811	3921	54	34	33	33.416	30.063	52.276	0.807	1.112	0.900	0.915
6	198	66.965	22.200	5	120	59.941	1888	55	20	16	21.324	11.822	29.272	0.693	1.804	0.554	0.874
7	1290	43.655	18.935	0	112	166.066	1627	91	59	38	53.816	30.520	176.198	0.588	1.763	0.567	0.860
8	368	32.552	15.613	1	76	83.255	181	102	30	18	29.917	15.662	173.656	0.667	1.910	0.523	0.865
9	108176	22.170	26.692	0	191	2037.471	3564	108	419	448	404.906	340.163	56.141	0.327	1.190	0.840	0.833
10	213	38.859	12.860	3	73	62.770	2132	116	20	15	19.040	14.243	178.830	0.679	1.337	0.748	0.845
11	45	21.533	10.374	4	53	33.213	3482	128	12	7	10.790	5.310	164.705	0.513	2.032	0.492	0.687
12	24	21.417	9.965	5	44	23.556	222	141	8	7	7.990	3.824	155.636	0.544	2.089	0.479	0.615
13	49	46.265	14.303	10	79	26.142	3285	148	9	7	8.653	7.210	5.945	0.901	1.200	0.833	0.883
14	23	32.783	12.965	12	57	18.728	865	155	7	5	6.325	4.630	18.997	0.824	1.366	0.732	0.807
15	21011	38.557	25.969	0	147	836.833	2802	166	156	240	218.239	122.581	104.723	0.377	1.780	0.562	0.813
16	47	16.723	7.294	1	32	29.213	2122	176	10	8	8.814	6.789	165.542	0.692	1.298	0.770	0.746
17	19	15.158	8.030	5	34	20.485	2891	179	5	6	5.719	4.230	34.977	0.569	1.352	0.740	0.731
18	43	38.744	12.220	18	64	25.556	1354	206	8	8	7.799	7.020	168.063	0.827	1.111	0.900	0.819
19	18	40.722	10.883	17	56	15.899	1781	212	6	4	5.805	3.948	178.852	0.895	1.470	0.680	0.857
20	63	65.460	15.487	10	90	29.213	2273	215	10	9	9.527	8.420	177.291	0.928	1.131	0.884	0.875
21	16	22.000	9.973	3	38	14.485	658	217	5	4	4.712	4.324	168.583	0.958	1.090	0.918	0.889
22	30	13.600	5.917	1	27	27.213	1609	220	8	9	8.623	4.430	49.389	0.509	1.946	0.514	0.659
23	419	23.616	11.158	1	56	103.640	358	250	30	23	26.332	20.260	179.848	0.490	1.300	0.769	0.764
24	45	17.111	7.065	2	32	27.556	2018	252	10	7	10.490	5.462	28.984	0.745	1.921	0.521	0.833
25	77	35.260	13.635	5	69	32.971	1261	258	10	10	10.179	9.632	112.152	0.890	1.057	0.946	0.901
26	1023	25.970	10.864	0	68	139.439	3354	261	38	38	36.720	35.472	176.965	0.661	1.035	0.966	0.877
27	18	15.889	7.607	5	31	21.556	653	310	8	5	8.076	2.838	14.178	0.487	2.846	0.351	0.600
28	50	37.840	14.461	7	67	27.213	954	321	10	8	8.861	7.184	8.449	0.848	1.233	0.811	0.840
29	76	20.526	8.694	0	42	40.284	375	325	11	14	11.322	8.546	92.475	0.589	1.325	0.755	0.714
30	40	41.900	12.730	15	60	22.971	1155	335	8	7	8.342	6.105	143.828	0.953	1.366	0.732	0.851
31	92	22.717	8.186	1	46	37.213	1405	353	11	11	11.303	10.363	42.733	0.835	1.091	0.917	0.876
32	39	33.974	13.039	6	60	27.899	453	354	10	6	10.657	4.660	4.105	0.630	2.287	0.437	0.788
33	2257	48.072	22.553	2	113	242.836	3366	371	73	61	73.180	39.269	144.878	0.481	1.864	0.537	0.821
34	190	32.274	12.690	1	65	58.527	1404	372	16	18	16.276	14.864	110.465	0.697	1.095	0.913	0.843
35	72	43.528	13.328	4	69	35.213	543	376	13	8	12.175	7.529	170.609	0.730	1.617	0.618	0.842
36	18	21.833	8.807	6	38	19.314	3130	390	6	5	6.262	3.660	155.287	0.606	1.711	0.585	0.720
37	18	23.556	8.893	11	38	15.899	3575	396	6	4	5.805	3.948	171.657	0.895	1.471	0.680	0.878
38	21	27.762	12.037	4	50	17.314	17	408	5	6	6.554	4.079	64.983	0.880	1.607	0.622	0.824
39	61	28.377	10.528	6	53	31.213	304	408	10	10	9.670	8.031	163.162	0.787	1.204	0.831	0.813
40	16	23.688	9.414	5	36	17.314	1661	420	5	6	5.552	3.669	106.242	0.671	1.513	0.661	0.711
41	54	20.741	9.698	2	43	36.627	15	433	14	7	12.162	5.653	3.366	0.506	2.151	0.465	0.725
42	24	22.583	9.380	7	39	18.728	232	434	7	5	6.853	4.459	168.807	0.860	1.537	0.651	0.857
43	330	25.706	11.212	3	55	82.083	2856	443	23	23	21.672	19.387	22.268	0.615	1.118	0.895	0.837
44	111	59.649	16.452	11	103	42.284	751	447	16	11	15.487	9.126	154.748	0.780	1.697	0.589	0.857
45	138	35.232	15.941	4	78	48.284	194	450	18	11	17.654	9.953	7.640	0.744	1.774	0.564	0.852
46	28	40.036	12.630	3	59	19.899	3168	452	7	5	6.524	5.464	166.164	0.889	1.194	0.838	0.889
47	34	39.853	10.849	15	65	21.899	10	473	8	5	8.740	4.953	166.849	0.891	1.764	0.567	0.944
48	24	41.958	12.274	18	65	20.728	3298	474	8	5	7.272	4.202	4.965	0.702	1.731	0.578	0.828
49	39	40.974	15.730	4	79	25.556	524	486	11	5	9.585	5.180	3.358	0.750	1.850	0.540	0.867
50	37	36.541	13.428	11	58	23.899	3298	489	9	5	9.463	4.978	6.444	0.814	1.901	0.526	0.902
51	97	36.144	12.763	7	73	39.799	3935	501	14	10	13.847	8.919	172.106	0.770	1.553	0.644	0.847
52	17	18.588	7.467	6	29	16.485	121	507	6	4	6.734	3.214	13.391	0.786	2.095	0.477	0.829
53	329	27.629	13.768	1	69	81.740	1657	515	23	23	21.494	19.489	82.106	0.619	1.103	0.907	0.818
54	149	18.456	8.700	0	42	55.941	2537	515	17	16	18.277	10.380	136.789	0.598	1.761	0.568	0.786
55	325	53.148	25.120	0	112	71.841	2316	516	24	18	25.484	16.238	158.398	0.791	1.569	0.637	0.907
56	35	20.914	10.523	2	42	31.799	3576	539	6	13	11.062	4.029	100.319	0.435	2.746	0.364	0.636
57	29	39.310	12.967	10	66	20.971	2835	552	8	6	7.669	4.815	11.550	0.829	1.593	0.628	0.784
58	72	72.764	19.400	35	117	34.385	3232	562	13	8	13.706	6.689	8.289	0.765	2.049	0.488	0.857
59	28	42.607	13.536	23	73	21.314	835	564	9	4	8.681	4.107	11.101	0.775	2.114	0.473	0.889
60	59	19.373	9.654	4	50	32.385	3677	568	10	10	10.100	7.438	33.762	0.707	1.358	0.736	0.792
61	36	32.944	12.261	10	63	22.728	3064	574	8	6	8.097	5.661	158.994	0.876	1.430	0.699	0.889
62	175	24.857	12.757	1	63	56.527	434	582	20	14	18.645	11.951	11.008	0.688	1.560	0.641	0.839
63	23	15.870	6.995	4	28	22.728	2518	588	9	5	9.389	3.119	21.958	0.560	3.010	0.332	0.719
64	48	17.167	8.728	2	40	26.728	3984	594	10	6	10.167	6.011	177.281	0.844	1.691	0.591	0.897
65	513	33.125	13.480	2	74	114.711	3204	608	39	23	34.939	18.695	5.767	0.490	1.869	0.535	0.819
66	23	27.174	7.578	11	39	20.728	2974	610	9	4	8.014	3.654	6.624	0.673	2.193	0.456	0.807
67	57	36.053	11.553	13	63	28.385	3501	610	9	9	9.279	7.821	171.629	0.889	1.186	0.843	0.851
68	19	14.632	7.581	3	27	16.728	3527	633	5	6	6.160	3.927	135.208	0.853	1.568	0.638	0.809
69	44	62.295	14.877	28	99	25.213	529	640	9	8	9.113	6.148	32.752	0.870	1.482	0.675	0.822
70	357	29.840	11.954	2	70	79.255	3164	658	26	21	24.850	18.292	179.837	0.714	1.358	0.736	0.868
71	31	28.645	13.963	5	53	26.971	3729	663	11	6	10.948	3.605	24.748	0.536	3.037	0.329	0.738
72	107	29.290	9.810	6	54	41.213	3875	671	13	12	12.871	10.585	27.110	0.792	1.216	0.822	0.856
73	23	32.304	12.687	12	55	17.314	657	678	6	5	6.034	4.854	173.722	0.964	1.243	0.804	0.885
74	128	22.555	12.430	2	63	49.113	2486	698	15	15	14.876	10.955	56.890	0.667	1.358	0.736	0.760
75	726	52.803	24.274	4	119	133.196	2250	701	51	27	48.077	19.227	19.477	0.514	2.501	0.400	0.817
76	20	31.900	16.597	4	59	19.314	2818	701	7	5	6.253	4.073	3.770	0.674	1.535	0.651	0.741
77	196	14.000	6.800	1	43	73.497	3301	708	17	22	18.055	13.822	64.837	0.456	1.306	0.766	0.734
78	29	51.690	17.370	11	79	22.971	415	712	9	6	8.155	4.528	18.237	0.691	1.801	0.555	0.716
79	25	39.120	16.799	15	67	19.556	3145	722	7	6	6.829	4.661	31.255	0.821	1.465	0.683	0.806
80	47	64.064	17.634	27	96	28.385	120	727	12	6	10.759	5.562	9.279	0.733	1.934	0.517	0.855
81	18	28.000	9.592	12	41	15.899	2927	727	5	5	5.335	4.295	26.255	0.895	1.242	0.805	0.837
82	151	39.397	12.412	8	67	51.456	2730	747	18	11	19.022	10.107	6.095	0.717	1.882	0.531	0.875
83	22	24.273	9.568	5	42	17.314	370	758	7	4	6.665	4.203	169.112	0.922	1.586	0.631	0.880
84	21	39.286	13.853	15	61	17.556	1778	759	7	5	7.260	3.683	162.420	0.856	1.971	0.507	0.792
85	21	20.429	11.378	3	44	16.485	1265	763	5	5	5.931	4.508	135.000	0.971	1.316	0.760	0.913
86	37	41.946	13.882	15	74	24.971	3229	766	10	6	8.879	5.306	6.558	0.746	1.673	0.598	0.804
87	141	45.270	17.233	5	89	53.698	2447	772	20	13	18.902	9.498	31.175	0.614	1.990	0.502	0.817
88	111	74.964	21.680	19	115	40.385	3279	778	15	9	15.509	9.113	171.470	0.855	1.702	0.588	0.925
89	477	63.078	23.915	2	110	87.983	960	780	29	25	27.600	22.005	35.592	0.774	1.254	0.797	0.887
90	136	53.147	23.118	8	113	46.527	3896	795	17	13	16.523	10.480	154.536	0.789	1.577	0.634	0.853
91	121	44.231	18.159	6	87	43.113	75	798	16	12	16.773	9.185	30.014	0.818	1.826	0.548	0.880
92	65	30.338	12.479	7	56	31.799	2557	800	10	9	10.119	8.178	23.004	0.808	1.237	0.808	0.861
93	60	25.100	11.840	4	60	34.042	3559	805	11	11	13.037	5.860	135.235	0.651	2.225	0.449	0.784
94	74	41.216	15.801	8	75	34.870	255	806	13	10	12.516	7.528	23.009	0.765	1.663	0.601	0.813
95	72	37.264	13.063	7	62	39.456	3647	821	15	10	13.280	6.903	24.875	0.581	1.924	0.520	0.762
96	185	32.086	12.678	1	72	59.113	2447	825	19	16	20.092	11.723	29.858	0.665	1.714	0.583	0.830
97	121	32.661	15.502	4	69	51.698	2006	831	19	12	18.714	8.233	21.059	0.569	2.273	0.440	0.791
98	5998	30.795	15.423	0	98	358.375	2240	838	103	91	94.971	80.413	22.790	0.587	1.181	0.847	0.887
99	837	57.630	27.669	2	120	128.125	1868	847	43	27	41.548	25.650	177.208	0.641	1.620	0.617	0.905
100	35	14.229	8.139	2	34	34.627	1987	847	12	7	10.177	4.379	13.409	0.367	2.324	0.430	0.583
101	23	45.043	17.293	8	72	18.728	2574	855	7	5	6.890	4.250	2.644	0.824	1.621	0.617	0.821
102	16	32.375	16.468	7	55	18.485	1253	860	6	4	6.430	3.168	4.704	0.588	2.029	0.493	0.744
103	64	66.969	15.892	37	101	31.799	1224	868	12	8	12.343	6.602	173.828	0.795	1.870	0.535	0.853
104	650	26.218	11.173	1	64	123.539	1110	875	33	33	31.151	26.568	41.988	0.535	1.173	0.853	0.825
105	70	12.843	6.305	0	29	45.941	498	889	14	11	10.513	8.477	12.420	0.417	1.240	0.806	0.622
106	24	29.125	11.498	10	45	18.485	390	890	6	5	6.457	4.733	2.382	0.883	1.364	0.733	0.889
107	70	19.671	11.396	2	48	34.042	3352	890	13	9	13.531	6.587	151.188	0.759	2.054	0.487	0.848
108	67	29.194	10.967	5	51	35.213	154	895	10	10	10.114	8.435	19.146	0.679	1.199	0.834	0.807
109	47	45.702	15.910	2	71	26.385	2887	897	10	7	9.509	6.293	156.637	0.848	1.511	0.662	0.862
110	85	28.647	12.746	3	71	42.284	1112	907	11	13	11.289	9.587	61.447	0.597	1.178	0.849	0.746
111	19	25.526	8.878	6	36	15.899	1005	908	6	4	6.410	3.774	11.564	0.944	1.699	0.589	0.884
112	22	37.455	12.861	10	61	17.314	2950	913	6	5	6.419	4.364	10.826	0.922	1.471	0.680	0.846
113	2848	32.203	14.661	0	85	236.007	792	916	75	64	66.082	54.874	24.012	0.643	1.204	0.830	0.886
114	28	23.286	11.280	5	50	22.142	36	918	7	7	7.955	4.481	147.183	0.718	1.775	0.563	0.778
115	577	28.721	11.584	1	65	103.640	600	920	28	30	29.302	25.072	115.597	0.675	1.169	0.856	0.870
116	278	17.176	8.695	1	40	78.083	1631	936	23	19	20.099	17.611	11.199	0.573	1.141	0.876	0.790
117	89	16.663	9.548	2	39	40.042	2636	938	12	13	11.460	9.888	111.370	0.698	1.159	0.863	0.764
118	165	20.327	9.976	1	44	58.527	757	947	24	10	23.395	8.980	174.354	0.605	2.605	0.384	0.842
119	35	19.286	9.937	3	45	30.971	2749	974	9	7	9.813	4.541	21.135	0.459	2.161	0.463	0.673
120	25	40.320	11.187	11	58	20.385	2259	977	8	6	6.723	4.735	11.178	0.756	1.420	0.704	0.725
121	1783	52.766	30.044	1	151	201.037	940	981	50	57	54.133	41.937	94.304	0.554	1.291	0.775	0.816
122	42	53.476	14.915	16	83	25.556	5	985	10	6	9.932	5.384	167.478	0.808	1.845	0.542	0.848
123	67	17.090	9.281	1	43	42.284	1265	994	16	8	13.559	6.291	6.137	0.471	2.155	0.464	0.691
124	39	58.154	15.594	24	88	24.385	1840	1002	8	8	8.650	5.741	46.266	0.824	1.507	0.664	0.804
125	816	28.673	12.285	0	64	143.581	2800	1002	25	52	47.921	21.681	92.553	0.497	2.210	0.452	0.832
126	492	52.449	26.593	1	117	105.740	2216	1007	39	20	37.920	16.520	10.796	0.553	2.295	0.436	0.830
127	62	56.113	17.104	13	92	31.213	2042	1042	11	9	10.345	7.631	18.892	0.800	1.356	0.738	0.855
128	36	24.528	8.706	12	40	26.142	861	1044	10	5	9.850	4.654	10.643	0.662	2.117	0.472	0.818
129	29	43.828	15.469	15	78	21.314	472	1047	9	4	9.040	4.084	175.428	0.802	2.213	0.452	0.892
130	37	24.811	7.961	10	42	25.799	3952	1047	10	7	9.292	5.070	149.637	0.699	1.833	0.546	0.747
131	44	37.818	12.135	10	59	26.142	2158	1072	10	6	9.447	5.930	175.063	0.809	1.593	0.628	0.863
132	38	19.684	8.492	4	37	27.556	3968	1072	8	7	7.269	6.656	10.866	0.629	1.092	0.916	0.760
133	16	27.312	11.247	3	46	16.142	781	1073	5	6	4.901	4.157	103.386	0.772	1.179	0.848	0.727
134	122	17.000	7.782	4	49	67.598	3218	1082	18	16	18.307	8.485	43.212	0.336	2.158	0.463	0.663
135	386	22.549	9.385	2	53	86.083	1053	1089	28	21	24.858	19.771	178.347	0.655	1.257	0.795	0.839
136	38	13.342	7.415	1	30	32.870	3446	1092	12	9	11.019	4.391	31.254	0.442	2.509	0.398	0.608
137	48	20.875	9.289	3	39	28.385	3761	1100	10	8	10.135	6.030	36.089	0.749	1.681	0.595	0.800
138	195	35.174	12.754	1	69	58.527	2056	1103	16	17	16.190	15.336	115.348	0.715	1.056	0.947	0.852
139	19	29.526	9.395	10	48	16.142	3961	1103	6	5	5.399	4.480	1.014	0.916	1.205	0.830	0.792
140	25	26.840	10.152	8	45	19.314	562	1109	7	5	7.405	4.299	30.966	0.842	1.723	0.580	0.862
141	20	39.200	11.696	15	58	19.556	3430	1141	8	5	7.429	3.428	19.042	0.657	2.167	0.461	0.755
142	172	61.953	18.963	11	103	52.770	1250	1160	17	15	16.444	13.318	149.189	0.776	1.235	0.810	0.849
143	49	23.755	11.994	1	50	30.142	3663	1166	12	6	11.263	5.539	11.483	0.678	2.033	0.492	0.831
144	468	58.842	29.960	2	136	121.296	139	1170	42	24	40.510	14.709	165.759	0.400	2.754	0.363	0.693
145	601	24.439	10.314	3	54	122.125	3537	1172	33	28	30.157	25.375	169.760	0.506	1.188	0.841	0.822
146	57	37.526	12.479	5	62	30.385	212	1173	11	7	10.668	6.803	2.485	0.776	1.568	0.638	0.838
147	93	26.892	10.899	4	55	35.799	1868	1184	10	12	12.406	9.545	79.692	0.912	1.300	0.769	0.907
148	68	38.265	11.518	9	68	34.385	3134	1184	11	8	10.392	8.331	10.048	0.723	1.247	0.802	0.850
149	50	42.560	11.099	13	68	29.799	2306	1191	11	8	9.609	6.625	169.418	0.708	1.450	0.689	0.775
150	142	35.415	13.494	5	71	49.698	889	1194	17	12	16.438	10.999	5.940	0.722	1.495	0.669	0.850
151	38	36.421	11.986	11	60	24.971	949	1201	9	6	8.672	5.579	1.485	0.766	1.554	0.643	0.817
152	950	19.260	8.843	0	53	155.681	563	1204	34	39	38.611	31.327	61.471	0.493	1.233	0.811	0.839
153	178	17.360	8.743	0	39	65.941	2379	1207	20	16	18.544	12.222	164.035	0.514	1.517	0.659	0.745
154	18	28.611	9.678	2	41	15.314	790	1219	5	5	5.008	4.576	63.688	0.965	1.094	0.914	0.837
155	55	32.164	10.094	7	47	30.627	1622	1228	11	9	10.123	6.918	28.202	0.737	1.463	0.683	0.791
156	18	24.444	9.388	11	40	23.213	1324	1232	8	6	6.148	3.728	11.156	0.420	1.649	0.606	0.537
157	197	29.416	19.148	1	81	84.326	1683	1236	21	24	22.279	11.259	125.595	0.348	1.979	0.505	0.619
158	71	24.634	13.142	2	67	43.113	2836	1239	9	15	14.964	6.041	102.814	0.480	2.477	0.404	0.706
159	51	44.451	12.573	18	74	26.728	3710	1246	9	7	9.342	6.951	8.730	0.897	1.344	0.744	0.927
160	21	10.952	5.527	4	22	24.971	2493	1251	9	7	8.754	3.054	154.195	0.423	2.866	0.349	0.553
161	8924	37.668	21.799	0	114	531.227	2941	1268	139	111	118.777	95.662	0.387	0.397	1.242	0.805	0.834
162	57	36.035	10.032	12	62	32.627	958	1281	11	9	9.579	7.577	160.168	0.673	1.264	0.791	0.786
163	18	34.278	13.529	10	55	16.142	2522	1281	6	5	5.775	3.969	41.509	0.868	1.455	0.687	0.766
164	49	46.408	11.489	20	68	26.385	698	1282	10	7	9.138	6.827	176.391	0.885	1.338	0.747	0.852
165	93	17.957	8.538	1	45	63.841	3182	1282	18	12	15.093	7.845	22.231	0.287	1.924	0.520	0.542
166	30	24.533	10.431	4	43	20.971	984	1286	8	6	7.135	5.353	167.360	0.857	1.333	0.750	0.800
167	18	27.722	12.266	7	48	15.556	1218	1286	6	5	5.545	4.133	140.854	0.935	1.341	0.745	0.766
168	46	34.674	11.931	5	59	26.385	2787	1290	8	9	8.571	6.833	32.225	0.830	1.254	0.797	0.829
169	44	13.500	7.738	0	29	33.799	2310	1301	10	9	9.788	5.724	19.311	0.484	1.710	0.585	0.698
170	118	23.814	9.667	3	50	46.042	1706	1308	15	13	13.825	10.868	34.250	0.700	1.272	0.786	0.803
171	53	56.887	20.895	12	107	31.799	3780	1309	12	8	12.223	5.521	21.089	0.659	2.214	0.452	0.785
172	157	21.280	9.936	2	45	60.527	2415	1311	23	14	22.245	8.986	24.760	0.539	2.476	0.404	0.799
173	1768	41.006	18.259	1	111	211.522	607	1327	44	72	73.351	30.689	66.590	0.497	2.390	0.418	0.838
174	66	36.758	12.736	4	63	32.042	2371	1327	12	9	10.731	7.831	2.865	0.808	1.370	0.730	0.835
175	84	46.512	15.962	1	78	36.627	2659	1338	11	11	11.486	9.311	51.090	0.787	1.234	0.811	0.853
176	447	41.367	14.835	0	84	90.569	3171	1343	26	27	25.537	22.287	53.244	0.685	1.146	0.873	0.860
177	77	27.987	12.401	1	59	43.113	2280	1378	13	13	13.057	7.509	38.784	0.521	1.739	0.575	0.710
178	63	35.794	14.111	5	75	30.971	1459	1396	10	9	9.877	8.121	25.995	0.825	1.216	0.822	0.863
179	36	40.528	10.737	21	70	24.971	213	1403	8	6	7.834	5.851	161.754	0.726	1.339	0.747	0.800
180	69	43.304	16.633	3	70	31.799	2310	1403	11	9	10.859	8.090	160.430	0.857	1.342	0.745	0.863
181	102	43.255	13.996	8	76	40.284	3954	1403	15	11	14.018	9.265	10.863	0.790	1.513	0.661	0.833
182	148	13.608	7.819	2	35	59.941	790	1409	17	13	16.240	11.603	173.972	0.518	1.400	0.714	0.785
183	360	27.697	11.919	3	67	74.083	1069	1413	26	21	25.809	17.760	26.550	0.824	1.453	0.688	0.890
184	25	34.200	10.488	11	57	18.728	1115	1414	6	6	6.050	5.262	154.169	0.896	1.150	0.870	0.820
185	412	23.158	10.750	1	55	94.083	2634	1430	27	22	26.747	19.613	174.865	0.585	1.364	0.733	0.851
186	320	29.494	12.309	0	64	105.983	1078	1439	33	22	27.966	14.569	170.563	0.358	1.920	0.521	0.686
187	35	61.057	16.188	11	84	23.556	3981	1442	9	6	8.324	5.354	27.591	0.793	1.555	0.643	0.814
188	178	52.579	19.082	2	90	53.698	1771	1454	20	13	19.197	11.806	177.007	0.776	1.626	0.615	0.868
189	253	21.893	10.055	1	50	83.497	2127	1458	17	28	25.323	12.721	100.529	0.456	1.991	0.502	0.734
190	247	19.178	7.877	0	42	68.912	3932	1491	22	20	19.424	16.191	26.464	0.654	1.200	0.834	0.799
191	38	51.368	14.723	15	70	22.385	2696	1496	8	7	7.542	6.415	164.607	0.953	1.176	0.850	0.844
192	16	16.125	7.527	2	32	18.142	2997	1506	5	6	5.050	4.034	109.968	0.611	1.252	0.799	0.667
193	483	49.433	19.154	5	97	86.669	2640	1514	29	22	28.348	21.694	8.997	0.808	1.307	0.765	0.917
194	250	36.916	16.029	4	84	75.598	2246	1528	31	14	27.821	11.441	179.690	0.550	2.432	0.411	0.816
195	24	34.417	16.218	4	60	20.728	2779	1532	7	5	7.093	4.308	166.096	0.702	1.646	0.607	0.774
196	7019	36.694	19.772	0	115	438.174	2185	1542	142	94	147.010	60.791	156.047	0.459	2.418	0.414	0.797
197	29	37.586	12.933	8	63	21.314	1924	1548	8	5	7.035	5.248	163.066	0.802	1.340	0.746	0.841
198	29	29.759	10.809	6	50	22.385	275	1560	8	7	7.140	5.171	138.200	0.727	1.381	0.724	0.744
199	31	29.000	13.907	4	56	21.556	727	1560	7	7	6.926	5.699	47.216	0.838	1.215	0.823	0.795
200	174	42.293	14.602	5	81	50.627	829	1574	14	16	16.408	13.502	94.775	0.853	1.215	0.823	0.902
201	106	43.774	11.139	15	69	40.284	2077	1589	14	12	12.110	11.144	179.493	0.821	1.087	0.920	0.848
202	314	37.662	15.512	4	76	76.426	2127	1596	20	25	24.997	15.994	112.836	0.676	1.563	0.640	0.854
203	38	45.395	11.250	19	79	22.971	2573	1601	8	7	7.768	6.228	155.850	0.905	1.247	0.802	0.854
204	33	27.576	12.005	5	52	27.213	113	1614	10	8	9.014	4.661	151.829	0.560	1.934	0.517	0.653
205	19	16.895	8.205	1	30	17.314	1137	1617	6	5	6.860	3.527	137.125	0.796	1.945	0.514	0.792
206	41	41.488	13.310	13	68	25.213	2026	1625	9	8	8.277	6.307	30.832	0.810	1.312	0.762	0.766
207	162	59.265	19.446	15	106	54.284	574	1634	19	13	18.884	10.923	21.736	0.691	1.729	0.578	0.857
208	43	27.163	11.741	5	52	27.556	2185	1634	12	5	10.661	5.135	1.756	0.712	2.076	0.482	0.851
209	548	47.783	22.334	4	113	92.569	1	1648	30	27	29.933	23.310	36.149	0.804	1.284	0.779	0.907
210	146	51.055	19.013	9	94	51.698	1951	1660	20	11	18.417	10.093	10.667	0.686	1.825	0.548	0.851
211	39	37.923	10.529	4	58	25.213	3118	1663	9	8	8.135	6.104	38.667	0.771	1.333	0.750	0.765
212	33	21.606	11.760	5	56	22.142	2047	1675	8	6	7.531	5.579	0.331	0.846	1.350	0.741	0.825
213	45	21.133	9.336	2	39	28.385	3578	1682	9	8	8.403	6.818	158.590	0.702	1.232	0.811	0.783
214	36	47.194	15.948	15	77	24.142	2989	1687	8	7	8.110	5.652	21.472	0.776	1.435	0.697	0.818
215	47	25.574	9.941	2	46	30.385	3137	1691	12	5	12.463	4.802	175.478	0.640	2.596	0.385	0.839
216	345	20.986	9.950	1	50	88.225	2967	1704	25	24	21.556	20.378	147.195	0.557	1.058	0.945	0.794
217	123	64.691	17.812	16	99	42.042	1531	1708	16	10	15.353	10.201	177.753	0.874	1.505	0.664	0.908
218	27	22.926	12.061	5	46	22.728	3161	1712	8	6	7.501	4.583	29.722	0.657	1.637	0.611	0.761
219	244	50.471	21.295	5	104	62.184	1801	1716	21	16	20.010	15.526	13.703	0.793	1.289	0.776	0.894
220	21	30.762	11.171	14	52	17.899	755	1722	7	4	7.234	3.696	17.262	0.824	1.957	0.511	0.875
221	20	38.700	15.424	10	70	17.899	3965	1729	7	4	7.093	3.590	7.416	0.784	1.976	0.506	0.851
222	83	48.578	14.197	7	84	35.799	3153	1731	12	10	12.443	8.493	32.084	0.814	1.465	0.683	0.860
223	27	18.111	9.561	2	43	20.142	1688	1748	7	6	7.867	4.370	155.013	0.836	1.800	0.556	0.806
224	195	39.379	16.128	2	74	58.527	575	1753	21	15	20.348	12.202	25.480	0.715	1.668	0.600	0.844
225	17	22.000	9.950	5	37	16.728	606	1763	5	6	5.562	3.892	138.435	0.763	1.429	0.700	0.739
226	33	23.727	8.755	4	41	26.385	2199	1783	9	7	7.728	5.437	39.919	0.596	1.421	0.704	0.702
227	111	37.613	16.657	2	82	44.284	2479	1783	14	13	12.518	11.290	2.942	0.711	1.109	0.902	0.801
228	4225	36.841	20.906	0	118	315.262	2003	1786	81	85	81.222	66.231	55.870	0.534	1.226	0.815	0.860
229	36	53.194	15.710	13	81	24.385	2335	1786	9	7	7.659	5.984	179.744	0.761	1.280	0.781	0.791
230	37	41.216	10.433	20	64	25.556	275	1810	10	6	9.066	5.196	11.198	0.712	1.745	0.573	0.804
231	22	29.909	11.250	11	49	20.728	3401	1812	9	4	8.875	3.156	169.287	0.643	2.812	0.356	0.786
232	51	24.196	10.046	0	44	32.042	551	1835	9	12	12.893	5.037	58.881	0.624	2.560	0.391	0.734
233	77	26.961	11.503	4	55	34.627	1577	1835	13	9	11.817	8.296	4.268	0.807	1.424	0.702	0.832
234	16	27.438	14.184	2	47	16.728	2663	1844	5	6	5.346	3.811	131.070	0.719	1.403	0.713	0.727
235	28	29.500	13.514	5	49	20.485	1834	1845	8	4	8.125	4.388	173.073	0.838	1.852	0.540	0.949
236	134	45.187	17.762	2	87	50.870	1488	1850	13	16	14.356	11.884	71.969	0.651	1.208	0.828	0.817
237	281	38.872	18.992	6	83	130.024	3568	1853	30	29	21.335	16.769	44.073	0.209	1.272	0.786	0.492
238	109	21.972	8.975	4	46	47.113	3429	1855	13	14	12.222	11.356	135.489	0.617	1.076	0.929	0.754
239	244	30.250	12.355	1	60	71.255	3053	1862	24	19	26.590	11.684	144.584	0.604	2.276	0.439	0.836
240	54	55.722	15.351	4	79	28.385	33	1863	9	9	9.632	7.138	19.410	0.842	1.349	0.741	0.837
241	94	20.021	10.067	1	50	41.556	3991	1869	8	15	14.709	8.137	86.257	0.684	1.808	0.553	0.874
242	374	44.005	18.971	2	93	86.669	842	1896	24	22	22.780	20.904	52.687	0.626	1.090	0.918	0.846
243	83	37.325	12.066	4	68	35.213	2536	1900	12	10	11.961	8.835	154.724	0.841	1.354	0.739	0.869
244	103	31.398	13.786	4	61	49.698	1541	1904	15	13	15.861	8.268	140.826	0.524	1.918	0.521	0.755
245	212	62.882	19.191	10	111	59.941	2430	1905	14	20	19.853	13.597	92.593	0.741	1.460	0.685	0.878
246	30	59.600	18.137	25	99	21.314	2806	1918	7	6	7.725	4.945	49.399	0.830	1.562	0.640	0.870
247	574	36.603	18.519	3	90	131.539	330	1924	30	34	35.860	20.380	51.030	0.417	1.760	0.568	0.757
248	75	33.307	14.266	6	66	32.971	2632	1924	12	8	11.998	7.959	171.844	0.867	1.507	0.663	0.904
249	304	45.507	21.003	3	100	76.669	840	1931	30	17	26.877	14.401	165.043	0.650	1.866	0.536	0.837
250	23	23.435	10.770	4	52	19.314	2458	1942	7	5	6.519	4.492	10.278	0.775	1.451	0.689	0.821
251	30	28.400	12.336	4	55	24.728	1076	1973	10	5	9.736	3.923	22.090	0.617	2.482	0.403	0.822
252	18	19.278	9.724	4	34	17.314	947	2017	6	5	6.058	3.783	12.481	0.755	1.601	0.624	0.783
253	87	12.931	6.842	1	32	53.698	2443	2024	13	12	11.855	9.344	154.634	0.379	1.269	0.788	0.674
254	9483	42.334	25.581	0	150	463.789	1	2034	108	145	157.350	76.734	119.536	0.554	2.051	0.488	0.878
255	37	49.432	16.414	18	89	25.799	137	2049	10	6	8.955	5.261	167.961	0.699	1.702	0.587	0.779
256	266	25.541	11.955	1	62	72.770	1573	2050	25	17	22.651	14.952	2.976	0.631	1.515	0.660	0.826
257	16	36.125	12.883	10	52	15.899	3081	2061	7	3	6.585	3.094	13.173	0.795	2.129	0.470	0.889
258	34	30.294	7.646	14	47	24.142	1933	2065	8	7	7.644	5.664	128.835	0.733	1.350	0.741	0.791
259	179	28.067	12.952	1	59	60.770	1555	2070	19	17	16.321	13.964	15.073	0.609	1.169	0.856	0.772
260	62	68.097	16.119	25	96	30.971	2404	2078	12	7	12.113	6.517	16.019	0.812	1.859	0.538	0.879
261	71	23.521	12.328	1	49	41.456	3489	2087	17	7	15.035	6.013	172.217	0.519	2.501	0.400	0.755
262	67	24.090	10.211	3	49	34.042	2751	2099	11	10	10.586	8.058	179.153	0.727	1.314	0.761	0.788
263	48	40.146	14.941	4	81	29.799	2106	2114	11	8	10.596	5.768	26.159	0.679	1.837	0.544	0.750
264	1026	53.871	27.627	2	142	152.510	3306	2125	51	38	43.102	30.308	169.494	0.554	1.422	0.703	0.810
265	3960	34.317	15.246	0	89	309.161	133	2138	92	78	99.137	50.859	42.318	0.521	1.949	0.513	0.866
266	33	18.606	8.941	4	39	27.556	3268	2149	9	7	7.696	5.460	148.707	0.546	1.410	0.709	0.702
267	2038	42.554	24.195	0	139	205.380	1256	2156	67	52	60.069	43.198	28.026	0.607	1.391	0.719	0.878
268	6258	51.585	29.484	0	169	586.784	1804	2183	114	145	132.795	60.002	63.896	0.228	2.213	0.452	0.605
269	578	51.125	23.893	4	123	107.882	1726	2198	37	26	33.149	22.201	23.641	0.624	1.493	0.670	0.871
270	54	21.019	10.251	5	45	29.556	2810	2204	10	8	10.517	6.537	178.094	0.777	1.609	0.622	0.831
271	51	71.529	22.602	25	115	30.971	778	2213	13	6	11.480	5.656	7.480	0.668	2.030	0.493	0.829
272	41	51.000	13.891	12	84	24.385	2125	2236	8	8	7.637	6.835	50.965	0.866	1.117	0.895	0.828
273	238	43.168	21.881	1	108	60.770	1052	2246	21	16	19.345	15.665	7.175	0.810	1.235	0.810	0.885
274	62	46.355	11.389	15	71	30.971	1633	2254	11	8	10.314	7.654	33.806	0.812	1.348	0.742	0.861
275	84	36.405	14.406	4	62	35.556	294	2274	13	8	12.914	8.282	169.798	0.835	1.559	0.641	0.908
276	68	28.882	11.592	1	54	33.456	1982	2287	13	9	11.718	7.389	16.594	0.763	1.586	0.631	0.805
277	160	27.725	14.330	0	69	67.598	2412	2289	24	11	20.922	9.737	2.929	0.440	2.149	0.465	0.753
278	23	26.739	9.799	7	47	22.971	216	2294	8	7	6.340	4.619	167.027	0.548	1.372	0.729	0.639
279	20	28.600	16.541	4	56	17.556	3917	2302	7	5	7.104	3.584	21.771	0.815	1.982	0.505	0.784
280	1675	51.212	26.319	1	129	181.037	167	2304	54	53	62.458	34.146	44.911	0.642	1.829	0.547	0.893
281	37	41.000	13.604	13	65	23.314	3110	2309	9	5	8.732	5.395	11.303	0.855	1.618	0.618	0.914
282	97	23.443	10.678	3	47	45.456	3111	2337	13	12	11.987	10.303	14.036	0.590	1.163	0.860	0.761
283	25	33.160	15.165	6	60	18.142	2853	2342	7	5	6.570	4.845	160.626	0.954	1.356	0.737	0.862
284	46	76.130	16.263	12	102	26.971	470	2346	10	7	9.180	6.380	175.143	0.795	1.439	0.695	0.814
285	35	57.057	18.169	4	89	21.556	2774	2350	8	6	7.287	6.116	13.629	0.947	1.191	0.839	0.864
286	379	32.029	13.964	1	72	83.740	208	2354	27	24	24.179	19.958	18.901	0.679	1.211	0.825	0.844
287	16	19.188	5.969	7	26	15.314	1191	2380	6	4	6.079	3.351	163.732	0.857	1.814	0.551	0.800
288	28	39.143	11.772	12	64	20.142	3349	2381	7	6	7.762	4.593	27.723	0.867	1.690	0.592	0.836
289	16	26.812	12.464	6	56	14.485	2006	2415	5	4	5.137	3.966	0.000	0.958	1.295	0.772	0.889
290	182	24.027	11.025	1	69	54.284	1182	2418	20	13	18.929	12.242	170.078	0.776	1.546	0.647	0.886
291	454	36.846	17.231	2	85	99.154	1857	2427	38	21	39.832	14.512	20.318	0.580	2.745	0.364	0.876
292	16	23.125	9.201	1	37	16.142	2310	2427	6	5	5.561	3.664	28.319	0.772	1.518	0.659	0.711
293	18	34.667	13.079	8	54	16.728	3897	2429	7	4	6.633	3.455	2.450	0.808	1.919	0.521	0.800
294	102	82.167	22.390	25	122	39.456	331	2441	13	12	12.207	10.639	177.812	0.823	1.147	0.872	0.850
295	90	33.100	14.977	4	76	50.870	3614	2450	20	9	21.107	5.429	161.661	0.437	3.888	0.257	0.741
296	163	50.840	22.535	2	90	50.284	2367	2456	16	15	14.860	13.966	154.574	0.810	1.064	0.940	0.879
297	25	41.080	14.654	10	69	22.385	2614	2480	9	6	7.134	4.462	11.938	0.627	1.599	0.626	0.676
298	50	42.540	17.111	4	86	28.627	3024	2481	11	8	10.077	6.318	7.532	0.767	1.595	0.627	0.800
299	159	23.340	10.758	0	47	60.184	621	2485	18	14	17.820	11.361	23.404	0.552	1.569	0.638	0.793
300	25	22.320	7.819	5	41	22.142	953	2487	8	6	8.748	3.639	23.334	0.641	2.404	0.416	0.725
301	24	12.458	4.809	6	24	30.971	2515	2489	11	6	8.233	3.712	179.724	0.314	2.218	0.451	0.533
302	105	50.667	19.018	8	92	38.627	528	2494	14	10	13.659	9.787	178.018	0.884	1.396	0.717	0.897
303	32	26.188	8.267	13	42	22.142	2937	2496	9	5	8.227	4.952	173.717	0.820	1.661	0.602	0.865
304	43	34.651	15.712	4	61	28.971	2112	2506	10	8	8.815	6.211	25.788	0.644	1.419	0.705	0.796
305	16	14.938	9.334	1	36	16.728	200	2514	6	5	4.890	4.166	168.760	0.719	1.174	0.852	0.727
306	19	23.474	7.954	4	37	19.556	2097	2523	6	6	5.643	4.287	141.910	0.624	1.316	0.760	0.691
307	33	27.788	16.230	4	63	27.556	1726	2524	10	6	10.559	3.979	16.865	0.546	2.654	0.377	0.742
308	22	44.591	9.936	17	58	18.385	442	2525	7	6	6.801	4.119	30.433	0.818	1.651	0.606	0.759
309	31	53.452	17.437	11	84	21.556	1658	2526	8	6	7.808	5.055	4.975	0.838	1.545	0.647	0.805
310	28	20.357	9.330	4	38	21.556	162	2536	8	6	7.388	4.825	163.253	0.757	1.531	0.653	0.812
311	29	30.724	13.804	9	58	20.142	1574	2557	6	7	6.538	5.647	79.528	0.898	1.158	0.864	0.841
312	56	24.571	9.475	6	44	27.799	2205	2566	8	10	8.918	7.996	89.496	0.911	1.115	0.897	0.862
313	82	26.610	13.714	1	62	44.527	2898	2580	15	12	11.756	8.881	15.717	0.520	1.324	0.755	0.710
314	74	35.338	14.365	8	67	39.113	1397	2603	13	12	13.363	7.051	42.539	0.608	1.895	0.528	0.747
315	44	26.682	11.849	8	55	28.142	2473	2609	11	6	10.740	5.216	1.034	0.698	2.059	0.486	0.807
316	64	50.375	16.858	6	77	30.142	1274	2617	10	8	10.566	7.712	29.352	0.885	1.370	0.730	0.934
317	173	39.723	18.707	5	82	54.770	2077	2626	20	13	19.237	11.451	176.759	0.725	1.680	0.595	0.850
318	27	32.852	14.152	5	60	19.314	3729	2626	6	6	6.597	5.211	54.019	0.910	1.266	0.790	0.885
319	272	48.702	17.885	11	97	69.012	669	2641	17	25	24.475	14.150	70.252	0.718	1.730	0.578	0.870
320	633	18.850	8.847	1	44	134.610	2641	2642	36	34	39.597	20.354	138.796	0.439	1.945	0.514	0.746
321	887	26.310	11.443	1	64	153.782	919	2643	35	41	39.078	28.900	66.030	0.471	1.352	0.740	0.841
322	113	23.478	11.981	2	56	45.456	1678	2643	11	16	16.427	8.758	70.348	0.687	1.876	0.533	0.828
323	2191	52.639	36.863	0	150	200.894	1073	2651	67	51	67.205	41.510	28.795	0.682	1.619	0.618	0.903
324	306	20.797	10.464	1	58	104.569	1176	2662	32	19	23.288	16.730	175.475	0.352	1.392	0.718	0.703
325	29	28.276	12.282	2	60	20.728	639	2670	8	5	8.063	4.579	18.057	0.848	1.761	0.568	0.866
326	38	36.684	14.972	7	66	26.971	529	2672	11	6	10.279	4.707	14.640	0.656	2.184	0.458	0.768
327	139	30.187	13.461	4	68	47.456	2778	2672	16	13	16.688	10.605	17.942	0.776	1.573	0.636	0.866
328	21	18.571	12.299	4	51	20.728	3810	2672	8	5	8.234	3.247	26.182	0.614	2.536	0.394	0.778
329	31	33.516	12.712	8	61	20.142	3638	2679	7	6	7.483	5.275	145.859	0.960	1.419	0.705	0.873
330	16	13.625	7.302	2	27	15.899	166	2694	4	6	6.892	2.956	69.155	0.795	2.332	0.429	0.821
331	30	16.133	6.932	3	28	23.556	405	2699	8	7	8.341	4.580	140.851	0.679	1.821	0.549	0.759
332	191	31.450	14.440	2	78	63.598	2849	2709	24	15	22.792	10.670	29.788	0.593	2.136	0.468	0.803
333	26	25.500	11.079	5	48	24.142	2168	2721	10	5	9.301	3.559	15.133	0.561	2.613	0.383	0.765
334	1432	62.304	36.275	0	169	184.510	298	2734	72	31	64.412	28.307	175.640	0.529	2.275	0.439	0.866
335	17	20.706	6.555	10	31	20.728	2836	2738	6	6	6.326	3.422	23.116	0.497	1.849	0.541	0.630
336	132	56.174	21.519	10	109	42.870	2016	2740	15	12	14.824	11.337	26.510	0.903	1.308	0.765	0.907
337	75	53.120	20.549	9	94	34.042	2828	2754	12	9	11.903	8.023	163.325	0.813	1.484	0.674	0.833
338	24	27.875	13.677	6	55	23.556	2233	2758	7	6	7.109	4.299	18.719	0.544	1.654	0.605	0.676
339	126	53.817	17.655	7	102	52.527	2840	2763	19	11	17.717	9.055	178.597	0.574	1.957	0.511	0.785
340	2359	49.580	27.172	1	149	368.818	3396	2769	86	79	67.853	44.266	49.319	0.218	1.533	0.652	0.540
341	35	46.486	20.006	6	88	24.728	379	2773	11	4	10.468	4.257	175.975	0.719	2.459	0.407	0.897
342	325	43.277	15.702	7	89	80.083	148	2784	24	24	26.315	15.725	40.630	0.637	1.673	0.598	0.826
343	223	46.937	15.217	10	83	61.456	496	2784	15	19	19.245	14.754	80.451	0.742	1.304	0.767	0.885
344	92	27.348	12.396	3	60	40.870	1296	2805	14	11	14.036	8.346	163.035	0.692	1.682	0.595	0.790
345	82	18.183	8.535	3	40	41.456	836	2816	13	10	13.038	8.008	11.183	0.600	1.628	0.614	0.756
346	90	19.822	10.049	1	46	48.142	1	2825	11	16	13.927	8.228	119.150	0.488	1.693	0.591	0.741
347	28	26.429	13.318	2	50	25.556	3249	2830	10	6	8.799	4.052	16.116	0.539	2.172	0.460	0.667
348	78	22.872	10.955	3	56	36.042	1302	2838	10	11	11.215	8.856	48.585	0.755	1.266	0.790	0.825
349	24	57.292	17.312	17	78	17.899	642	2854	6	5	5.924	5.158	19.440	0.941	1.148	0.871	0.889
350	33	28.000	10.374	5	47	23.556	45	2856	9	6	8.481	4.954	9.559	0.747	1.712	0.584	0.795
351	32	39.844	9.457	21	55	22.971	2166	2861	8	7	6.741	6.045	158.047	0.762	1.115	0.897	0.744
352	1202	38.193	18.468	1	96	177.238	1718	2893	55	43	59.868	25.563	30.848	0.481	2.342	0.427	0.814
353	66	29.970	14.117	2	55	38.627	1235	2911	12	10	12.357	6.801	19.730	0.556	1.817	0.550	0.754
354	24	41.250	12.220	19	62	18.728	499	2915	7	5	6.439	4.746	1.048	0.860	1.357	0.737	0.828
355	65	37.338	15.353	8	71	38.284	2602	2920	12	11	9.873	8.382	179.657	0.557	1.178	0.849	0.718
356	33	39.606	15.279	14	70	21.314	3691	2935	7	6	7.098	5.919	36.970	0.913	1.199	0.834	0.892
357	31	45.677	11.895	18	76	22.728	1037	2992	9	5	9.041	4.366	171.408	0.754	2.071	0.483	0.838
358	16	36.312	13.230	17	63	15.314	204	2995	6	4	5.665	3.596	20.373	0.857	1.575	0.635	0.800
359	31	37.677	14.105	5	60	22.485	1421	2995	9	4	8.810	4.480	0.738	0.771	1.966	0.509	0.925
