 	Area	Mean	StdDev	Min	Max	Perim.	BX	BY	Width	Height	Major	Minor	Angle	Circ.	AR	Round	Solidity
1	28	14.429	9.682	6	42	23.556	1408	1	9	6	8.119	4.391	152.289	0.634	1.849	0.541	0.727
2	33	31.182	13.862	1	55	21.556	2963	2	6	8	6.910	6.081	115.867	0.892	1.136	0.880	0.835
3	20	19.250	9.503	3	36	16.728	2290	17	6	5	6.003	4.242	20.088	0.898	1.415	0.707	0.833
4	99	29.444	13.384	7	66	42.284	2176	40	13	13	12.553	10.042	127.763	0.696	1.250	0.800	0.808
5	205	19.571	9.555	0	50	60.527	2	44	16	20	19.379	13.469	65.175	0.703	1.439	0.695	0.858
6	222	15.743	8.019	2	40	90.569	3680	45	21	22	18.475	15.299	127.620	0.340	1.208	0.828	0.671
7	430	17.495	9.799	0	45	99.054	1357	46	23	32	30.786	17.784	70.157	0.551	1.731	0.578	0.808
8	25	23.440	9.005	11	41	19.899	1817	52	6	6	7.307	4.356	119.055	0.793	1.677	0.596	0.847
9	58	24.293	11.774	1	51	29.213	1214	54	7	11	10.796	6.840	80.133	0.854	1.578	0.634	0.866
10	289	26.471	15.634	1	71	73.598	441	56	23	18	24.261	15.167	17.349	0.670	1.600	0.625	0.856
11	765	25.173	12.724	0	69	148.510	3579	67	42	34	37.482	25.987	22.025	0.436	1.442	0.693	0.768
12	96	18.865	9.793	1	52	51.113	1652	97	14	11	12.853	9.510	178.178	0.462	1.351	0.740	0.714
13	1580	29.180	14.497	1	81	189.823	1083	114	39	62	61.920	32.489	105.817	0.551	1.906	0.525	0.870
14	69	37.420	10.582	10	60	31.799	3416	114	9	11	9.815	8.951	98.712	0.857	1.096	0.912	0.847
15	474	29.390	11.548	0	73	114.669	1	117	15	45	42.062	14.348	88.982	0.453	2.932	0.341	0.873
16	80	20.275	8.430	2	42	36.042	3050	117	10	12	12.445	8.185	79.247	0.774	1.520	0.658	0.833
17	30	22.367	9.023	8	43	26.971	1969	123	6	8	7.658	4.988	82.579	0.518	1.535	0.651	0.690
18	70	18.914	10.086	3	45	45.698	2468	128	11	17	18.174	4.904	59.926	0.421	3.706	0.270	0.645
19	42	27.190	12.182	5	49	25.556	3868	128	8	8	8.897	6.011	126.292	0.808	1.480	0.676	0.816
20	26	17.269	10.410	2	40	23.799	3375	133	8	8	7.832	4.227	130.784	0.577	1.853	0.540	0.634
21	3634	43.959	20.760	0	107	415.931	1630	134	62	151	138.222	33.475	102.266	0.264	4.129	0.242	0.666
22	426	29.002	11.479	4	64	90.569	1882	141	24	27	26.265	20.651	67.536	0.653	1.272	0.786	0.857
23	36	14.833	8.052	4	33	22.142	1611	143	7	7	8.073	5.678	136.152	0.923	1.422	0.703	0.867
24	26	27.731	13.059	4	53	20.142	599	147	7	6	7.200	4.598	142.018	0.805	1.566	0.639	0.800
25	301	28.405	12.479	1	69	76.184	1667	153	16	25	23.970	15.988	89.909	0.652	1.499	0.667	0.867
26	94	21.840	9.375	3	45	41.213	446	154	12	12	12.195	9.814	147.291	0.695	1.243	0.805	0.832
27	37	18.973	9.385	2	41	24.728	3320	169	5	10	9.984	4.719	100.304	0.760	2.116	0.473	0.871
28	77	15.143	7.432	1	36	41.456	1822	182	11	14	11.311	8.667	77.564	0.563	1.305	0.766	0.716
29	23	20.609	6.880	8	33	22.142	2487	189	6	8	6.032	4.855	66.730	0.590	1.242	0.805	0.687
30	182	51.505	13.489	5	83	53.113	679	190	17	15	17.519	13.227	26.102	0.811	1.324	0.755	0.879
31	27	13.519	7.181	2	28	27.799	2782	191	9	6	8.280	4.152	14.650	0.439	1.994	0.501	0.621
32	31	14.194	8.646	0	37	24.728	2045	196	8	7	8.933	4.419	48.580	0.637	2.022	0.495	0.775
33	18	18.778	8.070	4	39	16.142	2771	196	6	5	6.595	3.475	39.073	0.868	1.898	0.527	0.800
34	137	28.577	10.111	7	55	55.941	846	203	13	18	14.864	11.735	94.564	0.550	1.267	0.789	0.770
35	265	36.562	12.056	4	69	63.255	568	204	20	20	21.044	16.033	140.026	0.832	1.313	0.762	0.898
36	102	15.990	7.767	1	34	53.113	791	210	14	14	12.847	10.109	105.221	0.454	1.271	0.787	0.680
37	56	48.732	13.942	14	78	28.385	3176	212	9	9	8.924	7.990	12.063	0.873	1.117	0.895	0.855
38	29	18.379	8.178	4	36	24.142	1002	216	7	8	7.302	5.057	103.454	0.625	1.444	0.693	0.699
39	367	21.736	9.840	1	51	91.740	1821	226	21	29	27.214	17.170	77.418	0.548	1.585	0.631	0.805
40	214	57.187	17.983	17	101	60.184	631	229	16	21	19.791	13.767	99.669	0.742	1.438	0.696	0.870
41	137	29.051	13.922	1	62	53.113	3705	234	19	12	17.999	9.691	168.074	0.610	1.857	0.538	0.799
42	22	18.182	10.944	6	46	17.314	916	235	5	6	6.404	4.374	73.132	0.922	1.464	0.683	0.863
43	417	21.002	10.063	0	56	96.811	2670	237	28	24	24.935	21.293	143.237	0.559	1.171	0.854	0.819
44	2779	45.428	23.743	0	115	269.806	1324	241	56	88	86.580	40.868	111.668	0.480	2.119	0.472	0.814
45	5449	29.562	15.876	0	96	405.103	309	252	77	120	103.723	66.889	90.209	0.417	1.551	0.645	0.857
46	16	14.938	6.638	5	24	18.728	1857	258	7	5	7.259	2.806	154.687	0.573	2.587	0.387	0.696
47	22	16.591	6.500	3	28	20.728	2606	265	5	8	6.733	4.160	65.834	0.643	1.619	0.618	0.746
48	201	36.607	13.278	3	67	59.598	963	266	20	15	19.304	13.257	174.076	0.711	1.456	0.687	0.854
49	272	49.015	16.370	1	90	67.598	988	269	19	21	20.838	16.620	61.812	0.748	1.254	0.798	0.865
50	40	24.150	12.067	4	55	24.142	1451	276	8	7	7.486	6.803	163.049	0.862	1.100	0.909	0.842
51	123	16.805	8.260	1	45	73.497	2099	286	19	13	15.166	10.326	175.027	0.286	1.469	0.681	0.636
52	173	23.035	11.961	1	58	68.042	3987	291	12	26	21.405	10.290	89.030	0.470	2.080	0.481	0.762
53	1719	29.864	13.729	0	74	192.551	3169	295	41	56	54.308	40.302	96.416	0.583	1.348	0.742	0.894
54	132	51.174	19.043	4	92	50.284	923	342	12	18	15.994	10.508	79.406	0.656	1.522	0.657	0.820
55	642	27.506	15.989	1	75	136.267	693	350	33	37	33.210	24.614	71.494	0.434	1.349	0.741	0.774
56	143	41.629	12.443	7	73	47.113	3696	351	13	16	15.504	11.743	94.368	0.810	1.320	0.757	0.864
57	1887	22.447	11.042	0	59	231.522	2579	353	41	80	78.610	30.564	74.235	0.442	2.572	0.389	0.877
58	76	41.987	11.627	5	69	32.385	1382	354	9	11	10.832	8.933	103.659	0.911	1.212	0.825	0.894
59	124	37.742	10.205	15	64	42.870	173	360	14	13	13.216	11.946	26.972	0.848	1.106	0.904	0.867
60	633	16.610	8.621	0	46	145.196	3223	369	39	28	36.381	22.153	162.201	0.377	1.642	0.609	0.765
61	526	20.783	9.700	0	47	106.811	1635	381	29	30	27.437	24.410	110.191	0.579	1.124	0.890	0.823
62	363	19.912	9.602	0	51	89.397	333	384	22	26	24.364	18.970	94.882	0.571	1.284	0.779	0.813
63	33	15.000	8.997	0	36	27.556	1689	385	7	9	8.435	4.981	110.197	0.546	1.693	0.591	0.710
64	64	23.125	11.337	2	52	32.142	394	391	8	11	11.570	7.043	78.383	0.778	1.643	0.609	0.871
65	31	18.548	10.462	1	42	28.385	74	398	8	8	7.096	5.562	36.633	0.484	1.276	0.784	0.653
66	112	21.491	9.058	3	41	45.456	2832	409	11	16	14.973	9.524	106.824	0.681	1.572	0.636	0.818
67	268	17.631	9.386	1	51	67.012	1094	438	20	20	22.192	15.376	44.624	0.750	1.443	0.693	0.865
68	49	11.735	5.736	1	29	38.870	1630	442	8	14	13.347	4.674	69.393	0.408	2.856	0.350	0.641
69	43	13.047	6.715	2	30	34.042	3515	448	10	10	8.525	6.422	76.458	0.466	1.328	0.753	0.619
70	101	27.871	9.636	5	47	43.456	3609	448	12	13	12.412	10.361	116.578	0.672	1.198	0.835	0.802
71	71	26.592	10.291	4	47	36.042	2275	452	9	13	11.611	7.786	96.301	0.687	1.491	0.671	0.789
72	156	43.410	16.557	4	80	52.527	387	454	13	19	17.279	11.495	81.685	0.711	1.503	0.665	0.828
73	290	26.800	10.563	2	57	73.740	1288	454	20	24	21.612	17.085	105.741	0.670	1.265	0.791	0.829
74	1120	22.452	10.636	1	66	168.652	2229	455	42	48	49.784	28.644	61.240	0.495	1.738	0.575	0.783
75	23	14.913	7.537	3	31	21.556	2303	457	7	7	6.929	4.226	135.796	0.622	1.640	0.610	0.676
76	2269	35.130	19.706	0	102	202.551	2300	459	54	58	56.908	50.765	62.815	0.695	1.121	0.892	0.912
77	95	50.505	14.673	18	78	38.627	3482	461	11	13	12.877	9.394	93.218	0.800	1.371	0.730	0.844
78	274	32.234	12.124	3	67	77.497	3788	464	19	29	29.124	11.979	111.442	0.573	2.431	0.411	0.802
79	103	34.388	12.929	2	63	41.799	1548	466	11	14	12.968	10.113	74.207	0.741	1.282	0.780	0.866
80	1675	32.644	16.497	0	87	201.380	477	472	50	65	65.553	32.534	129.017	0.519	2.015	0.496	0.861
81	113	32.035	12.964	5	62	46.042	3640	485	14	13	15.603	9.221	132.205	0.670	1.692	0.591	0.807
82	715	42.855	17.397	1	90	111.397	701	487	37	26	38.364	23.730	9.632	0.724	1.617	0.619	0.890
83	2248	34.726	20.464	0	115	273.321	1895	502	57	86	75.185	38.069	63.224	0.378	1.975	0.506	0.720
84	64	33.578	10.494	12	54	30.385	3015	530	8	11	10.502	7.759	83.981	0.871	1.353	0.739	0.871
85	26	18.923	9.117	7	46	19.556	2677	539	7	6	7.323	4.521	141.895	0.854	1.620	0.617	0.788
86	1697	31.295	14.620	0	75	202.551	1396	542	50	48	46.688	46.279	24.215	0.520	1.009	0.991	0.867
87	92	44.228	14.090	0	75	38.627	2111	547	10	14	14.002	8.366	74.523	0.775	1.674	0.597	0.856
88	28	14.000	6.934	4	29	24.385	3130	547	9	7	9.183	3.882	30.717	0.592	2.366	0.423	0.691
89	64	15.984	8.625	1	39	52.770	1374	552	10	16	13.487	6.042	106.645	0.289	2.232	0.448	0.571
90	166	29.958	12.556	0	61	52.527	304	553	16	16	16.852	12.542	37.915	0.756	1.344	0.744	0.858
91	26	17.077	7.183	1	31	27.799	2167	557	8	9	7.181	4.610	71.857	0.423	1.558	0.642	0.559
92	43	16.721	7.890	4	44	30.627	1258	562	7	12	11.011	4.972	101.213	0.576	2.214	0.452	0.723
93	129	24.465	9.636	4	50	48.042	3417	562	15	12	15.694	10.466	19.960	0.702	1.500	0.667	0.843
94	29	15.138	6.983	4	30	22.142	3327	564	6	8	6.792	5.436	81.197	0.743	1.250	0.800	0.806
95	26	21.038	9.480	3	38	21.799	3754	566	7	7	7.428	4.456	138.310	0.688	1.667	0.600	0.722
96	122	20.877	8.180	1	38	56.770	1460	582	15	14	14.364	10.814	140.741	0.476	1.328	0.753	0.735
97	29	20.172	8.824	3	34	25.556	3057	596	7	7	7.111	5.192	59.666	0.558	1.369	0.730	0.690
98	890	30.162	12.484	0	71	134.024	3413	600	35	42	42.146	26.887	64.603	0.623	1.567	0.638	0.854
99	178	17.551	8.484	1	37	57.698	610	606	23	12	23.076	9.821	166.203	0.672	2.350	0.426	0.868
100	152	32.178	12.524	4	60	55.698	964	607	12	20	19.565	9.892	65.508	0.616	1.978	0.506	0.833
101	715	14.154	7.423	0	43	149.338	575	612	36	33	31.182	29.196	139.366	0.403	1.068	0.936	0.798
102	44	20.818	10.164	2	44	24.971	2597	615	7	9	8.827	6.347	83.562	0.887	1.391	0.719	0.854
103	1528	22.912	10.488	0	55	184.894	357	618	38	57	55.668	34.948	88.787	0.562	1.593	0.628	0.893
104	688	22.384	10.511	1	53	116.024	3014	618	31	36	34.619	25.304	120.785	0.642	1.368	0.731	0.872
105	17	20.529	10.429	3	38	17.899	798	624	5	6	5.138	4.212	103.642	0.667	1.220	0.820	0.739
106	345	30.612	12.336	2	66	75.841	1349	624	23	23	24.698	17.785	44.153	0.754	1.389	0.720	0.871
107	32	29.812	10.027	4	46	23.899	2518	638	8	6	7.290	5.589	154.330	0.704	1.304	0.767	0.800
108	231	51.952	14.712	12	90	60.184	2895	673	18	19	17.952	16.383	59.260	0.801	1.096	0.913	0.878
109	65	20.169	9.583	2	46	40.284	1388	678	11	11	9.973	8.299	124.469	0.503	1.202	0.832	0.703
110	44	33.227	15.599	5	70	26.971	3307	679	7	10	9.441	5.934	96.124	0.760	1.591	0.629	0.800
111	517	16.969	9.547	0	48	105.296	1200	703	27	29	28.452	23.136	59.351	0.586	1.230	0.813	0.853
112	1195	27.164	13.429	1	73	155.095	2489	726	45	45	41.299	36.842	139.249	0.624	1.121	0.892	0.866
113	19	15.947	5.093	7	27	16.728	3414	726	6	5	5.636	4.292	169.663	0.853	1.313	0.761	0.776
114	69	42.594	13.749	11	69	32.870	1402	735	11	11	10.285	8.542	119.342	0.803	1.204	0.830	0.821
115	219	37.493	13.077	5	71	61.941	868	751	16	20	19.740	14.125	60.621	0.717	1.398	0.716	0.867
116	270	41.833	20.449	1	102	92.326	3413	793	24	25	28.583	12.027	44.069	0.398	2.376	0.421	0.685
117	30	13.967	7.582	3	29	32.627	3610	793	10	9	6.901	5.535	170.213	0.354	1.247	0.802	0.522
118	455	22.657	10.144	3	51	86.669	1063	816	24	27	28.626	20.237	61.759	0.761	1.415	0.707	0.902
119	26	22.423	9.770	5	39	19.314	1770	818	5	7	6.730	4.919	72.357	0.876	1.368	0.731	0.867
120	22	22.091	9.556	7	41	18.728	71	821	5	7	6.435	4.353	118.401	0.788	1.478	0.676	0.786
121	642	54.562	24.858	2	119	106.811	1211	840	30	35	39.300	20.800	52.404	0.707	1.889	0.529	0.913
122	48	28.146	9.923	8	47	31.213	2899	843	8	10	9.970	6.130	85.701	0.619	1.626	0.615	0.738
123	328	35.244	16.818	1	85	76.426	2320	858	19	27	25.633	16.292	80.318	0.706	1.573	0.636	0.877
124	17	15.176	9.036	4	31	20.728	879	860	6	7	5.362	4.037	106.160	0.497	1.328	0.753	0.596
125	21	14.000	5.848	3	27	22.971	3252	881	7	7	5.682	4.706	149.374	0.500	1.208	0.828	0.600
126	8432	30.263	18.266	0	101	434.902	1473	897	89	126	129.267	83.053	84.017	0.560	1.556	0.642	0.900
127	21	17.048	8.322	3	33	26.142	1560	901	6	10	8.262	3.236	63.098	0.386	2.553	0.392	0.545
128	42	25.286	7.741	11	42	26.142	3645	901	8	8	8.597	6.220	150.495	0.772	1.382	0.724	0.808
129	22	17.682	5.558	5	28	17.314	3169	902	5	6	5.436	5.152	113.962	0.922	1.055	0.948	0.846
130	75	15.493	7.567	1	34	51.941	3462	903	15	12	13.210	7.229	34.875	0.349	1.827	0.547	0.630
131	254	45.114	15.696	8	84	73.255	2127	908	22	18	20.127	16.068	159.823	0.595	1.253	0.798	0.818
132	705	37.594	16.672	0	101	131.539	3737	912	38	33	41.292	21.739	21.583	0.512	1.899	0.526	0.828
133	1611	39.838	17.374	2	94	188.652	3532	913	44	51	49.959	41.058	95.701	0.569	1.217	0.822	0.826
134	773	43.317	23.800	1	117	119.397	1665	949	35	36	38.354	25.661	52.402	0.681	1.495	0.669	0.847
135	2301	34.447	14.734	1	87	243.078	2275	986	51	72	70.305	41.671	88.862	0.489	1.687	0.593	0.868
136	51	15.510	7.588	2	34	28.971	3936	996	9	9	9.281	6.996	42.007	0.764	1.327	0.754	0.803
137	85	28.776	11.477	2	60	36.042	3208	999	11	12	11.242	9.627	111.790	0.822	1.168	0.856	0.833
138	24	19.417	9.050	4	35	19.314	922	1018	6	6	5.811	5.259	103.232	0.809	1.105	0.905	0.800
139	45	39.133	10.352	17	64	25.556	3030	1019	7	9	8.458	6.774	74.510	0.866	1.248	0.801	0.841
140	84	20.595	9.246	3	46	54.284	3500	1028	10	19	17.839	5.995	72.839	0.358	2.975	0.336	0.644
141	316	35.348	13.286	4	70	82.669	3553	1051	22	23	23.108	17.412	135.260	0.581	1.327	0.754	0.844
142	27	25.037	10.215	5	46	21.556	469	1053	6	8	6.833	5.031	105.605	0.730	1.358	0.736	0.771
143	55	20.764	9.159	7	45	32.627	3147	1063	11	10	10.569	6.626	145.259	0.649	1.595	0.627	0.738
144	69	19.971	10.300	1	43	43.456	734	1101	9	14	11.793	7.449	83.178	0.459	1.583	0.632	0.693
145	17	17.529	11.358	3	35	19.314	1765	1106	4	7	6.702	3.230	95.872	0.573	2.075	0.482	0.694
146	217	31.115	12.800	2	69	70.770	1763	1111	13	27	26.927	10.261	74.725	0.544	2.624	0.381	0.833
147	266	17.211	8.574	0	41	102.811	1385	1124	26	25	27.811	12.178	50.225	0.316	2.284	0.438	0.656
148	442	22.948	10.412	1	57	103.640	3207	1124	20	37	31.462	17.887	94.522	0.517	1.759	0.569	0.803
149	22	14.955	8.139	2	33	24.971	3544	1138	8	7	7.935	3.530	157.096	0.443	2.248	0.445	0.571
150	180	36.311	14.617	5	84	72.326	2987	1141	21	22	24.713	9.274	45.694	0.432	2.665	0.375	0.719
151	1610	45.619	20.102	0	98	176.409	2567	1189	41	53	55.717	36.792	64.938	0.650	1.514	0.660	0.908
152	39	26.000	12.909	8	55	23.556	1025	1196	6	9	8.123	6.113	103.943	0.883	1.329	0.753	0.857
153	34	16.853	9.022	4	33	36.870	1166	1199	8	12	10.056	4.305	117.212	0.314	2.336	0.428	0.553
154	87	35.575	13.375	9	71	37.799	97	1201	8	15	14.262	7.767	99.565	0.765	1.836	0.545	0.888
155	58	18.017	8.815	4	40	39.456	3375	1212	10	12	10.043	7.353	88.739	0.468	1.366	0.732	0.671
156	410	44.017	13.964	10	79	87.841	1881	1216	23	24	26.203	19.922	48.266	0.668	1.315	0.760	0.891
157	41	21.049	9.816	5	40	26.971	2513	1218	9	8	7.966	6.553	117.707	0.708	1.216	0.823	0.745
158	32	18.469	8.677	3	37	26.142	3604	1221	9	7	8.361	4.873	163.169	0.588	1.716	0.583	0.736
159	16	13.562	4.732	5	21	14.485	2849	1224	5	4	5.586	3.647	30.964	0.958	1.532	0.653	0.889
160	55	25.073	12.729	5	54	26.971	1705	1231	8	9	9.617	7.281	123.379	0.950	1.321	0.757	0.894
161	36	18.972	8.930	2	37	29.556	264	1252	7	9	8.722	5.255	64.628	0.518	1.660	0.603	0.692
162	107	13.495	6.801	0	31	73.598	1031	1263	14	15	13.128	10.378	88.602	0.248	1.265	0.790	0.565
163	360	18.842	9.115	0	49	81.497	754	1277	22	26	24.009	19.092	78.088	0.681	1.258	0.795	0.842
164	478	25.615	12.803	1	65	153.095	2194	1286	44	28	34.415	17.684	169.731	0.256	1.946	0.514	0.570
165	102	49.980	14.479	4	74	39.456	3955	1287	12	13	11.783	11.022	72.989	0.823	1.069	0.935	0.846
166	21	22.190	8.334	5	38	20.142	326	1288	5	8	7.160	3.735	105.926	0.650	1.917	0.522	0.750
167	9755	30.738	17.416	0	109	646.281	1260	1291	138	161	166.037	74.805	55.723	0.293	2.220	0.451	0.743
168	31	24.581	11.340	6	50	23.556	2308	1291	6	8	8.037	4.911	71.664	0.702	1.637	0.611	0.756
169	2066	38.086	17.675	1	104	248.108	131	1309	52	78	68.346	38.488	63.904	0.422	1.776	0.563	0.799
170	1293	43.156	23.782	1	126	156.267	598	1310	38	51	49.883	33.003	98.084	0.665	1.511	0.662	0.902
171	453	49.870	18.490	1	88	85.497	555	1330	21	30	28.771	20.047	95.198	0.779	1.435	0.697	0.904
172	970	32.039	15.691	0	83	132.711	2017	1336	42	35	44.005	28.066	33.672	0.692	1.568	0.638	0.887
173	18	18.667	6.860	5	32	20.142	2270	1341	7	6	5.521	4.151	37.460	0.558	1.330	0.752	0.621
174	85	33.729	12.220	8	70	45.698	3598	1351	13	12	10.915	9.915	136.837	0.511	1.101	0.908	0.723
175	57	16.474	7.917	2	35	49.113	3586	1354	11	13	12.318	5.892	46.578	0.297	2.091	0.478	0.567
176	89	34.292	13.757	7	70	42.627	1394	1356	13	13	11.079	10.228	89.287	0.615	1.083	0.923	0.751
177	64	16.188	7.037	5	38	38.870	2305	1363	9	13	12.623	6.456	73.341	0.532	1.955	0.511	0.719
178	24	15.333	7.142	5	34	20.485	3657	1396	3	9	9.276	3.294	91.885	0.719	2.816	0.355	0.941
179	2003	24.484	12.563	0	66	219.865	493	1399	58	63	63.514	40.153	59.526	0.521	1.582	0.632	0.828
180	110	36.818	12.463	7	62	42.870	3607	1402	10	16	15.669	8.938	89.386	0.752	1.753	0.570	0.840
181	48	20.083	12.847	0	54	30.385	2016	1411	7	12	11.098	5.507	98.735	0.653	2.015	0.496	0.762
182	281	49.964	17.608	3	96	65.012	3931	1421	19	22	20.410	17.529	90.474	0.835	1.164	0.859	0.902
183	1822	40.613	20.018	0	97	288.635	3223	1451	51	88	78.795	29.442	76.906	0.275	2.676	0.374	0.631
184	6730	40.243	21.464	0	123	599.411	3717	1454	115	140	145.933	58.718	129.668	0.235	2.485	0.402	0.631
185	130	43.546	14.114	12	81	47.698	2704	1455	14	14	14.146	11.701	72.822	0.718	1.209	0.827	0.831
186	92	36.217	12.440	4	65	40.042	3044	1481	12	11	10.880	10.767	150.116	0.721	1.010	0.990	0.814
187	137	21.401	9.149	3	43	57.598	3176	1485	15	18	16.060	10.861	115.100	0.519	1.479	0.676	0.757
188	61	35.820	12.195	8	70	31.213	2584	1492	9	11	10.344	7.509	117.828	0.787	1.378	0.726	0.824
189	2129	24.635	11.192	1	65	232.936	2179	1506	66	51	60.299	44.955	0.083	0.493	1.341	0.746	0.857
190	118	16.898	8.061	0	41	48.870	134	1518	12	15	14.818	10.139	82.438	0.621	1.462	0.684	0.771
191	68	20.941	10.780	1	50	32.385	2506	1518	8	12	11.272	7.681	98.467	0.815	1.468	0.681	0.872
192	19	14.526	7.105	4	29	19.314	3663	1534	7	5	6.663	3.631	21.559	0.640	1.835	0.545	0.731
193	42	15.333	8.063	2	40	35.456	3614	1536	9	11	9.578	5.583	60.458	0.420	1.716	0.583	0.587
194	17	15.294	7.321	5	33	17.314	878	1537	4	7	6.880	3.146	75.181	0.713	2.187	0.457	0.773
195	18	12.333	8.718	2	31	17.314	90	1546	5	6	5.288	4.334	63.120	0.755	1.220	0.820	0.750
196	116	20.586	9.918	2	45	52.284	2234	1553	15	14	13.568	10.885	8.898	0.533	1.246	0.802	0.714
197	89	32.753	12.260	8	61	37.213	2843	1555	11	12	12.617	8.981	119.076	0.808	1.405	0.712	0.844
198	1139	36.241	17.687	1	79	153.924	1713	1559	37	48	41.838	34.663	97.614	0.604	1.207	0.828	0.861
199	30	18.800	9.349	3	43	24.142	3027	1572	7	8	7.061	5.409	116.181	0.647	1.305	0.766	0.732
200	66	12.591	6.528	2	29	52.770	3416	1577	14	11	12.094	6.948	151.864	0.298	1.741	0.574	0.555
201	1624	32.057	16.146	1	98	214.108	3170	1583	45	61	56.573	36.550	85.099	0.445	1.548	0.646	0.773
202	85	21.800	9.598	4	49	37.799	3617	1586	8	14	14.169	7.638	89.761	0.748	1.855	0.539	0.876
203	296	29.301	13.183	2	69	91.740	3018	1597	31	20	30.643	12.299	16.946	0.442	2.492	0.401	0.728
204	157	12.987	6.485	3	38	59.598	1880	1605	16	16	15.443	12.944	157.800	0.555	1.193	0.838	0.770
205	9217	31.754	16.484	0	107	632.382	1657	1612	115	188	164.645	71.277	78.378	0.290	2.310	0.433	0.708
206	46	31.239	11.158	9	64	28.385	1759	1612	7	11	11.087	5.283	69.880	0.717	2.099	0.476	0.807
207	209	32.842	13.483	2	69	63.598	260	1613	18	20	18.231	14.597	143.743	0.649	1.249	0.801	0.809
208	299	19.803	10.169	1	52	83.497	3079	1623	22	28	29.035	13.112	53.931	0.539	2.214	0.452	0.791
209	63	33.143	10.876	9	52	34.627	152	1625	9	12	11.472	6.992	85.678	0.660	1.641	0.610	0.759
210	78	29.231	10.493	4	47	40.284	2350	1629	11	15	14.305	6.942	60.282	0.604	2.061	0.485	0.746
211	23	24.391	7.947	7	44	18.728	77	1636	5	7	6.724	4.355	67.587	0.824	1.544	0.648	0.821
212	19	19.737	8.818	5	34	18.142	2644	1641	5	7	5.711	4.236	95.126	0.725	1.348	0.742	0.731
213	252	37.262	18.488	1	87	73.255	3754	1649	22	21	25.417	12.624	145.647	0.590	2.013	0.497	0.810
214	44	21.955	7.477	6	35	28.385	1526	1656	8	10	8.787	6.375	117.412	0.686	1.378	0.726	0.759
215	216	34.023	12.723	5	64	64.870	2293	1677	12	25	26.208	10.494	86.232	0.645	2.498	0.400	0.873
216	55	18.418	7.946	4	36	40.284	1355	1690	10	13	12.099	5.788	54.252	0.426	2.090	0.478	0.643
217	69	14.406	7.949	1	38	38.042	3746	1698	12	10	10.202	8.612	163.380	0.599	1.185	0.844	0.723
218	34	20.912	9.478	2	50	23.556	3385	1699	7	8	7.740	5.593	116.107	0.770	1.384	0.723	0.810
219	26	15.308	8.322	4	37	21.899	536	1720	7	6	7.252	4.565	47.910	0.681	1.589	0.629	0.776
220	1759	20.325	9.469	0	63	245.907	1117	1733	73	41	74.260	30.159	171.224	0.366	2.462	0.406	0.740
221	18	16.944	7.855	6	31	16.728	327	1739	6	5	5.455	4.202	153.127	0.808	1.298	0.770	0.766
222	93	29.333	11.939	2	52	45.456	2791	1774	16	10	12.802	9.250	13.980	0.566	1.384	0.723	0.753
223	1985	29.020	13.099	0	73	196.894	3056	1774	55	53	53.917	46.876	138.972	0.643	1.150	0.869	0.895
224	51	25.216	8.068	4	40	26.971	2821	1782	8	9	8.948	7.257	113.492	0.881	1.233	0.811	0.857
225	32	14.438	7.474	3	32	28.385	3452	1794	7	10	8.983	4.536	97.655	0.499	1.980	0.505	0.653
226	26	17.846	11.702	2	34	18.728	2874	1813	6	6	6.720	4.927	134.293	0.932	1.364	0.733	0.852
227	3007	40.617	22.971	0	108	236.593	959	1821	67	70	63.672	60.130	30.910	0.675	1.059	0.944	0.889
228	27	15.111	6.744	2	32	26.971	1696	1824	5	11	9.191	3.740	90.221	0.466	2.457	0.407	0.659
229	88	39.773	12.843	3	71	38.042	1396	1833	11	13	14.390	7.786	51.448	0.764	1.848	0.541	0.850
230	64	24.578	9.487	1	47	34.385	1141	1841	11	9	10.994	7.412	36.572	0.680	1.483	0.674	0.815
231	26	18.808	7.985	2	31	18.971	3198	1845	7	6	6.756	4.900	152.137	0.908	1.379	0.725	0.812
232	206	20.383	10.272	2	50	68.426	2079	1848	19	22	23.907	10.971	124.641	0.553	2.179	0.459	0.767
233	43	14.977	8.365	2	33	41.213	2728	1850	9	13	10.312	5.309	104.182	0.318	1.942	0.515	0.524
234	34	13.647	7.823	2	31	27.213	1116	1854	8	9	9.066	4.775	130.134	0.577	1.899	0.527	0.680
235	3067	28.191	13.319	1	89	300.291	2201	1870	69	80	65.010	60.069	65.807	0.427	1.082	0.924	0.783
236	29	23.966	5.809	15	40	22.971	3732	1886	7	8	8.339	4.428	122.332	0.691	1.883	0.531	0.753
237	21	17.667	9.947	3	36	17.899	1024	1920	5	6	6.234	4.289	95.469	0.824	1.454	0.688	0.840
238	937	31.737	18.626	1	80	120.125	2410	1931	33	40	38.212	31.221	94.131	0.816	1.224	0.817	0.923
239	22	24.682	9.604	6	38	20.142	718	1949	7	5	6.833	4.099	18.768	0.681	1.667	0.600	0.746
240	71	16.296	8.340	1	34	40.870	3257	1954	13	9	13.623	6.636	165.850	0.534	2.053	0.487	0.724
241	487	35.784	16.121	3	77	98.225	3934	1954	22	34	33.654	18.425	98.489	0.634	1.827	0.547	0.866
242	122	18.139	9.316	1	39	57.698	498	1963	11	20	17.404	8.926	77.614	0.461	1.950	0.513	0.724
243	25	15.600	7.223	7	34	26.385	1616	1981	6	10	7.736	4.115	72.719	0.451	1.880	0.532	0.610
244	65	44.800	13.288	4	63	31.556	95	1992	9	10	9.515	8.698	74.960	0.820	1.094	0.914	0.872
245	28	18.179	7.888	4	40	22.142	545	1992	7	7	6.392	5.577	129.418	0.718	1.146	0.873	0.757
246	52	26.577	9.019	10	48	27.556	1991	1999	9	8	9.178	7.214	24.076	0.861	1.272	0.786	0.867
247	30	23.533	8.737	5	48	19.899	2630	2005	5	7	7.468	5.115	91.185	0.952	1.460	0.685	0.923
248	147	24.946	11.131	4	63	46.870	2657	2006	12	17	16.496	11.346	90.202	0.841	1.454	0.688	0.891
249	175	45.269	14.284	5	80	52.042	5	2011	16	15	16.348	13.630	160.574	0.812	1.199	0.834	0.884
250	23	19.565	8.706	3	36	20.142	172	2014	6	7	7.261	4.033	125.486	0.712	1.800	0.555	0.793
251	688	25.035	11.759	0	60	122.953	2371	2025	29	41	38.753	22.605	63.069	0.572	1.714	0.583	0.842
252	253	34.901	13.938	3	62	71.497	2686	2025	20	19	20.765	15.513	144.268	0.622	1.339	0.747	0.796
253	16	19.375	8.547	4	33	15.899	3969	2032	4	6	5.423	3.756	83.380	0.795	1.444	0.693	0.800
254	31	21.129	8.808	5	42	20.142	411	2038	6	7	7.490	5.270	115.685	0.960	1.421	0.704	0.873
255	113	29.336	11.170	6	52	46.042	744	2038	10	16	14.914	9.647	83.834	0.670	1.546	0.647	0.834
256	776	25.883	11.936	0	60	127.539	3767	2051	33	36	34.949	28.271	125.597	0.599	1.236	0.809	0.863
257	23	23.261	8.103	9	36	20.142	201	2055	5	8	7.017	4.174	94.065	0.712	1.681	0.595	0.767
258	126	46.325	14.822	8	83	47.941	695	2104	14	17	16.347	9.814	131.789	0.689	1.666	0.600	0.816
259	391	34.151	14.715	1	76	77.255	2946	2105	24	22	24.005	20.739	15.091	0.823	1.158	0.864	0.901
260	61	29.197	11.768	5	54	33.213	1568	2115	10	10	9.664	8.037	46.669	0.695	1.202	0.832	0.777
261	100	37.680	11.709	12	68	38.627	2745	2117	11	12	12.031	10.583	43.315	0.842	1.137	0.880	0.873
262	121	28.124	11.724	3	55	43.213	3409	2124	13	13	14.717	10.468	132.324	0.814	1.406	0.711	0.900
263	4669	46.744	26.597	0	135	350.333	808	2143	57	126	119.510	49.743	88.042	0.478	2.403	0.416	0.853
264	150	39.007	13.106	11	72	52.527	894	2169	16	16	16.421	11.631	60.270	0.683	1.412	0.708	0.804
265	760	17.789	9.243	0	50	131.196	151	2170	40	32	33.999	28.462	166.325	0.555	1.195	0.837	0.836
266	5435	25.457	12.667	0	75	349.889	1606	2175	69	115	107.283	64.503	92.408	0.558	1.663	0.601	0.905
267	870	46.725	18.013	2	97	126.853	1196	2184	36	38	34.143	32.444	36.025	0.679	1.052	0.950	0.875
268	50	18.700	10.946	1	41	30.385	1012	2186	8	11	11.846	5.374	117.933	0.681	2.204	0.454	0.787
269	99	18.919	10.215	0	48	40.042	873	2187	12	13	11.996	10.507	101.268	0.776	1.142	0.876	0.825
270	82	23.598	11.523	1	56	37.456	1857	2195	11	13	11.669	8.947	108.903	0.734	1.304	0.767	0.796
271	64	21.953	8.717	5	47	34.042	2871	2222	11	10	10.379	7.852	164.522	0.694	1.322	0.757	0.766
272	104	26.923	12.800	2	62	45.698	2332	2235	10	18	16.728	7.916	110.371	0.626	2.113	0.473	0.829
273	85	15.071	7.744	3	35	50.527	3216	2275	12	14	13.002	8.324	117.798	0.418	1.562	0.640	0.669
274	66	24.545	12.317	3	53	31.213	82	2277	10	10	11.164	7.527	49.050	0.851	1.483	0.674	0.846
275	4846	36.186	19.056	0	106	365.161	3049	2293	85	109	108.200	57.025	127.527	0.457	1.897	0.527	0.807
276	20	20.200	7.824	7	36	16.728	1797	2295	5	6	5.763	4.419	71.301	0.898	1.304	0.767	0.816
277	24	15.458	6.859	2	27	17.899	3258	2301	6	5	6.233	4.902	31.224	0.941	1.271	0.787	0.889
278	31	17.129	7.924	1	29	27.799	1181	2311	6	10	8.818	4.476	80.373	0.504	1.970	0.508	0.653
279	17	21.118	9.433	2	34	18.728	1527	2312	5	6	6.076	3.562	69.917	0.609	1.706	0.586	0.694
280	104	45.163	14.582	8	79	41.456	3625	2315	13	12	13.453	9.843	133.073	0.760	1.367	0.732	0.835
281	335	32.379	13.910	3	71	83.841	2724	2317	17	33	29.363	14.526	95.964	0.599	2.021	0.495	0.839
282	347	44.493	17.810	4	93	77.841	2100	2343	17	27	26.768	16.505	89.695	0.720	1.622	0.617	0.899
283	275	20.895	10.624	1	49	76.083	2969	2345	19	25	24.821	14.106	58.542	0.597	1.760	0.568	0.832
284	219	36.416	13.730	5	74	59.355	851	2367	17	18	17.533	15.903	83.358	0.781	1.102	0.907	0.873
285	135	67.126	16.297	8	107	45.113	3362	2422	13	15	14.682	11.707	86.013	0.834	1.254	0.797	0.857
286	900	33.916	16.274	1	84	146.953	941	2423	32	50	49.517	23.142	68.352	0.524	2.140	0.467	0.833
287	48	11.625	6.296	3	30	35.799	3703	2424	9	10	9.829	6.218	39.746	0.471	1.581	0.633	0.667
288	819	22.523	11.342	0	62	132.024	3749	2424	38	35	40.013	26.061	141.712	0.590	1.535	0.651	0.862
289	294	26.282	11.485	1	56	76.912	681	2440	19	24	22.196	16.865	70.828	0.625	1.316	0.760	0.818
290	23	13.913	9.075	0	34	22.728	1682	2444	9	5	6.642	4.409	10.449	0.560	1.506	0.664	0.697
291	91	26.143	11.527	0	53	42.870	1811	2446	11	13	11.607	9.983	106.688	0.622	1.163	0.860	0.784
292	41	12.610	6.741	0	27	35.213	75	2450	11	8	8.944	5.837	165.983	0.416	1.532	0.653	0.631
293	355	21.918	10.090	0	56	102.711	531	2452	25	25	21.686	20.843	77.742	0.423	1.040	0.961	0.759
294	50	16.800	8.829	4	40	30.385	765	2452	7	11	10.676	5.963	87.518	0.681	1.790	0.559	0.781
295	185	33.827	13.717	3	68	54.184	3893	2467	17	18	18.412	12.793	125.704	0.792	1.439	0.695	0.856
296	20	14.600	8.852	2	29	18.728	2691	2474	7	5	6.484	3.927	37.238	0.717	1.651	0.606	0.755
297	884	30.437	12.864	2	74	129.439	2527	2477	41	32	38.563	29.187	172.850	0.663	1.321	0.757	0.883
298	209	18.278	9.473	1	48	106.811	2690	2477	24	31	25.672	10.365	67.743	0.230	2.477	0.404	0.455
299	422	21.611	10.079	1	53	88.669	516	2493	27	25	24.992	21.499	29.951	0.674	1.162	0.860	0.828
300	25	13.800	7.990	2	31	22.728	2077	2506	6	8	8.681	3.667	107.957	0.608	2.368	0.422	0.714
301	634	51.355	25.588	1	119	101.497	3823	2511	23	37	36.251	22.268	97.562	0.773	1.628	0.614	0.926
302	65	32.985	10.272	3	56	30.627	99	2520	9	11	9.856	8.397	94.937	0.871	1.174	0.852	0.850
303	105	23.781	10.583	0	54	41.213	1902	2523	11	14	12.858	10.398	71.406	0.777	1.237	0.809	0.854
304	45	29.244	11.426	4	47	27.213	333	2542	8	9	7.807	7.339	126.362	0.764	1.064	0.940	0.789
305	107	19.439	9.913	4	59	57.941	3543	2564	11	20	15.705	8.674	100.637	0.401	1.811	0.552	0.713
306	58	25.931	11.351	2	52	34.627	914	2568	8	13	11.212	6.586	90.692	0.608	1.702	0.587	0.748
307	127	24.756	11.404	4	53	53.113	477	2585	13	18	16.516	9.791	99.403	0.566	1.687	0.593	0.784
308	37	16.081	7.664	4	34	28.142	925	2595	5	12	11.348	4.151	107.295	0.587	2.734	0.366	0.813
309	5078	26.435	13.977	0	76	376.860	971	2596	67	125	115.101	56.172	106.353	0.449	2.049	0.488	0.857
310	1530	26.325	11.917	1	64	190.066	1784	2596	57	46	61.596	31.627	149.083	0.532	1.948	0.513	0.866
311	1539	36.466	17.955	1	95	242.693	3900	2600	38	83	72.065	27.191	87.196	0.328	2.650	0.377	0.735
312	2734	19.801	9.655	0	53	257.078	625	2617	55	75	68.936	50.497	109.338	0.520	1.365	0.733	0.882
313	918	44.504	19.077	1	97	127.782	1270	2624	36	39	40.069	29.170	57.089	0.707	1.374	0.728	0.876
314	37	31.730	11.305	9	53	23.556	465	2639	7	8	8.079	5.831	60.726	0.838	1.385	0.722	0.851
315	83	15.578	8.781	4	38	44.284	1941	2640	13	13	11.382	9.285	151.201	0.532	1.226	0.816	0.689
316	18	15.722	6.378	7	30	18.728	225	2645	5	7	5.884	3.895	71.018	0.645	1.511	0.662	0.720
317	136	13.537	7.437	1	35	74.083	3180	2661	20	15	16.271	10.642	32.697	0.311	1.529	0.654	0.613
318	233	29.682	14.593	1	70	63.598	2077	2693	22	18	21.738	13.647	151.149	0.724	1.593	0.628	0.849
319	173	30.260	11.532	2	57	65.941	3807	2702	13	24	20.517	10.736	100.019	0.500	1.911	0.523	0.764
320	171	38.567	14.405	5	72	51.941	3135	2709	17	14	16.333	13.330	154.893	0.796	1.225	0.816	0.868
321	1690	45.775	21.743	1	111	196.066	3793	2734	41	65	62.581	34.384	79.313	0.552	1.820	0.549	0.820
322	67	21.224	9.045	0	47	42.284	342	2742	9	15	12.442	6.856	99.316	0.471	1.815	0.551	0.709
323	27	15.741	9.293	1	44	23.314	3365	2744	5	9	7.954	4.322	88.156	0.624	1.840	0.543	0.783
324	130	32.885	12.541	7	66	44.627	3887	2757	14	12	14.377	11.513	8.129	0.820	1.249	0.801	0.887
325	48	34.833	12.061	10	58	30.385	703	2768	7	11	10.397	5.878	78.737	0.653	1.769	0.565	0.780
326	60	46.833	11.324	17	74	30.385	1581	2770	8	11	9.906	7.712	88.494	0.817	1.285	0.778	0.845
327	2527	42.743	22.512	1	123	270.836	197	2773	56	85	82.400	39.047	67.145	0.433	2.110	0.474	0.825
328	64	23.844	10.541	1	52	40.627	3102	2777	12	10	11.375	7.164	32.700	0.487	1.588	0.630	0.699
329	148	38.128	13.371	3	66	52.284	1473	2782	12	19	18.683	10.086	75.026	0.680	1.852	0.540	0.831
330	21	21.381	10.166	8	46	16.728	1097	2783	6	5	5.673	4.713	176.601	0.943	1.204	0.831	0.840
331	17	21.235	11.503	2	48	19.556	3299	2793	6	6	5.418	3.995	44.678	0.559	1.356	0.737	0.618
332	241	20.033	10.838	1	59	78.426	816	2804	26	18	25.533	12.018	31.693	0.492	2.125	0.471	0.761
333	76	28.184	9.784	7	50	37.456	2106	2816	11	12	10.605	9.124	135.820	0.681	1.162	0.860	0.764
334	119	13.109	6.609	1	28	80.426	1317	2833	17	16	15.831	9.571	48.703	0.231	1.654	0.605	0.595
335	151	27.828	10.659	4	51	50.527	2612	2833	12	18	17.163	11.202	95.099	0.743	1.532	0.653	0.853
336	85	24.000	10.224	2	61	38.385	2060	2834	10	13	12.874	8.406	91.645	0.725	1.531	0.653	0.825
337	1279	35.167	17.388	1	100	161.681	2746	2844	41	57	52.458	31.043	102.223	0.615	1.690	0.592	0.842
338	964	34.040	13.935	1	74	156.167	1269	2845	38	43	46.950	26.143	47.363	0.497	1.796	0.557	0.807
339	31	19.258	9.398	5	43	23.556	1903	2849	7	8	6.686	5.904	64.159	0.702	1.132	0.883	0.729
340	27	21.407	7.622	8	40	25.556	1775	2854	7	9	6.611	5.200	96.864	0.519	1.271	0.787	0.628
341	517	52.333	20.400	1	104	106.468	472	2873	30	27	30.468	21.605	31.248	0.573	1.410	0.709	0.824
342	45	25.133	11.708	5	47	26.385	1475	2873	7	10	9.386	6.105	70.601	0.812	1.537	0.650	0.841
343	19	12.000	7.483	2	23	18.485	3858	2873	4	7	6.728	3.595	80.977	0.699	1.871	0.534	0.844
344	48	16.583	9.403	3	44	26.971	254	2875	8	9	9.975	6.127	55.480	0.829	1.628	0.614	0.828
345	27	17.852	10.698	0	48	18.728	1115	2893	6	6	6.721	5.115	145.798	0.967	1.314	0.761	0.857
346	733	17.772	8.436	1	45	144.610	2863	2929	27	44	39.243	23.782	96.756	0.440	1.650	0.606	0.826
347	279	42.025	21.009	4	87	68.770	305	2931	17	25	23.212	15.304	88.599	0.741	1.517	0.659	0.880
348	534	25.230	12.131	0	64	130.610	1612	2952	32	39	43.688	15.563	124.105	0.393	2.807	0.356	0.741
349	43	25.349	11.030	8	53	26.971	1353	2956	7	9	8.829	6.201	123.351	0.743	1.424	0.702	0.804
350	47	19.298	9.528	5	39	25.556	713	2969	7	9	8.715	6.867	65.438	0.904	1.269	0.788	0.879
351	68	28.000	11.271	4	60	38.627	2625	2972	11	12	9.563	9.054	56.810	0.573	1.056	0.947	0.716
352	184	17.783	8.919	0	38	72.770	2536	2985	24	14	20.482	11.438	160.848	0.437	1.791	0.558	0.746
353	180	19.828	9.557	2	51	63.113	3531	2985	22	14	18.464	12.413	171.704	0.568	1.487	0.672	0.793
354	80	17.788	9.049	1	45	41.213	398	2989	11	10	10.633	9.580	2.205	0.592	1.110	0.901	0.812
355	99	21.939	9.975	0	47	62.042	3508	2991	24	8	19.259	6.545	3.967	0.323	2.943	0.340	0.717
