 	Area	Mean	StdDev	Min	Max	Perim.	BX	BY	Width	Height	Major	Minor	Angle	Circ.	AR	Round	Solidity
1	1528	27.632	12.246	0	79	178.953	172	1	52	38	52.339	37.171	5.616	0.600	1.408	0.710	0.916
2	1721	42.002	19.629	0	101	175.095	1514	1	48	48	49.064	44.661	60.777	0.705	1.099	0.910	0.920
3	1229	37.717	16.090	1	87	162.125	2959	1	55	33	52.931	29.563	11.179	0.588	1.790	0.559	0.914
4	80	61.987	15.093	17	91	34.385	3614	5	11	10	11.404	8.932	36.062	0.850	1.277	0.783	0.884
5	27	24.556	9.885	5	39	22.728	2006	34	7	7	7.154	4.806	63.457	0.657	1.489	0.672	0.740
6	884	61.980	30.848	3	137	120.468	1726	41	36	35	37.410	30.086	46.123	0.765	1.243	0.804	0.923
7	124	17.661	9.852	1	57	61.598	3685	41	23	11	21.056	7.498	172.558	0.411	2.808	0.356	0.687
8	29	26.310	12.865	6	48	19.556	2484	47	7	6	6.438	5.735	136.931	0.953	1.123	0.891	0.841
9	996	50.284	25.678	2	112	127.640	139	49	41	32	40.727	31.138	167.713	0.768	1.308	0.765	0.922
10	5799	43.758	24.902	0	128	350.676	2571	53	89	96	104.040	70.968	123.701	0.593	1.466	0.682	0.893
11	58	35.017	13.454	5	62	28.971	797	58	11	7	11.308	6.531	13.781	0.868	1.731	0.578	0.885
12	240	58.954	18.110	7	94	60.184	1990	62	19	19	20.978	14.566	45.766	0.833	1.440	0.694	0.894
13	209	41.325	13.274	7	71	63.113	1	70	14	23	21.817	12.197	106.434	0.659	1.789	0.559	0.878
14	35	42.229	14.745	15	68	22.385	302	73	8	7	7.679	5.803	25.705	0.878	1.323	0.756	0.824
15	21	27.619	11.681	6	45	16.728	1473	80	6	5	5.513	4.850	174.183	0.943	1.137	0.880	0.840
16	44	26.295	8.698	6	40	24.142	3961	105	8	7	8.476	6.609	29.437	0.949	1.283	0.780	0.898
17	176	50.341	17.176	5	90	55.456	2529	106	16	17	15.641	14.327	95.189	0.719	1.092	0.916	0.846
18	42	45.476	16.049	17	73	25.556	3164	107	9	7	8.405	6.362	16.929	0.808	1.321	0.757	0.824
19	1088	42.319	20.148	0	101	138.610	194	110	42	40	42.946	32.257	47.667	0.712	1.331	0.751	0.904
20	259	21.243	10.429	2	48	80.669	3714	116	28	19	29.403	11.216	157.715	0.500	2.622	0.381	0.790
21	76	20.329	9.214	1	40	39.213	1270	124	13	10	12.668	7.639	29.267	0.621	1.658	0.603	0.768
22	20	10.450	6.509	2	24	20.728	822	127	7	5	6.338	4.018	6.544	0.585	1.577	0.634	0.702
23	1100	34.203	19.387	0	93	151.338	3597	135	42	42	45.951	30.480	49.326	0.604	1.508	0.663	0.855
24	184	46.217	16.353	10	80	55.456	884	136	19	14	19.267	12.159	12.240	0.752	1.585	0.631	0.876
25	86	49.128	13.437	13	76	38.627	684	154	14	10	12.267	8.927	16.145	0.724	1.374	0.728	0.811
26	47	47.851	12.936	11	77	26.042	1159	157	9	9	8.145	7.347	75.335	0.871	1.109	0.902	0.825
27	68	35.368	10.166	10	60	34.627	1497	172	9	12	11.082	7.813	77.315	0.713	1.418	0.705	0.805
28	43	23.953	10.911	1	47	29.213	263	176	9	9	9.865	5.550	38.691	0.633	1.777	0.563	0.748
29	267	38.232	15.767	1	77	65.598	1455	176	20	21	20.753	16.381	47.295	0.780	1.267	0.789	0.880
30	37	39.270	15.222	3	63	23.799	1039	179	9	7	8.323	5.660	12.043	0.821	1.470	0.680	0.787
31	146	19.397	7.642	1	37	55.598	1628	181	17	17	15.069	12.336	37.937	0.594	1.222	0.819	0.766
32	28	21.464	10.741	3	41	22.971	1651	182	7	8	6.139	5.807	130.935	0.667	1.057	0.946	0.718
33	17	32.706	15.995	11	62	20.485	1	192	3	9	8.785	2.464	93.161	0.509	3.565	0.280	0.810
34	30	26.867	9.287	12	44	22.142	200	192	8	6	7.652	4.992	16.853	0.769	1.533	0.652	0.811
35	82	29.683	11.223	3	55	39.456	3507	194	11	13	13.322	7.837	113.203	0.662	1.700	0.588	0.785
36	27	30.370	12.314	2	49	20.971	3125	197	8	6	6.608	5.203	175.851	0.772	1.270	0.787	0.750
37	107	23.850	11.013	2	56	44.627	3968	209	10	16	15.886	8.576	83.706	0.675	1.852	0.540	0.820
38	27	21.185	11.800	3	47	28.971	1962	210	8	8	6.805	5.052	10.301	0.404	1.347	0.742	0.568
39	66	30.773	12.874	4	59	30.971	811	214	9	10	9.920	8.471	107.418	0.865	1.171	0.854	0.886
40	30	31.067	13.383	10	59	21.314	912	218	8	5	8.163	4.679	17.305	0.830	1.744	0.573	0.870
41	579	28.800	13.280	0	72	127.296	1654	224	41	24	34.587	21.314	1.741	0.449	1.623	0.616	0.798
42	414	55.353	19.108	2	102	83.497	583	245	23	27	25.322	20.817	94.977	0.746	1.216	0.822	0.870
43	126	58.151	15.553	7	93	44.284	970	249	16	12	15.842	10.127	160.806	0.807	1.564	0.639	0.854
44	28	20.250	11.670	3	55	26.385	1523	251	8	6	7.111	5.014	11.974	0.505	1.418	0.705	0.659
45	111	54.216	24.366	3	104	43.799	1547	277	11	15	16.030	8.816	62.671	0.727	1.818	0.550	0.867
46	100	15.460	8.339	1	38	60.184	3537	278	15	16	13.874	9.177	36.020	0.347	1.512	0.661	0.613
47	22	17.000	8.541	3	31	20.728	2215	280	5	7	7.036	3.981	78.464	0.643	1.767	0.566	0.759
48	126	23.611	10.600	4	53	54.770	1508	290	16	17	19.744	8.125	43.908	0.528	2.430	0.412	0.750
49	5633	43.053	23.093	0	119	456.801	2142	305	143	75	124.431	57.640	178.960	0.339	2.159	0.463	0.693
50	425	28.986	11.024	4	63	89.497	60	307	22	30	29.666	18.240	63.360	0.667	1.626	0.615	0.864
51	22	20.182	8.186	6	36	17.314	2903	315	6	5	5.989	4.677	137.214	0.922	1.281	0.781	0.863
52	115	32.409	11.300	6	60	47.698	3458	323	15	12	13.945	10.500	178.812	0.635	1.328	0.753	0.796
53	145	38.662	14.371	2	68	47.113	2465	341	15	15	14.250	12.955	145.445	0.821	1.100	0.909	0.863
54	39	32.949	10.962	8	50	25.799	3446	341	8	8	7.507	6.615	21.791	0.736	1.135	0.881	0.765
55	45	23.689	13.029	5	60	32.385	1018	342	14	5	12.870	4.452	172.551	0.539	2.891	0.346	0.783
56	74	20.149	8.878	4	40	35.213	2847	349	9	12	11.706	8.049	86.465	0.750	1.454	0.688	0.831
57	43	21.465	9.674	2	40	26.971	352	354	8	9	8.338	6.566	76.438	0.743	1.270	0.787	0.761
58	31	26.387	10.751	1	45	23.556	3311	370	8	7	6.602	5.979	170.173	0.702	1.104	0.906	0.747
59	135	26.052	11.685	1	56	52.527	3750	370	17	16	17.152	10.021	40.395	0.615	1.712	0.584	0.799
60	6779	34.431	19.716	0	109	382.960	3065	377	99	110	102.210	84.447	65.276	0.581	1.210	0.826	0.910
61	29	24.448	13.209	2	53	21.314	661	385	8	5	7.978	4.628	0.499	0.802	1.724	0.580	0.866
62	376	51.851	17.646	4	92	81.841	3517	396	26	23	24.042	19.913	11.094	0.705	1.207	0.828	0.862
63	18	27.222	8.461	14	43	17.314	1012	400	5	6	5.650	4.056	63.999	0.755	1.393	0.718	0.750
64	1340	39.113	18.092	1	103	179.380	574	402	43	53	52.999	32.192	110.961	0.523	1.646	0.607	0.817
65	333	25.778	13.394	2	59	74.669	276	409	25	22	26.913	15.754	35.508	0.751	1.708	0.585	0.893
66	37	22.919	9.903	2	43	26.728	2440	415	9	6	7.755	6.075	157.232	0.651	1.277	0.783	0.796
67	37	22.351	12.286	1	43	24.971	1952	416	10	6	9.102	5.176	161.978	0.746	1.759	0.569	0.796
68	564	28.105	14.847	0	73	131.782	1679	418	43	24	42.535	16.883	1.015	0.408	2.519	0.397	0.694
69	57	33.544	11.625	12	65	30.385	186	424	11	8	9.671	7.505	14.181	0.776	1.289	0.776	0.814
70	109	34.183	12.104	9	67	40.870	457	425	12	14	14.151	9.808	59.513	0.820	1.443	0.693	0.842
71	41	36.683	9.232	14	53	24.385	1095	442	7	9	8.188	6.376	97.970	0.866	1.284	0.779	0.828
72	98	32.224	14.801	1	65	51.456	1711	454	10	18	14.628	8.530	89.197	0.465	1.715	0.583	0.726
73	518	49.344	21.765	2	103	110.811	1550	468	22	39	40.912	16.121	103.888	0.530	2.538	0.394	0.798
74	216	46.602	19.063	6	99	64.184	1831	468	24	13	24.084	11.419	9.624	0.659	2.109	0.474	0.859
75	71	38.958	12.141	8	69	33.799	1579	486	10	11	10.642	8.494	138.810	0.781	1.253	0.798	0.830
76	23	26.957	10.902	7	46	17.314	2787	490	6	5	6.065	4.828	179.037	0.964	1.256	0.796	0.885
77	218	30.982	13.516	4	72	79.255	3935	499	28	16	22.024	12.603	159.373	0.436	1.747	0.572	0.722
78	139	49.453	19.036	12	89	57.456	3364	516	17	16	17.446	10.145	117.628	0.529	1.720	0.581	0.743
79	192	20.188	9.487	1	54	97.255	3341	540	41	12	34.145	7.160	178.333	0.255	4.769	0.210	0.561
80	329	26.574	14.655	2	80	78.669	1181	558	25	20	22.900	18.292	15.685	0.668	1.252	0.799	0.873
81	93	12.624	8.084	1	37	46.042	3371	566	19	9	17.979	6.586	23.324	0.551	2.730	0.366	0.816
82	632	18.443	10.593	0	55	160.167	3394	568	39	31	30.879	26.059	174.642	0.310	1.185	0.844	0.650
83	38	29.579	9.545	10	50	30.971	290	577	12	6	10.205	4.741	9.969	0.498	2.152	0.465	0.697
84	2346	52.431	31.593	0	132	265.120	1455	584	59	78	62.293	47.951	89.871	0.419	1.299	0.770	0.795
85	21	18.000	6.332	7	28	18.971	1471	586	5	7	5.845	4.575	71.977	0.733	1.278	0.783	0.750
86	37	45.676	10.220	33	73	49.556	3431	588	23	5	18.357	2.566	12.738	0.189	7.153	0.140	0.529
87	4240	37.642	23.161	0	124	340.919	3322	602	116	60	106.554	50.665	8.689	0.458	2.103	0.475	0.810
88	16	26.062	11.463	11	43	14.485	2690	605	4	5	5.586	3.647	59.036	0.958	1.532	0.653	0.889
89	51	47.353	13.012	24	85	28.627	1077	615	10	9	9.851	6.592	151.758	0.782	1.494	0.669	0.791
90	648	28.480	13.372	1	74	120.368	2537	615	30	31	28.964	28.485	162.703	0.562	1.017	0.983	0.857
91	25	19.640	9.928	4	38	24.971	567	617	6	10	9.041	3.521	66.979	0.504	2.568	0.389	0.658
92	34	27.412	12.512	6	52	23.314	1857	621	7	7	7.580	5.711	43.338	0.786	1.327	0.753	0.850
93	37	18.919	9.257	1	40	22.728	3634	621	6	8	8.377	5.624	104.029	0.900	1.490	0.671	0.892
94	125	28.544	12.317	0	56	47.941	2781	625	16	13	14.221	11.192	1.688	0.683	1.271	0.787	0.804
95	46	23.696	10.082	6	51	29.213	2581	634	7	11	10.183	5.752	82.857	0.677	1.771	0.565	0.786
96	253	49.407	16.134	4	85	68.083	1289	635	24	16	22.236	14.487	170.715	0.686	1.535	0.651	0.843
97	1240	24.373	10.691	1	64	161.238	2972	638	41	43	40.259	39.217	57.202	0.599	1.027	0.974	0.876
98	75	28.413	12.455	1	52	51.355	3789	638	17	15	18.902	5.052	47.628	0.357	3.742	0.267	0.610
99	28	21.000	10.893	2	49	25.556	3871	639	8	8	9.136	3.902	37.251	0.539	2.341	0.427	0.659
100	62	38.758	13.392	11	71	31.799	3026	644	10	9	9.386	8.411	166.905	0.771	1.116	0.896	0.816
101	255	23.318	10.311	2	60	67.841	2939	656	20	23	21.838	14.867	126.637	0.696	1.469	0.681	0.827
102	136	28.809	13.417	3	62	57.355	530	670	18	15	17.612	9.832	152.053	0.520	1.791	0.558	0.749
103	16	21.250	8.805	7	38	14.485	2967	674	5	4	4.846	4.204	8.677	0.958	1.153	0.868	0.889
104	249	19.727	9.788	1	47	85.154	1887	680	28	16	26.152	12.123	10.172	0.432	2.157	0.464	0.761
105	40	16.600	8.617	3	33	34.627	3986	682	8	10	8.548	5.958	81.167	0.419	1.435	0.697	0.656
106	382	48.162	17.794	5	94	92.569	2926	684	34	23	35.814	13.581	25.281	0.560	2.637	0.379	0.808
107	33	20.848	8.729	6	38	22.728	3130	693	6	8	7.872	5.338	68.853	0.803	1.475	0.678	0.825
108	1113	28.081	12.982	1	75	161.238	1219	694	36	48	43.924	32.263	105.755	0.538	1.361	0.735	0.866
109	2436	41.839	23.619	1	127	265.907	242	704	76	67	62.174	49.886	8.093	0.433	1.246	0.802	0.731
110	20	19.800	9.277	5	44	19.556	2817	705	7	6	6.904	3.689	34.746	0.657	1.872	0.534	0.656
111	24	19.083	9.311	5	42	20.728	2917	736	5	8	7.383	4.139	86.744	0.702	1.784	0.561	0.787
112	193	37.642	12.092	5	79	53.941	1553	747	19	15	17.727	13.862	166.839	0.834	1.279	0.782	0.885
113	23	40.478	9.244	19	53	18.142	2754	752	6	6	5.598	5.231	43.453	0.878	1.070	0.934	0.793
114	37	28.027	8.940	13	42	24.971	1835	766	10	6	9.517	4.950	29.828	0.746	1.923	0.520	0.813
115	145	78.483	22.974	26	117	50.042	3738	767	18	12	17.345	10.644	7.986	0.728	1.630	0.614	0.861
116	187	31.872	14.203	2	70	60.184	1267	774	19	19	17.570	13.551	50.467	0.649	1.297	0.771	0.781
117	54	31.833	15.177	2	64	38.870	3260	780	11	12	11.937	5.760	53.761	0.449	2.072	0.483	0.659
118	449	25.214	13.845	0	75	87.740	1129	784	28	24	27.363	20.893	164.251	0.733	1.310	0.764	0.878
119	20	15.000	7.248	4	31	19.556	793	791	7	6	7.470	3.409	140.205	0.657	2.191	0.456	0.702
120	61	37.852	11.647	17	65	30.385	1711	797	10	9	10.633	7.304	28.604	0.830	1.456	0.687	0.824
121	218	18.578	9.531	1	46	78.770	561	804	25	15	21.213	13.085	1.697	0.442	1.621	0.617	0.721
122	41	38.317	11.033	5	60	23.556	3042	814	8	7	7.562	6.904	0.980	0.928	1.095	0.913	0.854
123	694	51.712	21.009	2	110	126.610	364	817	30	40	35.028	25.226	106.896	0.544	1.389	0.720	0.838
124	32	31.969	12.975	10	63	20.728	795	846	8	5	8.300	4.909	4.959	0.936	1.691	0.591	0.889
125	21	12.952	7.011	3	27	18.485	1722	850	8	3	8.470	3.157	6.602	0.772	2.683	0.373	0.933
126	1353	29.928	13.139	0	77	162.167	3915	868	49	44	49.872	34.542	29.091	0.647	1.444	0.693	0.888
127	519	26.297	11.247	2	63	114.125	3563	871	36	23	32.546	20.304	174.383	0.501	1.603	0.624	0.840
128	36	30.139	7.747	10	42	21.899	2304	875	6	7	7.222	6.347	121.919	0.943	1.138	0.879	0.923
129	89	62.955	19.629	9	102	36.042	1374	887	14	9	13.009	8.711	10.915	0.861	1.493	0.670	0.864
130	152	38.967	14.489	4	80	48.870	1983	887	17	13	16.577	11.674	3.606	0.800	1.420	0.704	0.864
131	19	18.421	6.466	8	32	21.314	3994	889	5	8	6.196	3.905	91.478	0.526	1.587	0.630	0.731
132	69	36.710	9.489	17	55	31.556	3438	911	11	8	10.945	8.027	12.187	0.871	1.364	0.733	0.908
133	28	29.500	10.337	11	48	24.728	1	917	5	10	8.021	4.445	89.011	0.575	1.804	0.554	0.767
134	278	86.155	25.306	9	132	69.012	3390	920	18	24	22.072	16.037	92.774	0.734	1.376	0.727	0.873
135	491	54.151	20.035	4	105	99.983	1537	922	37	20	36.836	16.971	6.914	0.617	2.170	0.461	0.846
136	993	72.067	38.950	1	151	138.167	2410	925	42	43	39.843	31.733	139.317	0.654	1.256	0.796	0.876
137	51	31.333	9.429	4	51	29.556	148	930	11	6	11.613	5.592	179.213	0.734	2.077	0.482	0.857
138	313	33.498	15.403	2	76	71.012	344	938	20	22	20.794	19.165	104.128	0.780	1.085	0.922	0.889
139	163	39.926	16.650	5	72	53.355	3825	941	19	15	18.808	11.035	31.445	0.720	1.704	0.587	0.819
140	39	14.026	7.047	3	32	33.799	714	942	6	13	12.857	3.862	77.646	0.429	3.329	0.300	0.684
141	21	21.333	7.748	1	32	18.728	2594	944	6	6	6.577	4.065	36.343	0.752	1.618	0.618	0.750
142	518	29.595	13.385	1	63	125.539	2966	949	39	22	36.073	18.284	0.566	0.413	1.973	0.507	0.779
143	436	40.131	17.890	2	92	89.355	3977	960	22	28	27.156	20.442	81.971	0.686	1.328	0.753	0.872
144	73	45.603	12.514	13	69	33.213	3907	968	12	9	11.514	8.072	29.692	0.832	1.426	0.701	0.874
145	21	15.476	8.483	2	31	18.142	2417	979	6	6	6.845	3.906	42.280	0.802	1.752	0.571	0.750
146	56	41.679	13.774	5	68	28.728	1033	982	8	9	9.620	7.412	87.425	0.853	1.298	0.770	0.889
147	260	21.392	10.256	2	51	72.426	479	983	21	20	19.259	17.189	56.808	0.623	1.120	0.893	0.806
148	39	24.564	7.155	12	37	23.799	1181	984	8	8	8.469	5.863	130.050	0.865	1.444	0.692	0.830
149	209	49.708	23.264	1	98	85.012	170	994	30	16	30.669	8.677	21.537	0.363	3.535	0.283	0.705
150	5356	35.582	20.357	0	103	352.233	1585	995	118	79	104.798	65.073	179.417	0.542	1.610	0.621	0.876
151	604	24.714	11.478	1	57	110.569	3674	997	34	28	32.279	23.825	6.053	0.621	1.355	0.738	0.834
152	39	33.205	8.163	10	53	24.971	1025	1009	10	6	9.066	5.477	3.730	0.786	1.655	0.604	0.839
153	54	24.056	10.382	2	44	29.799	1747	1013	10	8	10.198	6.742	155.972	0.764	1.513	0.661	0.824
154	33	30.758	13.043	1	54	21.556	210	1018	7	7	6.802	6.177	157.639	0.892	1.101	0.908	0.835
155	298	25.654	14.479	0	65	72.669	1998	1030	23	20	21.848	17.367	155.274	0.709	1.258	0.795	0.856
156	73	41.808	14.627	5	69	35.213	584	1033	12	9	12.051	7.712	14.485	0.740	1.563	0.640	0.834
157	19	21.105	8.825	8	38	17.899	1859	1036	5	6	5.771	4.192	46.193	0.745	1.377	0.726	0.809
158	39	45.641	16.834	11	77	23.556	3472	1045	9	6	9.109	5.451	8.508	0.883	1.671	0.598	0.867
159	205	35.229	14.338	3	75	56.527	3	1048	19	16	18.897	13.812	32.000	0.806	1.368	0.731	0.876
160	33	18.818	11.251	3	41	23.556	1972	1048	9	6	8.172	5.142	29.043	0.747	1.589	0.629	0.786
161	96	16.042	7.682	0	39	49.113	2481	1070	15	13	12.611	9.693	15.148	0.500	1.301	0.769	0.698
162	148	41.426	13.494	3	67	47.941	272	1079	14	17	15.296	12.320	96.106	0.809	1.242	0.805	0.860
163	84	26.488	11.541	4	53	42.870	1008	1084	11	13	13.688	7.814	56.405	0.574	1.752	0.571	0.778
164	5509	40.847	22.052	0	137	408.416	188	1096	94	98	96.950	72.349	44.579	0.415	1.340	0.746	0.778
165	29	38.724	9.996	17	55	20.971	2354	1108	7	7	6.354	5.811	154.634	0.829	1.093	0.915	0.763
166	68	32.868	14.582	3	63	35.213	2454	1108	11	10	11.887	7.283	33.741	0.689	1.632	0.613	0.782
167	1322	55.421	26.068	1	137	174.409	3917	1112	56	44	51.222	32.861	35.427	0.546	1.559	0.642	0.815
168	37	21.973	10.278	1	41	22.728	112	1115	7	7	7.211	6.533	42.289	0.900	1.104	0.906	0.881
169	34	47.294	16.902	24	77	22.971	406	1115	9	6	8.138	5.320	1.990	0.810	1.530	0.654	0.819
170	62	20.629	12.509	2	48	41.456	33	1135	15	10	13.869	5.692	156.900	0.453	2.437	0.410	0.663
171	21	13.048	6.087	1	27	18.728	3761	1142	6	6	7.286	3.670	51.480	0.752	1.985	0.504	0.792
172	168	43.167	12.206	5	75	53.698	875	1147	18	13	17.251	12.400	0.262	0.732	1.391	0.719	0.855
173	1144	28.756	15.170	1	74	164.024	1999	1159	50	34	45.649	31.908	176.600	0.534	1.431	0.699	0.872
174	35	22.829	10.311	4	38	23.556	1231	1192	7	8	8.136	5.477	60.472	0.793	1.486	0.673	0.833
175	59	51.627	15.779	11	79	30.627	3201	1198	10	10	10.186	7.375	51.530	0.790	1.381	0.724	0.803
176	897	27.249	11.863	0	67	133.196	709	1205	41	32	38.088	29.986	15.799	0.635	1.270	0.787	0.877
177	173	24.653	10.204	2	52	54.527	139	1214	14	19	17.495	12.590	74.141	0.731	1.390	0.720	0.848
178	48	23.542	9.344	6	48	29.799	2084	1220	12	6	12.261	4.985	9.031	0.679	2.460	0.407	0.800
179	36	28.694	10.017	1	47	22.142	2203	1224	7	7	7.212	6.355	65.285	0.923	1.135	0.881	0.867
180	313	31.562	12.540	3	69	70.426	2149	1227	24	19	23.820	16.731	25.018	0.793	1.424	0.702	0.884
181	470	44.200	17.809	3	93	95.983	3715	1238	25	28	27.219	21.985	68.835	0.641	1.238	0.808	0.854
182	46	27.761	14.097	1	54	28.385	2701	1248	11	7	9.689	6.045	179.382	0.717	1.603	0.624	0.786
183	18	27.944	9.097	12	44	15.899	3476	1252	5	5	5.178	4.426	39.735	0.895	1.170	0.855	0.837
184	124	15.113	7.874	0	36	53.941	3944	1267	14	15	14.337	11.012	113.515	0.536	1.302	0.768	0.745
185	1351	56.673	26.324	1	121	173.095	871	1273	60	36	54.029	31.837	174.538	0.567	1.697	0.589	0.846
186	206	27.165	11.982	4	66	61.841	2996	1279	17	22	23.409	11.205	58.100	0.677	2.089	0.479	0.841
187	49	42.020	13.493	13	68	27.213	3663	1284	10	8	9.194	6.786	12.257	0.831	1.355	0.738	0.817
188	22	20.955	8.062	4	30	17.899	946	1286	6	5	6.517	4.298	45.991	0.863	1.516	0.659	0.880
189	24	22.458	12.594	4	42	20.971	1730	1304	7	7	5.823	5.247	43.304	0.686	1.110	0.901	0.706
190	30	26.433	10.766	4	51	20.728	2086	1313	7	6	6.597	5.790	161.594	0.877	1.139	0.878	0.845
191	18	30.167	13.479	3	57	16.142	3236	1322	6	5	6.105	3.754	39.486	0.868	1.626	0.615	0.783
192	80	14.450	7.388	2	31	49.941	1518	1340	13	13	11.247	9.056	70.580	0.403	1.242	0.805	0.669
193	486	54.121	22.032	2	113	98.669	1932	1345	33	25	33.875	18.267	26.608	0.627	1.854	0.539	0.872
194	41	29.195	14.585	8	63	26.971	1467	1346	8	8	8.538	6.114	141.391	0.708	1.396	0.716	0.774
195	192	20.484	9.557	1	53	60.184	1535	1356	18	17	18.392	13.292	37.564	0.666	1.384	0.723	0.824
196	73	51.534	15.354	7	81	31.314	3482	1358	9	9	9.890	9.398	122.622	0.936	1.052	0.950	0.948
197	310	20.432	8.947	0	43	76.426	1119	1366	22	23	22.395	17.624	122.752	0.667	1.271	0.787	0.826
198	121	33.587	13.244	2	60	51.941	2118	1376	18	15	18.940	8.134	32.358	0.564	2.329	0.429	0.783
199	30	25.133	12.037	2	47	21.314	3008	1387	8	5	7.619	5.013	161.635	0.830	1.520	0.658	0.857
200	24	21.292	7.754	7	34	26.971	3236	1388	6	9	7.888	3.874	87.474	0.415	2.036	0.491	0.593
201	398	43.000	17.276	3	87	87.740	1315	1390	33	22	30.387	16.676	22.905	0.650	1.822	0.549	0.844
202	80	32.913	12.141	3	58	36.627	2659	1392	13	10	11.266	9.041	4.169	0.749	1.246	0.802	0.829
203	229	83.546	31.904	2	142	59.456	3983	1394	16	19	17.971	16.225	88.138	0.814	1.108	0.903	0.923
204	43	25.907	10.141	8	51	26.385	984	1431	8	9	8.017	6.829	83.713	0.776	1.174	0.852	0.789
205	34	21.353	9.742	5	44	23.556	3971	1435	7	7	7.793	5.555	49.288	0.770	1.403	0.713	0.829
206	469	29.311	14.341	1	65	129.196	572	1436	25	38	31.784	18.788	104.031	0.353	1.692	0.591	0.687
207	1081	38.099	16.063	0	81	140.024	913	1441	44	38	42.677	32.251	18.643	0.693	1.323	0.756	0.888
208	59	35.119	14.954	5	69	29.799	1415	1448	11	8	10.537	7.129	8.406	0.835	1.478	0.677	0.837
209	4846	45.987	31.714	0	142	347.647	200	1453	99	86	88.154	69.993	10.798	0.504	1.259	0.794	0.834
210	96	41.083	12.789	2	65	44.042	1596	1460	15	10	13.810	8.851	10.166	0.622	1.560	0.641	0.787
211	2857	32.302	16.429	0	85	274.149	1245	1463	83	64	76.605	47.486	155.340	0.478	1.613	0.620	0.821
212	115	44.452	15.614	3	77	42.042	835	1464	14	12	13.396	10.931	14.815	0.818	1.226	0.816	0.861
213	56	16.929	10.000	2	41	34.971	1538	1468	9	10	10.247	6.959	60.658	0.575	1.473	0.679	0.752
214	30	27.400	9.719	8	48	24.385	3358	1481	8	7	7.749	4.929	29.348	0.634	1.572	0.636	0.706
215	4651	40.182	25.349	0	126	350.434	3535	1489	119	66	107.015	55.337	176.321	0.476	1.934	0.517	0.832
216	7219	30.175	17.270	0	96	437.487	1631	1491	123	88	119.023	77.224	172.546	0.474	1.541	0.649	0.871
217	51	35.059	12.333	9	56	27.556	1153	1496	7	10	9.790	6.633	83.226	0.844	1.476	0.677	0.864
218	46	39.630	14.643	7	71	25.556	3398	1496	7	9	8.900	6.581	60.517	0.885	1.352	0.739	0.885
219	16	12.375	7.915	0	27	17.314	3539	1500	5	6	5.512	3.696	43.297	0.671	1.491	0.671	0.727
220	29	29.793	10.956	3	54	19.556	1402	1501	8	5	7.369	5.011	11.902	0.953	1.471	0.680	0.853
221	1183	47.690	23.462	0	126	202.409	3885	1503	74	29	73.528	20.485	11.548	0.363	3.589	0.279	0.758
222	1844	63.676	33.699	1	161	171.338	345	1510	55	48	54.721	42.906	26.225	0.789	1.275	0.784	0.932
223	30	17.067	6.716	3	29	26.971	1359	1517	8	7	8.004	4.773	151.933	0.518	1.677	0.596	0.682
224	38	14.000	5.467	4	28	31.213	1349	1520	11	7	9.769	4.953	2.434	0.490	1.972	0.507	0.650
225	22	19.636	10.340	4	46	17.314	490	1527	5	6	6.212	4.509	62.897	0.922	1.378	0.726	0.863
226	91	23.901	10.092	5	45	38.870	1985	1544	12	13	11.177	10.367	132.673	0.757	1.078	0.928	0.802
227	135	64.948	18.569	8	97	43.698	2965	1544	15	13	13.974	12.301	16.019	0.888	1.136	0.880	0.885
228	49	37.143	9.361	9	57	25.556	2032	1552	8	8	8.706	7.166	34.782	0.943	1.215	0.823	0.899
229	22	30.727	10.185	18	55	16.728	703	1553	6	5	5.927	4.726	8.176	0.988	1.254	0.797	0.863
230	4469	33.471	17.150	0	95	343.990	1362	1558	94	86	87.400	65.104	28.620	0.475	1.342	0.745	0.827
231	1136	49.547	21.556	3	108	142.024	872	1562	34	50	45.667	31.673	82.117	0.708	1.442	0.694	0.912
232	98	17.235	7.772	2	34	40.870	1322	1568	13	12	11.375	10.970	178.605	0.737	1.037	0.964	0.807
233	427	13.759	7.797	0	39	117.296	569	1576	27	27	24.603	22.098	5.635	0.390	1.113	0.898	0.775
234	55	13.309	6.708	2	27	36.042	3910	1578	9	12	11.405	6.140	110.620	0.532	1.857	0.538	0.705
235	54	30.889	11.982	3	53	28.142	3044	1583	8	9	9.109	7.548	128.675	0.857	1.207	0.829	0.871
236	31	21.903	10.416	2	42	21.314	2975	1586	7	6	7.247	5.447	5.714	0.858	1.330	0.752	0.861
237	736	47.227	21.440	2	104	106.953	1203	1587	35	34	32.720	28.640	30.713	0.809	1.142	0.875	0.904
238	41	31.707	10.080	12	58	24.971	2353	1590	8	8	9.323	5.599	35.505	0.826	1.665	0.601	0.828
239	33	24.273	11.273	2	52	22.728	2086	1591	8	6	8.465	4.964	11.834	0.803	1.705	0.586	0.835
240	211	50.626	18.907	5	90	63.941	1761	1596	23	14	22.390	11.999	161.013	0.649	1.866	0.536	0.851
241	67	19.970	8.973	3	44	36.627	3507	1599	14	9	12.305	6.933	20.658	0.628	1.775	0.563	0.775
242	37	51.703	14.296	10	81	22.385	3014	1602	8	7	8.121	5.801	21.101	0.928	1.400	0.714	0.841
243	23	26.870	9.887	3	44	18.728	1864	1616	7	5	7.055	4.151	177.994	0.824	1.700	0.588	0.821
244	250	65.032	23.822	6	115	61.012	2383	1620	20	19	19.960	15.948	29.910	0.844	1.252	0.799	0.888
245	2253	31.783	16.345	0	89	285.220	2736	1625	68	86	85.901	33.394	129.573	0.348	2.572	0.389	0.688
246	12777	32.891	21.121	0	121	663.938	2506	1629	157	165	153.229	106.169	58.753	0.364	1.443	0.693	0.794
247	39	22.410	9.349	5	43	24.971	964	1640	8	7	7.839	6.334	156.430	0.786	1.238	0.808	0.812
248	80	34.600	12.855	2	59	38.627	3418	1648	14	10	12.890	7.902	157.585	0.674	1.631	0.613	0.808
249	445	17.088	8.150	1	41	110.125	1064	1656	29	27	25.432	22.279	34.150	0.461	1.142	0.876	0.788
250	19	10.789	5.996	0	21	18.728	1743	1661	6	6	6.446	3.753	154.607	0.681	1.717	0.582	0.717
251	147	21.701	10.983	0	55	52.527	2914	1678	19	12	17.495	10.698	6.908	0.670	1.635	0.611	0.810
252	58	21.931	7.889	3	41	30.385	1738	1680	10	9	9.960	7.414	20.013	0.789	1.343	0.744	0.817
253	10828	39.356	24.666	0	136	556.985	1621	1691	166	125	135.028	102.102	2.772	0.439	1.322	0.756	0.807
254	834	60.947	34.061	2	148	115.782	2067	1691	38	34	36.367	29.199	152.370	0.782	1.245	0.803	0.907
255	32	28.125	9.688	11	51	24.971	365	1696	10	6	8.788	4.636	8.840	0.645	1.896	0.528	0.753
256	610	18.039	9.235	1	54	126.368	3343	1696	37	28	34.667	22.404	155.721	0.480	1.547	0.646	0.814
257	68	49.882	13.126	9	74	31.556	3211	1697	10	9	10.090	8.581	17.530	0.858	1.176	0.850	0.877
258	37	31.973	9.269	14	55	24.142	3039	1700	7	8	8.003	5.886	71.431	0.798	1.360	0.735	0.841
259	763	23.841	11.426	0	56	128.610	2291	1716	33	37	36.381	26.703	64.570	0.580	1.362	0.734	0.863
260	2102	24.847	12.080	1	74	222.593	1836	1746	60	56	57.640	46.432	176.903	0.533	1.241	0.806	0.858
261	19	17.368	7.712	7	33	17.899	3376	1748	5	6	5.879	4.115	36.128	0.745	1.429	0.700	0.776
262	73	14.808	7.082	2	37	48.284	932	1755	12	12	11.578	8.028	41.679	0.393	1.442	0.693	0.695
263	189	39.714	14.184	1	76	56.770	3222	1763	16	19	17.133	14.046	107.953	0.737	1.220	0.820	0.838
264	222	16.527	8.126	1	38	80.326	2165	1766	23	20	21.027	13.443	28.553	0.432	1.564	0.639	0.744
265	198	18.955	8.877	1	45	64.770	3168	1766	20	16	19.084	13.210	176.478	0.593	1.445	0.692	0.784
266	1928	40.083	19.663	1	106	186.409	1937	1770	57	46	57.951	42.360	17.341	0.697	1.368	0.731	0.913
267	1098	27.914	11.735	1	65	148.267	1501	1783	51	32	48.054	29.093	165.505	0.628	1.652	0.605	0.887
268	27	31.778	13.409	3	61	18.728	2721	1784	7	5	6.728	5.110	172.921	0.967	1.317	0.759	0.885
269	38	25.658	10.364	5	47	26.142	736	1789	8	8	7.646	6.328	179.483	0.699	1.208	0.828	0.745
270	28	32.357	11.321	3	50	19.314	3812	1793	7	5	6.913	5.157	7.405	0.943	1.340	0.746	0.903
271	59	50.034	17.242	2	80	27.799	276	1801	9	9	9.709	7.738	39.963	0.959	1.255	0.797	0.901
272	156	42.686	15.629	6	79	50.527	447	1801	13	18	17.291	11.487	102.803	0.768	1.505	0.664	0.852
273	51	44.392	11.972	16	66	26.971	1718	1825	9	8	8.853	7.334	179.302	0.881	1.207	0.828	0.850
274	17	23.412	9.919	9	39	18.728	1567	1828	7	4	5.897	3.671	17.312	0.609	1.606	0.622	0.723
275	109	48.945	15.275	3	86	41.213	1814	1844	13	12	13.357	10.390	10.419	0.806	1.286	0.778	0.865
276	251	35.825	12.939	3	64	68.426	3412	1848	20	20	18.765	17.030	38.092	0.674	1.102	0.908	0.826
277	320	27.341	12.120	2	55	86.569	3125	1850	27	22	23.356	17.445	28.125	0.537	1.339	0.747	0.795
278	30	12.833	8.035	2	31	32.627	2942	1851	9	10	10.976	3.480	57.179	0.354	3.154	0.317	0.541
279	35	14.657	9.026	2	35	28.971	2929	1852	11	6	11.072	4.025	165.411	0.524	2.751	0.364	0.686
280	38	35.500	14.263	5	68	23.314	2772	1858	8	6	8.095	5.977	29.178	0.879	1.354	0.738	0.894
281	4163	48.726	27.260	0	152	454.073	2856	1862	90	117	127.076	41.711	122.550	0.254	3.047	0.328	0.684
282	422	17.822	8.771	0	45	107.054	3055	1899	28	27	26.638	20.171	138.380	0.463	1.321	0.757	0.788
283	36	35.139	14.317	9	66	23.556	3142	1913	8	7	8.520	5.380	19.210	0.815	1.584	0.631	0.837
284	25	35.280	11.010	11	62	19.314	653	1920	7	5	6.969	4.567	1.436	0.842	1.526	0.655	0.847
285	23	26.130	8.308	6	42	22.142	1004	1925	9	5	7.511	3.899	6.071	0.590	1.926	0.519	0.719
286	32	22.406	9.439	1	40	24.142	430	1941	10	5	9.338	4.363	163.074	0.690	2.140	0.467	0.800
287	28	16.964	6.968	2	27	20.728	2240	1942	7	6	6.400	5.570	38.276	0.819	1.149	0.870	0.824
288	1526	24.782	11.689	0	67	215.279	77	1946	80	36	70.540	27.544	1.419	0.414	2.561	0.390	0.748
289	95	16.842	8.681	0	42	72.184	2241	1952	13	18	14.446	8.373	103.550	0.229	1.725	0.580	0.538
290	17	24.529	10.806	4	44	15.899	53	1953	6	4	6.138	3.527	29.280	0.845	1.740	0.575	0.850
291	16	21.375	9.674	8	41	15.899	3198	1955	6	4	6.069	3.357	29.819	0.795	1.808	0.553	0.821
292	1217	43.802	20.731	0	105	145.924	1392	1959	41	42	39.958	38.779	66.602	0.718	1.030	0.971	0.913
293	28	21.393	10.959	5	45	20.971	1551	1959	7	7	7.067	5.045	42.604	0.800	1.401	0.714	0.789
294	58	21.586	11.488	2	49	39.213	3204	1960	13	8	10.282	7.182	0.588	0.474	1.432	0.699	0.703
295	110	49.018	21.201	5	90	50.527	543	1964	19	12	18.370	7.624	26.949	0.541	2.409	0.415	0.759
296	45	46.711	13.055	9	73	27.799	872	1965	9	9	7.673	7.468	151.512	0.732	1.027	0.973	0.769
297	92	21.076	10.271	1	50	38.284	2495	1970	13	12	12.712	9.215	147.317	0.789	1.379	0.725	0.821
298	68	34.191	13.771	2	65	31.799	854	1974	11	9	11.291	7.668	19.555	0.845	1.473	0.679	0.872
299	59	27.898	10.869	4	46	29.213	2929	1980	11	8	10.667	7.042	0.981	0.869	1.515	0.660	0.843
300	17	18.471	9.049	3	31	18.142	2914	1989	7	5	6.687	3.237	148.949	0.649	2.066	0.484	0.680
301	244	37.025	16.037	4	77	74.326	2545	1992	28	16	25.036	12.409	9.476	0.555	2.018	0.496	0.801
302	610	27.152	13.065	0	68	137.782	3807	1994	45	21	45.777	16.967	171.106	0.404	2.698	0.371	0.807
303	187	53.310	20.473	4	110	55.113	1979	2005	19	15	17.208	13.836	149.776	0.774	1.244	0.804	0.864
304	32	37.156	7.680	13	52	21.556	1811	2008	7	7	7.343	5.549	6.465	0.865	1.323	0.756	0.800
305	108	75.324	20.524	22	120	40.284	2116	2010	15	10	14.225	9.667	165.568	0.836	1.472	0.680	0.878
306	933	43.954	21.415	3	102	125.196	1745	2025	38	39	39.736	29.895	40.522	0.748	1.329	0.752	0.894
307	1813	53.935	26.657	1	144	211.137	3000	2031	45	65	65.170	35.421	98.726	0.511	1.840	0.544	0.814
308	62	18.968	8.041	2	41	31.799	649	2033	10	10	10.555	7.479	122.200	0.771	1.411	0.709	0.816
309	28	19.107	7.950	3	33	22.142	1119	2045	8	6	7.835	4.550	149.019	0.718	1.722	0.581	0.767
310	35	26.771	7.480	12	44	24.971	1716	2075	8	8	7.382	6.037	9.409	0.705	1.223	0.818	0.729
311	100	27.360	10.306	7	51	43.113	472	2084	16	11	13.854	9.190	8.145	0.676	1.507	0.663	0.791
312	171	30.211	11.448	4	54	52.284	3213	2106	18	14	19.186	11.348	23.217	0.786	1.691	0.591	0.884
313	1479	50.598	25.686	2	136	196.309	309	2108	62	45	48.630	38.723	15.376	0.482	1.256	0.796	0.798
314	23	21.957	9.168	7	40	17.314	2737	2108	6	5	6.343	4.617	34.279	0.964	1.374	0.728	0.885
315	59	17.424	7.358	4	34	32.870	2914	2119	10	11	9.950	7.550	122.952	0.686	1.318	0.759	0.747
316	55	34.818	11.989	6	55	29.556	3326	2121	8	9	9.265	7.559	100.106	0.791	1.226	0.816	0.853
317	434	49.233	20.821	4	103	86.912	3862	2121	29	24	25.288	21.851	175.703	0.722	1.157	0.864	0.878
318	83	36.614	14.802	3	68	39.456	1287	2127	13	11	11.710	9.025	26.223	0.670	1.297	0.771	0.802
319	762	43.556	20.550	1	117	120.711	1088	2135	38	33	32.918	29.473	21.482	0.657	1.117	0.895	0.846
320	16	22.438	11.558	5	42	14.485	241	2138	5	4	5.303	3.841	170.401	0.958	1.381	0.724	0.889
321	414	62.357	25.911	2	120	91.154	2882	2149	32	22	30.459	17.306	27.465	0.626	1.760	0.568	0.861
322	17	23.353	8.500	10	38	15.899	2102	2163	5	5	5.065	4.274	37.238	0.845	1.185	0.844	0.810
323	5104	44.879	27.337	0	130	365.889	3072	2164	105	92	81.705	79.538	55.860	0.479	1.027	0.973	0.802
324	25	31.400	10.704	7	49	20.728	3489	2174	7	6	7.650	4.161	45.583	0.731	1.839	0.544	0.806
325	1381	41.676	19.010	2	92	176.167	364	2192	63	32	59.266	29.669	4.994	0.559	1.998	0.501	0.879
326	25	29.480	10.030	7	45	21.556	986	2192	8	6	6.808	4.676	31.740	0.676	1.456	0.687	0.725
327	2337	49.439	24.411	1	131	278.149	1228	2197	51	94	74.970	39.690	84.411	0.380	1.889	0.529	0.750
328	83	71.506	17.177	11	107	34.042	2714	2197	13	9	11.607	9.105	175.731	0.900	1.275	0.784	0.869
329	38	23.658	10.364	4	48	26.971	76	2206	9	8	9.171	5.276	43.112	0.656	1.738	0.575	0.738
330	21	23.286	7.676	8	35	18.485	713	2214	4	7	7.136	3.747	75.981	0.772	1.904	0.525	0.857
331	464	29.700	13.508	1	68	95.983	2019	2216	27	29	26.560	22.244	123.186	0.633	1.194	0.838	0.831
332	17	17.765	8.786	5	36	15.899	2189	2238	4	6	5.305	4.080	111.801	0.845	1.300	0.769	0.829
333	2799	46.111	24.408	1	122	280.693	1	2241	55	91	85.120	41.868	69.346	0.446	2.033	0.492	0.814
334	94	15.553	6.801	2	34	45.698	3517	2241	13	12	12.950	9.242	24.271	0.566	1.401	0.714	0.767
335	38	29.263	9.551	5	43	24.971	1032	2242	10	6	9.923	4.876	177.035	0.766	2.035	0.491	0.792
336	80	33.638	15.014	2	66	49.113	1405	2242	17	13	16.104	6.325	33.219	0.417	2.546	0.393	0.635
337	17	28.294	10.098	9	49	15.314	3432	2245	5	5	5.171	4.186	107.270	0.911	1.235	0.810	0.829
338	731	22.349	11.291	0	66	176.409	2754	2248	31	43	38.753	24.017	106.785	0.295	1.614	0.620	0.709
339	327	41.905	17.613	3	87	89.154	1001	2251	30	25	32.856	12.672	38.946	0.517	2.593	0.386	0.754
340	335	60.493	18.989	4	106	74.426	130	2258	26	19	25.611	16.654	16.037	0.760	1.538	0.650	0.891
341	93	53.495	15.895	2	96	38.627	756	2260	11	13	12.418	9.536	83.970	0.783	1.302	0.768	0.834
342	209	15.971	8.448	0	42	77.497	2966	2260	25	15	24.612	10.812	163.494	0.437	2.276	0.439	0.729
343	16	15.250	6.865	4	31	14.485	1103	2283	5	4	5.734	3.553	22.384	0.958	1.614	0.620	0.889
344	41	29.683	13.794	4	60	24.142	1987	2292	7	8	7.796	6.696	45.611	0.884	1.164	0.859	0.854
345	88	44.034	15.390	5	84	35.799	69	2300	13	9	12.659	8.851	162.326	0.863	1.430	0.699	0.889
346	104	62.712	17.165	13	94	40.627	1939	2301	11	13	13.826	9.577	55.630	0.792	1.444	0.693	0.867
347	83	37.398	11.334	8	62	37.456	2107	2306	11	12	10.758	9.824	96.372	0.743	1.095	0.913	0.802
348	132	35.273	13.630	3	67	46.627	209	2309	15	12	15.812	10.629	26.497	0.763	1.488	0.672	0.871
349	54	37.537	12.659	6	59	26.971	2954	2320	10	7	9.817	7.004	168.524	0.933	1.402	0.713	0.900
350	244	23.414	10.770	2	53	75.841	3910	2320	19	21	19.434	15.986	118.082	0.533	1.216	0.823	0.808
351	130	39.823	15.474	7	82	49.456	2531	2324	13	16	17.837	9.280	124.196	0.668	1.922	0.520	0.825
352	114	64.833	17.641	17	104	43.456	202	2328	14	12	14.650	9.908	19.612	0.759	1.479	0.676	0.851
353	168	35.196	13.284	5	61	52.284	1072	2330	16	16	16.683	12.822	130.739	0.772	1.301	0.769	0.855
354	129	38.302	16.916	4	81	46.870	2000	2330	14	14	15.980	10.279	50.705	0.738	1.555	0.643	0.849
355	25	12.080	5.937	2	25	27.556	3240	2337	8	7	5.953	5.347	47.953	0.414	1.113	0.898	0.588
356	378	21.754	10.276	0	51	93.740	194	2347	31	21	32.460	14.827	14.476	0.541	2.189	0.457	0.814
357	72	19.028	9.721	1	43	35.213	540	2348	13	9	11.203	8.183	12.994	0.730	1.369	0.730	0.804
358	926	37.913	18.559	2	93	131.296	2819	2349	37	38	36.900	31.952	130.976	0.675	1.155	0.866	0.879
359	113	70.327	19.517	14	103	41.456	2987	2349	15	11	13.821	10.410	176.418	0.826	1.328	0.753	0.863
360	44	34.523	11.968	12	65	27.213	2539	2363	9	8	7.757	7.223	170.232	0.747	1.074	0.931	0.772
361	2093	25.288	11.584	1	69	232.350	1149	2381	49	63	60.651	43.938	95.160	0.487	1.380	0.724	0.884
362	443	54.989	26.627	2	110	84.426	855	2389	27	23	26.669	21.150	5.785	0.781	1.261	0.793	0.899
363	23	19.913	11.828	2	37	24.385	12	2396	8	8	7.893	3.710	139.416	0.486	2.127	0.470	0.613
364	43	15.953	7.675	3	33	27.213	1224	2398	10	7	9.198	5.952	167.199	0.730	1.545	0.647	0.754
365	43	15.326	8.064	0	40	38.870	2192	2405	13	10	12.161	4.502	156.704	0.358	2.701	0.370	0.541
366	78	41.410	16.264	4	74	36.870	613	2412	13	10	12.113	8.199	21.334	0.721	1.477	0.677	0.800
367	5148	38.151	22.533	0	111	330.818	388	2427	91	94	89.427	73.296	48.996	0.591	1.220	0.820	0.899
368	38	28.553	13.007	1	61	22.728	1198	2432	8	6	8.129	5.952	3.066	0.924	1.366	0.732	0.905
369	245	26.645	10.575	7	52	65.012	55	2434	17	21	20.063	15.549	74.723	0.728	1.290	0.775	0.851
370	72	38.389	17.782	1	81	35.799	1775	2447	14	8	13.897	6.597	23.027	0.706	2.107	0.475	0.847
371	32	28.438	11.469	6	50	22.971	1080	2464	8	7	7.453	5.467	167.702	0.762	1.363	0.733	0.780
372	68	32.618	14.282	1	55	34.042	718	2478	9	12	11.107	7.795	103.950	0.737	1.425	0.702	0.795
373	116	32.931	12.235	6	61	43.456	606	2479	12	14	14.436	10.231	108.107	0.772	1.411	0.709	0.841
374	10227	29.757	17.171	0	94	549.370	2670	2482	146	116	140.653	92.579	5.955	0.426	1.519	0.658	0.819
375	22	14.455	6.667	5	29	17.314	3356	2492	7	4	6.953	4.028	13.393	0.922	1.726	0.579	0.880
376	45	14.622	7.964	2	30	31.799	897	2495	13	7	13.365	4.287	23.380	0.559	3.118	0.321	0.789
377	43	25.070	11.494	4	43	24.971	1891	2510	9	7	8.879	6.166	179.579	0.867	1.440	0.694	0.860
378	4190	37.616	20.500	0	117	337.848	1700	2511	112	69	98.618	54.097	8.295	0.461	1.823	0.549	0.805
379	116	30.422	12.473	5	61	45.456	3252	2520	13	15	15.855	9.316	49.368	0.705	1.702	0.588	0.820
380	28	21.607	10.372	3	37	28.142	2195	2521	11	5	8.416	4.236	170.176	0.444	1.987	0.503	0.651
381	52	23.769	10.810	2	52	29.799	2855	2523	10	8	10.566	6.266	34.628	0.736	1.686	0.593	0.812
382	49	40.857	12.482	16	65	25.799	1992	2524	10	7	9.305	6.705	16.581	0.925	1.388	0.721	0.867
383	131	46.092	17.366	5	90	44.284	3037	2530	15	13	14.129	11.805	14.841	0.839	1.197	0.836	0.856
384	42	32.976	11.878	4	65	28.385	3583	2537	12	6	10.784	4.959	175.309	0.655	2.175	0.460	0.792
385	18	22.056	11.180	3	41	17.314	3304	2538	7	4	6.779	3.381	7.290	0.755	2.005	0.499	0.800
386	30	18.033	9.335	4	38	22.728	2567	2539	6	8	7.661	4.986	67.049	0.730	1.537	0.651	0.800
387	116	45.095	17.314	6	86	42.627	345	2540	16	10	15.986	9.239	8.792	0.802	1.730	0.578	0.879
388	167	23.539	10.647	1	50	77.841	748	2542	20	27	31.220	6.811	56.683	0.346	4.584	0.218	0.676
389	39	41.436	13.430	13	67	23.556	2537	2547	8	7	7.564	6.564	2.714	0.883	1.152	0.868	0.857
390	31	13.452	8.914	0	35	22.728	3450	2548	7	7	6.998	5.641	55.470	0.754	1.241	0.806	0.795
391	209	24.727	11.484	0	55	67.255	1027	2550	23	18	22.598	11.776	34.561	0.581	1.919	0.521	0.766
392	65	16.585	7.675	3	30	40.627	3946	2578	9	14	14.045	5.892	115.556	0.495	2.384	0.420	0.739
393	20	24.750	7.326	15	37	17.314	1154	2579	6	5	6.213	4.099	2.378	0.838	1.516	0.660	0.816
394	17	25.176	10.376	12	41	16.485	3297	2589	6	4	5.805	3.729	27.583	0.786	1.557	0.642	0.872
395	2635	37.334	18.369	0	97	267.806	1612	2614	88	50	82.424	40.704	179.877	0.462	2.025	0.494	0.817
396	48	38.104	10.344	17	57	27.799	1950	2615	9	9	8.138	7.510	96.741	0.781	1.084	0.923	0.780
397	70	22.743	11.595	5	59	50.284	2779	2623	16	15	17.492	5.095	47.497	0.348	3.433	0.291	0.576
398	60	39.533	13.317	6	62	30.627	26	2627	11	9	10.068	7.588	1.526	0.804	1.327	0.754	0.816
399	116	42.353	12.777	9	69	45.698	3936	2631	14	15	12.978	11.380	31.851	0.698	1.140	0.877	0.795
400	28	20.321	12.676	4	51	19.556	791	2632	7	6	7.025	5.075	31.636	0.920	1.384	0.722	0.824
401	75	21.413	10.768	1	50	61.355	2784	2636	23	9	18.843	5.068	16.032	0.250	3.718	0.269	0.507
402	123	15.504	8.339	1	37	53.355	2593	2656	15	16	17.132	9.142	50.240	0.543	1.874	0.534	0.762
403	65	50.062	18.395	7	87	28.971	3108	2660	10	8	9.870	8.385	11.495	0.973	1.177	0.850	0.909
404	36	13.417	6.035	4	26	30.385	1219	2674	7	9	8.593	5.334	68.309	0.490	1.611	0.621	0.673
405	2038	23.828	10.790	1	59	241.321	1678	2677	57	60	63.467	40.885	124.509	0.440	1.552	0.644	0.874
406	46	41.848	14.141	11	75	24.728	3336	2682	8	7	8.862	6.609	36.640	0.945	1.341	0.746	0.920
407	33	16.455	10.692	1	43	26.385	1857	2690	6	10	8.446	4.975	69.484	0.596	1.698	0.589	0.725
408	52	19.635	8.632	2	36	33.698	1753	2697	12	9	11.706	5.656	29.462	0.575	2.070	0.483	0.743
409	57	39.246	13.437	10	68	29.799	3590	2700	9	10	9.704	7.479	43.174	0.807	1.297	0.771	0.826
410	27	13.000	7.211	0	27	24.728	1844	2705	10	5	9.498	3.619	8.287	0.555	2.624	0.381	0.750
411	1502	37.075	17.983	0	87	190.551	2404	2705	37	59	60.295	31.718	74.956	0.520	1.901	0.526	0.865
412	172	64.070	19.781	4	103	60.870	1	2709	11	25	22.854	9.582	79.354	0.583	2.385	0.419	0.884
413	76	24.500	10.015	4	54	40.284	2076	2710	15	10	14.176	6.826	162.834	0.589	2.077	0.482	0.734
414	160	32.519	14.143	2	68	47.456	1126	2711	14	15	15.324	13.294	67.668	0.893	1.153	0.868	0.904
415	57	27.719	11.109	2	49	30.627	3336	2713	11	9	11.497	6.312	36.570	0.764	1.821	0.549	0.814
416	101	55.970	17.113	9	91	39.456	1227	2715	12	13	13.063	9.845	130.800	0.815	1.327	0.754	0.842
417	22	17.000	12.000	2	49	16.728	2620	2717	6	5	5.888	4.758	15.648	0.988	1.238	0.808	0.863
418	94	47.777	14.567	19	75	37.698	2162	2740	14	11	12.169	9.835	4.238	0.831	1.237	0.808	0.847
419	59	24.271	10.548	6	64	37.799	3243	2750	11	10	10.187	7.374	121.205	0.519	1.382	0.724	0.694
420	1393	39.573	17.433	3	92	170.409	322	2766	54	36	51.814	34.230	171.781	0.603	1.514	0.661	0.899
421	25	32.440	11.634	12	53	20.142	1789	2773	8	5	6.921	4.599	175.949	0.774	1.505	0.665	0.781
422	160	36.625	13.495	5	67	53.113	3848	2775	18	13	17.465	11.664	11.019	0.713	1.497	0.668	0.840
423	26	38.538	11.782	12	56	20.142	44	2784	7	6	6.508	5.087	4.780	0.805	1.279	0.782	0.800
424	18	19.778	9.162	7	38	15.314	610	2802	5	5	5.523	4.150	33.208	0.965	1.331	0.751	0.837
425	37	38.568	14.147	3	64	25.799	3443	2805	9	7	7.992	5.895	7.151	0.699	1.356	0.738	0.733
426	27	28.815	11.304	2	52	20.728	3976	2824	8	5	7.620	4.512	4.207	0.790	1.689	0.592	0.857
427	555	33.834	13.754	2	70	102.468	898	2832	32	27	31.930	22.131	26.851	0.664	1.443	0.693	0.871
428	82	28.366	13.029	1	53	38.627	2279	2836	13	11	12.232	8.536	27.387	0.691	1.433	0.698	0.808
429	46	26.913	12.372	1	56	28.627	3611	2841	9	10	7.944	7.373	47.791	0.705	1.077	0.928	0.724
430	4456	27.357	13.312	0	77	338.818	504	2842	83	87	93.675	60.566	127.046	0.488	1.547	0.647	0.868
431	184	22.272	9.932	2	51	79.497	1209	2852	25	20	24.422	9.593	147.225	0.366	2.546	0.393	0.668
432	32	12.875	6.409	3	32	30.627	2316	2857	11	6	8.941	4.557	177.565	0.429	1.962	0.510	0.615
433	52	38.192	15.744	10	76	27.799	2600	2862	10	8	9.428	7.023	32.741	0.846	1.342	0.745	0.846
434	22	12.545	8.268	3	37	20.971	177	2880	7	7	6.273	4.465	50.678	0.629	1.405	0.712	0.667
435	29	22.931	8.730	10	43	20.971	2471	2893	7	7	6.598	5.596	108.916	0.829	1.179	0.848	0.795
436	3058	33.205	17.464	0	96	268.635	1579	2906	82	53	80.781	48.199	175.320	0.533	1.676	0.597	0.876
437	18	22.111	8.983	3	36	16.728	1849	2909	5	6	5.530	4.145	90.682	0.808	1.334	0.750	0.766
438	18	20.778	11.914	5	48	18.728	1737	2929	5	7	5.569	4.115	90.000	0.645	1.353	0.739	0.692
439	56	27.696	12.593	3	58	31.213	3210	2930	8	11	10.173	7.009	84.312	0.722	1.451	0.689	0.789
440	25	21.320	11.397	3	43	19.314	361	2934	6	6	6.554	4.856	51.013	0.842	1.350	0.741	0.833
441	335	15.412	7.481	0	38	106.811	397	2937	27	22	23.493	18.156	17.891	0.369	1.294	0.773	0.746
442	312	44.231	15.891	4	88	74.326	466	2942	19	25	23.438	16.949	89.244	0.710	1.383	0.723	0.870
443	53	23.321	9.553	5	46	28.971	2039	2944	9	9	9.550	7.066	29.813	0.794	1.352	0.740	0.835
444	575	29.885	12.740	1	65	114.125	1537	2949	33	28	29.712	24.640	15.537	0.555	1.206	0.829	0.835
445	65	37.585	13.168	9	64	30.627	2576	2953	11	9	10.085	8.206	153.185	0.871	1.229	0.814	0.833
446	215	30.847	11.506	5	56	66.770	61	2957	19	19	21.413	12.784	42.434	0.606	1.675	0.597	0.817
447	19	19.737	10.841	3	40	16.142	3312	2963	6	5	5.566	4.346	168.185	0.916	1.281	0.781	0.776
448	45	51.889	14.073	8	77	24.971	1354	2965	9	7	9.132	6.274	156.320	0.907	1.456	0.687	0.857
449	23	27.957	10.961	4	48	17.556	617	2976	6	6	6.565	4.461	52.121	0.938	1.472	0.680	0.836
450	583	43.722	22.045	1	101	127.012	2585	2984	54	15	54.517	13.616	178.866	0.454	4.004	0.250	0.879
451	21	84.762	26.508	41	120	25.899	586	2997	12	2	12.902	2.072	179.046	0.393	6.226	0.161	0.875
