 	Area	Mean	StdDev	Min	Max	Perim.	BX	BY	Width	Height	Major	Minor	Angle	Circ.	AR	Round	Solidity
1	124	76.331	18.085	21	107	92.042	1677	1	43	5	35.269	4.477	0.455	0.184	7.879	0.127	0.782
2	521	45.015	27.833	1	124	101.255	3699	1	40	19	37.292	17.788	7.772	0.639	2.096	0.477	0.900
3	33	20.758	11.011	2	45	25.556	3375	15	10	5	10.444	4.023	167.075	0.635	2.596	0.385	0.776
4	838	39.550	15.092	0	86	141.196	3355	28	38	30	36.622	29.135	7.188	0.528	1.257	0.796	0.869
5	16	21.438	7.763	6	35	18.142	3242	30	6	6	7.495	2.718	44.069	0.611	2.758	0.363	0.696
6	262	54.191	27.183	1	132	105.740	1797	34	44	14	43.014	7.755	10.363	0.294	5.546	0.180	0.688
7	39	51.641	15.418	14	84	26.971	1397	39	10	7	8.974	5.533	179.967	0.674	1.622	0.617	0.772
8	706	43.916	21.602	0	105	123.782	2027	42	41	28	38.661	23.251	164.742	0.579	1.663	0.601	0.837
9	286	76.703	37.815	2	163	96.426	3476	44	37	15	31.788	11.455	10.906	0.387	2.775	0.360	0.737
10	35	24.657	10.367	6	43	24.728	3842	52	10	5	10.384	4.291	18.261	0.719	2.420	0.413	0.864
11	18	42.056	15.806	10	75	17.314	1909	62	7	4	6.802	3.369	4.797	0.755	2.019	0.495	0.783
12	5806	40.206	20.790	0	128	397.688	1871	66	120	74	114.597	64.508	18.391	0.461	1.776	0.563	0.843
13	188	27.468	14.194	0	66	73.255	2152	69	24	19	23.845	10.039	34.033	0.440	2.375	0.421	0.687
14	119	51.429	20.531	7	99	54.042	435	71	23	9	19.507	7.767	2.076	0.512	2.511	0.398	0.812
15	183	27.842	10.838	1	62	67.255	2594	71	17	21	20.007	11.646	67.510	0.508	1.718	0.582	0.750
16	138	44.899	16.545	10	77	54.770	3380	74	19	14	17.977	9.774	162.433	0.578	1.839	0.544	0.758
17	728	56.078	35.166	2	160	116.811	3674	74	46	24	46.218	20.056	164.447	0.670	2.304	0.434	0.912
18	345	88.690	47.447	2	190	74.426	2024	76	27	19	26.407	16.634	14.527	0.783	1.588	0.630	0.906
19	570	30.814	24.062	0	105	145.439	3402	98	39	35	32.357	22.429	116.030	0.339	1.443	0.693	0.633
20	17	33.882	19.134	3	64	16.485	3858	100	7	3	7.308	2.962	4.102	0.786	2.467	0.405	0.895
21	44	64.182	15.707	14	87	24.971	1279	104	10	6	9.156	6.119	13.590	0.887	1.496	0.668	0.880
22	51	54.196	17.383	20	98	29.799	1604	117	12	7	11.011	5.897	5.051	0.722	1.867	0.536	0.797
23	44	41.795	23.606	4	84	32.385	2120	128	14	6	12.501	4.481	6.224	0.527	2.790	0.358	0.765
24	67	34.821	13.169	4	60	36.627	1429	132	13	10	12.812	6.658	160.787	0.628	1.924	0.520	0.744
25	237	39.730	17.195	2	76	71.841	2687	135	24	17	20.644	14.617	170.502	0.577	1.412	0.708	0.787
26	151	45.689	25.298	3	107	51.456	499	143	20	11	19.391	9.915	6.789	0.717	1.956	0.511	0.868
27	1844	55.406	31.363	1	166	182.267	289	144	61	42	60.685	38.689	159.338	0.698	1.569	0.638	0.927
28	81	20.074	11.041	1	49	40.870	771	155	15	10	14.826	6.956	21.059	0.609	2.131	0.469	0.761
29	126	74.659	32.049	10	135	50.870	434	160	22	8	20.925	7.667	3.252	0.612	2.729	0.366	0.881
30	124	55.831	29.091	9	118	63.355	920	166	25	10	22.729	6.946	168.223	0.388	3.272	0.306	0.660
31	99	13.505	7.585	0	32	62.184	2479	169	17	12	13.922	9.054	179.758	0.322	1.538	0.650	0.625
32	16	52.125	19.626	15	76	18.485	2369	172	7	4	6.759	3.014	8.748	0.588	2.243	0.446	0.727
33	69	73.507	20.550	29	112	38.042	1732	174	16	7	14.624	6.008	174.149	0.599	2.434	0.411	0.807
34	22	32.273	7.363	17	42	17.071	3619	178	6	4	6.373	4.396	10.293	0.949	1.450	0.690	0.957
35	69	78.464	26.587	23	129	41.213	2596	198	18	7	16.033	5.479	178.230	0.510	2.926	0.342	0.793
36	18	44.111	19.327	3	67	15.899	2036	200	6	4	5.937	3.860	15.872	0.895	1.538	0.650	0.857
37	32	36.531	11.048	4	53	21.314	2369	201	8	5	7.970	5.112	6.843	0.885	1.559	0.641	0.901
38	47	18.149	10.996	0	40	30.627	2510	202	12	8	10.984	5.448	15.099	0.630	2.016	0.496	0.707
39	600	34.750	14.888	2	81	117.539	1869	210	37	26	35.945	21.253	19.111	0.546	1.691	0.591	0.836
40	109	65.541	22.243	7	119	40.627	3389	210	15	10	14.476	9.587	174.340	0.830	1.510	0.662	0.901
41	140	37.314	19.419	5	100	62.527	859	211	17	13	15.900	11.211	151.222	0.450	1.418	0.705	0.755
42	29	35.862	15.770	3	64	26.971	3021	216	11	6	9.496	3.888	18.021	0.501	2.442	0.409	0.637
43	129	43.922	16.064	5	92	49.113	800	217	17	11	16.141	10.176	175.939	0.672	1.586	0.630	0.822
44	20	34.350	17.333	10	80	20.142	3592	218	8	5	7.488	3.401	179.750	0.619	2.202	0.454	0.678
45	98	76.898	25.924	4	129	40.042	3489	219	15	9	14.722	8.476	5.283	0.768	1.737	0.576	0.867
46	68	75.059	24.777	20	118	33.556	3463	226	13	7	13.613	6.360	10.672	0.759	2.140	0.467	0.889
47	96	72.042	34.609	6	138	47.456	272	232	20	8	18.756	6.517	2.651	0.536	2.878	0.347	0.771
48	54	35.444	11.441	16	66	32.385	1305	240	13	6	13.134	5.235	169.829	0.647	2.509	0.399	0.837
49	121	33.041	12.733	6	66	46.627	776	244	14	12	13.424	11.477	150.358	0.699	1.170	0.855	0.829
50	10924	49.052	34.286	0	195	644.340	1581	244	166	109	141.072	98.594	9.329	0.331	1.431	0.699	0.810
51	29	46.000	18.140	12	78	24.971	662	245	10	5	9.626	3.836	10.636	0.584	2.509	0.398	0.744
52	20	33.600	11.984	8	51	18.485	503	247	8	3	8.162	3.120	173.091	0.736	2.616	0.382	0.930
53	93	19.161	9.598	1	48	48.284	3310	247	14	11	12.947	9.146	0.165	0.501	1.416	0.706	0.727
54	42	30.881	15.334	7	78	24.385	3456	247	9	7	9.047	5.911	171.661	0.888	1.530	0.653	0.832
55	471	35.616	14.419	2	79	88.426	1838	253	26	26	25.552	23.469	27.810	0.757	1.089	0.918	0.898
56	22	24.273	10.283	10	47	19.899	3457	258	9	3	8.645	3.240	4.299	0.698	2.668	0.375	0.898
57	248	18.617	9.457	0	51	79.255	3332	274	21	20	19.344	16.324	31.562	0.496	1.185	0.844	0.794
58	3703	46.181	25.606	0	132	308.877	31	295	95	57	87.480	53.896	170.231	0.488	1.623	0.616	0.848
59	4093	51.799	33.556	0	186	375.647	135	295	130	61	127.323	40.930	9.725	0.364	3.111	0.321	0.788
60	24	39.583	16.370	14	77	20.142	3128	296	7	6	6.976	4.381	167.299	0.743	1.592	0.628	0.762
61	47	97.170	23.993	35	137	28.971	567	302	12	6	11.287	5.302	174.096	0.704	2.129	0.470	0.803
62	17	31.706	15.276	14	63	18.728	3534	305	8	4	6.629	3.265	9.679	0.609	2.030	0.493	0.723
63	207	26.541	11.117	2	58	61.698	715	307	17	18	19.659	13.407	127.288	0.683	1.466	0.682	0.838
64	46	38.457	18.512	7	79	32.971	3796	309	14	5	13.940	4.202	8.534	0.532	3.318	0.301	0.793
65	42	53.452	23.234	5	90	28.728	3224	314	12	5	11.007	4.858	176.414	0.640	2.266	0.441	0.840
66	1782	27.498	12.112	1	75	194.066	2688	319	59	49	59.740	37.980	144.675	0.595	1.573	0.636	0.866
67	373	29.223	13.684	2	62	76.912	2449	320	25	23	22.160	21.432	143.164	0.792	1.034	0.967	0.878
68	48	31.646	11.549	9	63	32.142	3033	328	14	5	12.762	4.789	174.076	0.584	2.665	0.375	0.850
69	21	27.048	10.062	11	41	16.728	359	333	6	5	6.024	4.439	174.858	0.943	1.357	0.737	0.824
70	41	31.634	13.420	8	68	27.314	3852	337	11	5	10.088	5.175	176.090	0.691	1.950	0.513	0.872
71	118	30.169	12.217	1	55	45.113	2869	350	16	12	14.988	10.024	8.232	0.729	1.495	0.669	0.828
72	32	22.469	8.832	4	38	21.556	3894	364	8	6	7.510	5.425	4.994	0.865	1.384	0.722	0.810
73	22	48.727	16.006	19	80	19.314	2301	375	8	4	8.718	3.213	169.682	0.741	2.713	0.369	0.815
74	565	53.804	26.631	2	128	116.225	359	380	44	23	43.924	16.378	19.083	0.526	2.682	0.373	0.850
75	153	62.843	23.098	7	106	52.770	2102	387	21	12	19.888	9.795	19.299	0.690	2.030	0.493	0.845
76	28	38.357	10.730	18	60	25.314	3395	390	11	4	9.463	3.768	2.373	0.549	2.512	0.398	0.778
77	439	17.615	8.969	0	46	106.468	3752	408	27	26	27.330	20.452	141.544	0.487	1.336	0.748	0.818
78	148	19.189	9.731	3	47	59.113	2284	416	16	15	15.410	12.229	29.539	0.532	1.260	0.794	0.761
79	124	39.113	18.793	7	88	49.213	3883	418	20	9	18.051	8.747	3.015	0.643	2.064	0.485	0.879
80	65	29.877	9.494	7	48	36.042	2857	429	13	9	10.832	7.640	177.456	0.629	1.418	0.705	0.747
81	40	55.475	12.898	24	77	28.142	3963	434	12	5	11.374	4.478	177.485	0.635	2.540	0.394	0.825
82	1669	39.559	19.347	0	104	193.581	3515	436	72	36	68.385	31.075	169.427	0.560	2.201	0.454	0.885
83	1001	69.987	34.636	1	160	170.610	3052	437	64	32	63.154	20.181	159.614	0.432	3.129	0.320	0.812
84	495	83.463	38.262	5	182	90.569	46	448	30	25	28.914	21.797	22.616	0.758	1.326	0.754	0.886
85	244	53.328	24.133	3	111	79.598	1727	464	33	12	30.116	10.316	179.348	0.484	2.919	0.343	0.816
86	221	23.452	12.009	2	59	69.841	2192	474	24	15	22.441	12.539	168.839	0.569	1.790	0.559	0.823
87	61	61.131	18.219	17	94	29.799	1822	478	10	9	9.738	7.976	155.505	0.863	1.221	0.819	0.830
88	233	88.768	43.085	3	188	80.426	1932	481	29	16	28.145	10.541	14.693	0.453	2.670	0.375	0.770
89	19	23.474	9.817	4	41	17.556	1919	498	7	5	6.704	3.609	28.781	0.775	1.858	0.538	0.760
90	27	23.000	9.348	6	38	18.971	2204	502	7	6	6.931	4.960	41.382	0.943	1.398	0.716	0.831
91	102	60.578	20.807	10	103	51.355	3740	505	20	12	20.388	6.370	28.679	0.486	3.201	0.312	0.742
92	49	17.980	9.451	3	39	32.870	1056	509	12	9	10.537	5.921	157.150	0.570	1.780	0.562	0.700
93	25	52.560	12.104	32	81	18.728	38	530	8	4	7.444	4.276	3.797	0.896	1.741	0.574	0.893
94	500	58.892	31.147	2	139	121.397	262	536	32	30	28.365	22.444	114.048	0.426	1.264	0.791	0.759
95	310	16.142	7.625	1	41	91.154	2474	539	24	19	22.989	17.169	1.718	0.469	1.339	0.747	0.796
96	67	61.522	31.277	5	113	38.385	2950	548	17	6	16.384	5.207	178.705	0.571	3.147	0.318	0.843
97	29	13.138	7.439	1	29	23.556	2639	549	8	6	8.592	4.297	160.384	0.657	1.999	0.500	0.725
98	28	31.607	11.073	10	55	23.556	1741	553	10	5	8.777	4.062	0.541	0.634	2.161	0.463	0.767
99	24	16.500	6.750	4	32	21.556	2478	564	8	6	8.185	3.733	139.893	0.649	2.192	0.456	0.716
100	2364	41.069	21.641	0	127	215.037	1301	568	66	55	60.868	49.450	176.430	0.642	1.231	0.812	0.894
101	40	15.700	7.894	2	37	36.042	3781	571	8	9	8.103	6.285	67.310	0.387	1.289	0.776	0.661
102	171	38.146	17.297	4	83	64.770	1759	582	24	15	20.851	10.442	17.711	0.512	1.997	0.501	0.743
103	60	23.450	9.703	9	48	34.971	3455	583	14	7	13.329	5.731	179.027	0.617	2.326	0.430	0.805
104	45	61.356	23.414	10	99	27.556	183	592	11	6	10.858	5.277	8.532	0.745	2.058	0.486	0.833
105	186	27.054	15.317	1	70	57.355	279	593	16	17	16.888	14.023	41.414	0.711	1.204	0.830	0.830
106	479	44.946	18.352	2	92	93.154	3743	601	31	22	28.756	21.209	8.411	0.694	1.356	0.738	0.877
107	11796	38.938	29.658	0	163	582.825	2695	614	153	133	134.973	111.275	37.060	0.436	1.213	0.824	0.799
108	1012	64.038	36.238	2	179	141.882	1907	628	54	30	53.570	24.053	14.922	0.632	2.227	0.449	0.903
109	24	45.042	17.307	10	79	21.556	651	629	9	5	8.671	3.524	168.830	0.649	2.460	0.406	0.738
110	19	43.474	10.674	20	65	17.314	3121	642	7	4	6.348	3.811	5.469	0.796	1.666	0.600	0.826
111	35	43.343	12.934	18	68	22.142	644	645	8	6	8.024	5.554	10.268	0.897	1.445	0.692	0.854
112	112	59.071	28.760	6	149	42.385	1508	648	16	9	16.592	8.595	169.149	0.783	1.931	0.518	0.918
113	34	21.206	11.345	2	51	24.971	2117	671	9	7	8.935	4.845	38.782	0.685	1.844	0.542	0.756
114	2286	37.579	20.174	1	109	203.966	1615	680	59	54	63.293	45.987	33.123	0.691	1.376	0.727	0.915
115	394	50.647	26.510	1	118	97.983	2433	684	39	22	36.683	13.676	22.215	0.516	2.682	0.373	0.817
116	797	58.462	33.234	0	170	148.024	3807	690	43	33	42.639	23.799	35.823	0.457	1.792	0.558	0.803
117	480	45.923	21.567	3	112	108.468	602	693	34	27	34.615	17.656	148.957	0.513	1.961	0.510	0.798
118	1712	51.837	27.913	1	144	232.593	1759	698	65	45	57.322	38.027	22.946	0.398	1.507	0.663	0.815
119	61	41.344	14.464	7	69	30.627	1001	701	10	10	9.465	8.205	38.502	0.817	1.154	0.867	0.808
120	28	19.607	7.757	5	34	19.314	13	711	7	5	7.510	4.747	170.409	0.943	1.582	0.632	0.903
121	256	22.406	11.026	2	53	72.326	513	711	25	21	25.429	12.818	143.613	0.615	1.984	0.504	0.790
122	43	39.256	12.687	0	62	24.971	2950	712	10	6	9.877	5.543	14.809	0.867	1.782	0.561	0.869
123	2151	47.788	27.129	0	145	236.693	3081	718	78	48	78.213	35.016	166.517	0.482	2.234	0.448	0.868
124	25	23.360	10.793	5	49	22.971	1700	722	9	6	7.313	4.353	4.626	0.595	1.680	0.595	0.685
125	21	13.571	7.941	3	31	27.556	3388	725	7	10	8.691	3.076	67.025	0.348	2.825	0.354	0.494
126	164	33.250	13.036	3	66	60.284	913	734	22	12	20.718	10.079	0.334	0.567	2.056	0.486	0.794
127	1496	46.116	18.735	1	109	202.309	346	742	51	54	57.487	33.134	124.809	0.459	1.735	0.576	0.780
128	547	18.112	9.004	0	51	116.468	2286	747	38	22	35.748	19.483	2.026	0.507	1.835	0.545	0.813
129	10286	38.443	24.292	0	148	599.654	1159	749	167	119	147.367	88.870	1.762	0.359	1.658	0.603	0.806
130	43	56.558	13.600	26	88	25.899	3437	750	10	5	10.214	5.360	179.199	0.806	1.905	0.525	0.925
131	31	48.903	18.727	14	94	28.142	556	754	12	5	11.430	3.453	15.077	0.492	3.310	0.302	0.729
132	61	28.459	9.843	6	48	30.042	3193	766	11	9	10.196	7.617	169.534	0.849	1.338	0.747	0.836
133	106	55.396	20.564	2	101	42.284	1029	772	17	10	15.985	8.443	7.513	0.745	1.893	0.528	0.841
134	24	16.750	11.019	1	44	23.799	2916	772	8	7	8.541	3.578	30.630	0.532	2.387	0.419	0.632
135	326	51.782	18.805	5	89	74.912	2801	787	26	19	24.671	16.824	17.168	0.730	1.466	0.682	0.879
136	152	13.711	7.063	2	34	71.497	1359	790	19	15	15.935	12.145	27.279	0.374	1.312	0.762	0.670
137	492	79.730	40.460	3	179	94.669	2682	790	38	18	35.444	17.674	2.612	0.690	2.005	0.499	0.913
138	16	54.312	13.558	28	83	16.728	3903	794	7	4	6.579	3.096	11.434	0.719	2.125	0.471	0.727
139	30	50.833	13.717	24	83	23.314	1759	799	8	6	8.057	4.741	9.787	0.694	1.700	0.588	0.779
140	45	39.733	9.206	21	58	27.556	2843	801	10	7	9.597	5.970	0.574	0.745	1.607	0.622	0.811
141	35	45.314	19.573	11	77	24.728	3902	805	9	5	9.616	4.634	6.202	0.719	2.075	0.482	0.843
142	32	34.031	16.694	8	67	23.556	2268	811	9	5	8.681	4.694	177.114	0.725	1.850	0.541	0.810
143	28	26.250	11.201	7	47	20.728	2827	829	7	6	6.977	5.110	17.791	0.819	1.365	0.732	0.812
144	70	77.429	17.754	45	113	35.799	2877	834	13	8	12.494	7.133	5.326	0.686	1.751	0.571	0.814
145	857	60.930	32.242	0	160	140.125	3732	838	49	27	47.462	22.990	169.693	0.548	2.064	0.484	0.832
146	19	22.474	11.281	5	45	18.728	138	840	7	5	6.486	3.730	172.095	0.681	1.739	0.575	0.717
147	17	32.176	11.315	17	55	15.314	3090	847	6	4	6.707	3.227	154.621	0.911	2.078	0.481	0.850
148	730	72.134	43.668	1	198	125.882	1820	854	45	28	42.589	21.824	156.615	0.579	1.951	0.512	0.848
149	22	22.955	9.307	4	36	18.485	1415	860	7	4	6.884	4.069	4.478	0.809	1.692	0.591	0.880
150	152	79.329	29.558	11	139	54.284	2766	860	22	10	21.717	8.912	7.980	0.648	2.437	0.410	0.869
151	2387	37.912	16.254	0	90	218.693	901	870	66	57	68.517	44.357	31.992	0.627	1.545	0.647	0.906
152	19	29.158	13.120	10	57	21.556	1167	873	8	5	8.185	2.956	166.606	0.514	2.769	0.361	0.623
153	135	31.022	12.316	2	69	52.284	309	882	17	12	16.241	10.584	172.258	0.621	1.534	0.652	0.823
154	143	61.937	28.322	3	126	52.971	3987	882	12	18	18.574	9.803	75.100	0.640	1.895	0.528	0.902
155	75	59.280	28.127	8	108	38.627	3850	888	12	10	10.639	8.976	140.804	0.632	1.185	0.844	0.765
156	39	26.179	12.399	8	58	28.971	3714	889	9	8	8.668	5.729	48.034	0.584	1.513	0.661	0.729
157	49	34.388	14.721	4	72	27.799	1296	904	11	6	10.657	5.854	5.253	0.797	1.820	0.549	0.838
158	57	27.140	13.738	2	54	34.385	3232	913	14	7	13.004	5.581	21.404	0.606	2.330	0.429	0.803
159	143	58.077	21.945	4	114	48.284	198	918	19	11	18.279	9.961	5.034	0.771	1.835	0.545	0.880
160	100	30.760	13.314	4	60	40.870	3872	922	12	12	12.824	9.929	113.807	0.752	1.292	0.774	0.826
161	69	42.203	14.000	8	82	31.556	3403	926	9	10	10.490	8.375	56.183	0.871	1.253	0.798	0.908
162	55	67.436	30.373	5	136	32.385	3236	932	14	6	12.595	5.560	178.380	0.659	2.265	0.441	0.827
163	33	38.242	13.475	7	59	26.728	2982	933	11	5	10.831	3.879	3.620	0.580	2.792	0.358	0.767
164	45	20.756	10.521	3	42	25.799	2403	934	8	9	8.522	6.724	120.706	0.850	1.267	0.789	0.826
165	23	40.391	15.885	6	64	19.071	2989	941	8	3	8.766	3.341	177.874	0.795	2.624	0.381	0.979
166	199	60.146	22.846	8	108	57.698	2683	950	21	13	20.212	12.536	178.892	0.751	1.612	0.620	0.892
167	32	34.656	12.633	10	61	22.385	1150	953	9	6	8.903	4.576	32.497	0.803	1.945	0.514	0.800
168	43	31.395	11.011	14	55	26.142	3755	954	10	6	9.488	5.770	6.576	0.791	1.644	0.608	0.851
169	115	48.270	25.012	7	126	62.284	2347	956	26	10	25.475	5.748	163.159	0.373	4.432	0.226	0.719
170	83	20.096	9.561	1	43	46.870	2774	969	14	13	13.919	7.592	46.678	0.475	1.833	0.545	0.675
171	425	37.979	15.502	3	87	96.912	2472	974	35	21	29.209	18.526	3.390	0.569	1.577	0.634	0.825
172	700	43.846	17.858	4	96	109.154	3967	991	32	31	33.378	26.703	146.990	0.738	1.250	0.800	0.899
173	299	45.615	20.480	2	123	75.598	1494	993	25	17	22.922	16.609	3.807	0.657	1.380	0.725	0.856
174	36	78.139	21.227	41	120	26.728	2033	996	12	4	11.604	3.950	5.250	0.633	2.938	0.340	0.889
175	43	17.047	9.449	1	38	33.213	2718	999	10	10	8.552	6.402	132.966	0.490	1.336	0.749	0.652
176	121	61.347	25.812	3	128	49.698	1117	1005	21	9	19.649	7.841	176.737	0.616	2.506	0.399	0.829
177	31	34.226	16.757	10	68	30.385	2927	1006	13	5	11.758	3.357	1.542	0.422	3.502	0.286	0.667
178	455	55.244	23.497	4	115	89.497	2630	1012	32	21	31.561	18.356	10.602	0.714	1.719	0.582	0.895
179	25	33.040	9.476	8	47	19.314	3462	1018	8	4	7.444	4.276	176.203	0.842	1.741	0.574	0.893
180	129	50.496	19.923	2	100	47.941	1628	1025	17	12	16.277	10.091	0.332	0.705	1.613	0.620	0.824
181	90	86.522	24.337	29	133	40.627	45	1027	15	9	14.880	7.701	18.745	0.685	1.932	0.518	0.837
182	28	40.107	9.674	25	60	22.728	1913	1029	9	5	8.696	4.099	8.762	0.681	2.121	0.471	0.812
183	85	83.671	24.156	26	131	37.213	3038	1048	15	8	14.505	7.461	5.493	0.771	1.944	0.514	0.876
184	52	79.000	24.189	34	122	30.385	344	1052	12	7	11.291	5.864	11.015	0.708	1.926	0.519	0.832
185	661	36.182	17.135	0	92	122.125	1521	1070	37	31	36.842	22.844	41.677	0.557	1.613	0.620	0.845
186	614	40.536	17.184	3	89	146.024	2618	1070	55	20	54.490	14.347	1.461	0.362	3.798	0.263	0.710
187	289	21.253	9.569	1	49	83.983	2295	1076	25	19	23.166	15.884	168.974	0.515	1.458	0.686	0.763
188	2198	59.623	33.899	0	178	249.865	2931	1078	82	46	82.495	33.924	9.699	0.442	2.432	0.411	0.778
189	21	67.952	18.885	35	95	18.728	2720	1108	8	4	7.327	3.649	13.030	0.752	2.008	0.498	0.824
190	18	36.278	15.040	19	74	18.728	743	1109	8	4	8.247	2.779	1.104	0.645	2.968	0.337	0.720
191	33	27.909	12.675	7	63	32.728	3486	1117	15	4	13.975	3.006	0.679	0.387	4.648	0.215	0.710
192	1109	62.269	33.391	0	162	157.924	1709	1122	52	35	46.894	30.111	16.477	0.559	1.557	0.642	0.839
193	136	92.228	31.799	23	163	50.042	3370	1128	19	11	17.458	9.918	161.340	0.682	1.760	0.568	0.855
194	2740	47.099	25.010	0	130	347.061	1354	1132	112	51	96.162	36.279	4.016	0.286	2.651	0.377	0.718
195	807	22.295	10.779	0	67	134.711	1631	1132	43	27	40.746	25.217	1.053	0.559	1.616	0.619	0.836
196	114	57.851	24.757	2	114	56.870	2561	1135	23	9	22.122	6.561	172.638	0.443	3.372	0.297	0.719
197	176	44.301	16.524	4	85	58.770	3416	1139	19	18	16.771	13.362	131.634	0.640	1.255	0.797	0.793
198	2541	45.582	25.584	2	143	323.948	804	1145	99	55	94.015	34.413	167.555	0.304	2.732	0.366	0.684
199	1161	59.913	37.815	1	156	140.953	3579	1146	52	33	48.897	30.231	169.463	0.734	1.617	0.618	0.922
200	22	47.364	9.495	25	65	19.314	632	1148	8	4	7.660	3.657	176.863	0.741	2.095	0.477	0.830
201	325	52.123	25.661	2	120	91.497	3929	1148	37	16	38.123	10.854	11.461	0.488	3.512	0.285	0.824
202	28	37.571	10.806	18	54	19.657	2977	1150	7	4	7.899	4.514	0.000	0.911	1.750	0.571	1.000
203	25	47.200	27.122	6	96	24.728	3231	1150	11	4	9.846	3.233	11.955	0.514	3.045	0.328	0.725
204	3989	38.065	18.087	0	93	331.647	2893	1151	105	70	104.246	48.721	19.798	0.456	2.140	0.467	0.851
205	34	67.765	13.709	36	93	24.971	1023	1161	10	6	9.137	4.738	1.835	0.685	1.928	0.519	0.747
206	28	46.357	19.027	3	76	22.728	1092	1174	10	4	10.340	3.448	2.218	0.681	2.999	0.333	0.824
207	51	43.451	13.099	17	73	28.971	1459	1176	12	6	11.021	5.892	179.151	0.764	1.871	0.535	0.843
208	19	12.947	7.207	5	26	17.314	3363	1190	6	5	5.772	4.191	7.762	0.796	1.377	0.726	0.792
209	22	31.545	13.855	5	60	20.728	2589	1206	8	5	7.703	3.636	11.575	0.643	2.118	0.472	0.759
210	17	53.294	15.976	28	78	16.728	3260	1206	7	4	6.481	3.340	16.601	0.763	1.941	0.515	0.773
211	23	16.783	7.471	5	34	19.314	3614	1206	7	5	6.392	4.581	177.246	0.775	1.395	0.717	0.821
212	112	61.625	26.248	8	115	51.799	3728	1206	23	7	22.545	6.325	5.890	0.525	3.564	0.281	0.882
213	57	14.228	6.997	3	31	38.042	1358	1208	12	9	13.109	5.536	21.822	0.495	2.368	0.422	0.699
214	1228	62.636	34.325	1	169	183.782	381	1211	75	29	69.590	22.468	11.291	0.457	3.097	0.323	0.831
215	52	13.346	7.713	1	31	34.971	945	1213	9	11	8.576	7.720	46.718	0.534	1.111	0.900	0.693
216	4588	40.550	24.197	0	129	363.161	3254	1216	119	72	108.839	53.672	165.747	0.437	2.028	0.493	0.848
217	17	37.294	17.695	3	53	17.899	1288	1217	8	3	7.523	2.877	10.497	0.667	2.615	0.382	0.850
218	64	57.906	20.686	14	96	34.142	14	1224	14	6	13.691	5.952	0.870	0.690	2.300	0.435	0.883
219	2726	52.516	28.568	0	146	247.622	2798	1230	95	47	87.279	39.767	2.602	0.559	2.195	0.456	0.872
220	345	50.554	28.608	4	116	90.912	144	1232	38	14	35.886	12.241	176.014	0.525	2.932	0.341	0.856
221	425	60.567	29.404	10	145	91.841	3179	1233	29	21	27.222	19.879	174.586	0.633	1.369	0.730	0.847
222	165	49.824	16.141	10	85	55.113	3156	1234	17	15	16.570	12.679	42.100	0.683	1.307	0.765	0.827
223	49	16.959	9.579	1	39	39.456	842	1245	11	10	10.040	6.214	132.713	0.396	1.616	0.619	0.605
224	45	51.089	14.310	25	76	30.142	3131	1246	13	5	12.347	4.640	9.973	0.622	2.661	0.376	0.833
225	1213	40.423	17.844	0	92	193.581	892	1265	73	28	70.692	21.847	171.709	0.407	3.236	0.309	0.809
226	24	40.792	16.780	5	70	21.556	449	1269	9	5	7.792	3.922	165.856	0.649	1.987	0.503	0.727
227	26	26.462	11.215	4	50	26.142	624	1298	11	5	9.099	3.638	12.688	0.478	2.501	0.400	0.712
228	151	27.285	10.715	9	59	51.698	2522	1306	18	13	16.978	11.324	170.442	0.710	1.499	0.667	0.827
229	34	46.235	20.512	15	88	24.728	3882	1312	10	5	9.817	4.410	10.966	0.699	2.226	0.449	0.810
230	198	47.192	16.386	4	82	64.770	1966	1318	24	14	20.620	12.226	164.052	0.593	1.687	0.593	0.827
231	438	60.411	29.101	2	138	94.326	3840	1325	37	19	32.779	17.013	3.444	0.619	1.927	0.519	0.860
232	519	72.339	31.581	2	151	112.811	2689	1329	45	19	42.423	15.577	8.038	0.512	2.724	0.367	0.848
233	36	21.500	11.335	3	55	25.799	2385	1334	9	8	7.489	6.121	157.103	0.680	1.224	0.817	0.713
234	17	49.000	11.673	35	86	18.728	3985	1334	8	4	7.563	2.862	9.450	0.609	2.643	0.378	0.694
235	24	13.333	4.905	4	24	20.728	81	1338	6	6	5.992	5.100	102.944	0.702	1.175	0.851	0.762
236	175	30.783	13.539	2	71	69.012	3668	1338	18	18	19.711	11.304	60.347	0.462	1.744	0.574	0.700
237	55	58.782	19.112	3	85	29.556	174	1342	12	6	11.513	6.082	2.975	0.791	1.893	0.528	0.887
238	66	14.833	6.348	2	28	36.042	552	1352	11	10	10.195	8.243	12.739	0.638	1.237	0.808	0.750
239	35	26.200	9.496	2	47	28.728	2211	1352	12	4	11.229	3.969	177.016	0.533	2.829	0.353	0.814
240	152	42.750	22.042	3	89	55.456	1432	1353	22	11	21.786	8.883	177.008	0.621	2.452	0.408	0.844
241	39	35.154	12.686	12	67	28.728	2515	1353	12	5	11.935	4.160	4.218	0.594	2.869	0.349	0.796
242	87	21.713	10.009	2	45	46.870	3220	1358	13	12	11.267	9.831	76.991	0.498	1.146	0.873	0.728
243	53	27.094	14.612	5	58	58.042	209	1359	26	7	23.819	2.833	166.479	0.198	8.407	0.119	0.599
244	158	29.500	14.113	0	65	149.640	242	1366	65	15	65.287	3.081	169.255	0.089	21.188	0.047	0.502
245	2265	45.083	28.450	0	159	219.723	3130	1377	48	67	68.307	42.219	73.151	0.590	1.618	0.618	0.876
246	79	43.013	15.882	10	73	42.627	3576	1381	18	7	16.691	6.026	177.194	0.546	2.770	0.361	0.798
247	2914	27.081	13.089	0	71	249.765	2668	1385	69	59	65.564	56.589	159.552	0.587	1.159	0.863	0.892
248	22	13.364	5.473	4	22	20.142	3834	1388	8	5	6.379	4.391	153.336	0.681	1.453	0.688	0.746
249	24	48.542	14.325	23	74	21.314	556	1402	9	4	8.862	3.448	5.144	0.664	2.570	0.389	0.828
250	19	23.947	10.195	5	38	17.556	1552	1421	7	5	6.144	3.937	14.014	0.775	1.561	0.641	0.717
251	31	65.645	20.431	15	95	20.142	2801	1431	8	5	7.752	5.092	169.272	0.960	1.522	0.657	0.873
252	40	38.975	17.180	7	71	24.971	677	1440	10	6	9.665	5.270	11.025	0.806	1.834	0.545	0.825
253	33	15.212	8.294	0	32	26.142	2333	1446	9	6	8.526	4.928	174.914	0.607	1.730	0.578	0.725
254	21	24.238	11.991	10	47	20.142	67	1451	8	5	8.793	3.041	21.150	0.650	2.892	0.346	0.764
255	26	34.154	11.818	6	55	20.728	2887	1452	9	4	8.490	3.899	176.880	0.760	2.177	0.459	0.852
256	69	52.884	22.201	7	113	36.627	1016	1454	14	8	11.838	7.421	5.782	0.646	1.595	0.627	0.826
257	68	48.515	20.505	8	86	36.870	1739	1455	13	10	13.329	6.495	28.160	0.629	2.052	0.487	0.768
258	580	25.947	14.405	0	73	112.468	1526	1458	37	26	34.334	21.509	15.007	0.576	1.596	0.626	0.829
259	33	43.030	17.426	3	72	28.142	3713	1458	12	5	11.740	3.579	15.435	0.524	3.280	0.305	0.795
260	53	54.868	20.402	11	99	32.385	2345	1460	13	6	12.972	5.202	14.228	0.635	2.493	0.401	0.835
261	119	50.252	14.196	8	81	46.527	1123	1478	17	13	14.923	10.153	8.098	0.691	1.470	0.680	0.793
262	473	44.167	17.303	1	92	86.326	2941	1479	29	25	29.651	20.311	28.779	0.798	1.460	0.685	0.905
263	1303	56.236	26.616	0	139	168.752	3301	1482	63	38	59.985	27.657	23.147	0.575	2.169	0.461	0.850
264	63	60.063	25.568	17	106	36.870	3202	1490	15	7	13.755	5.832	4.840	0.582	2.359	0.424	0.773
265	1127	49.400	24.310	1	123	154.167	1101	1496	57	34	51.591	27.814	19.069	0.596	1.855	0.539	0.872
266	16	43.250	19.372	12	65	15.899	3499	1515	7	3	6.646	3.065	3.943	0.795	2.168	0.461	0.865
267	25	29.280	13.415	4	52	22.728	1849	1516	9	5	7.521	4.232	178.089	0.608	1.777	0.563	0.746
268	16	31.500	12.474	11	49	15.899	135	1522	6	4	5.339	3.815	158.199	0.795	1.399	0.715	0.800
269	36	46.611	13.572	31	72	24.728	1029	1522	10	5	10.028	4.571	1.483	0.740	2.194	0.456	0.867
270	44	81.000	26.537	12	125	26.971	685	1526	11	6	10.644	5.263	1.444	0.760	2.022	0.494	0.846
271	198	61.374	31.058	2	150	58.870	2780	1530	22	12	21.189	11.898	4.314	0.718	1.781	0.562	0.894
272	76	29.711	11.820	7	57	34.870	2976	1535	12	11	11.630	8.321	140.824	0.785	1.398	0.715	0.796
273	156	18.192	10.561	1	55	64.426	236	1544	22	14	21.805	9.109	162.517	0.472	2.394	0.418	0.738
274	356	35.031	16.489	1	84	94.912	3199	1556	36	17	34.150	13.273	16.722	0.497	2.573	0.389	0.850
275	102	38.716	15.103	6	73	57.698	2339	1559	23	12	21.857	5.942	156.657	0.385	3.679	0.272	0.662
276	40	27.550	10.830	4	53	26.971	1417	1564	10	6	10.353	4.919	18.407	0.691	2.105	0.475	0.792
277	54	37.111	12.344	9	61	32.385	1229	1588	11	7	11.106	6.191	8.188	0.647	1.794	0.557	0.783
278	1850	53.483	28.670	2	149	349.505	1187	1596	116	62	90.914	25.909	156.703	0.190	3.509	0.285	0.542
279	1486	49.342	20.327	2	111	200.551	2746	1601	69	32	66.318	28.530	5.619	0.464	2.324	0.430	0.866
280	95	17.274	8.109	1	32	50.870	309	1611	17	10	14.379	8.412	18.436	0.461	1.709	0.585	0.712
281	88	10.466	4.683	2	24	57.355	2942	1625	18	11	15.020	7.460	158.617	0.336	2.013	0.497	0.652
282	3397	56.549	33.401	0	157	347.706	1556	1632	114	49	100.037	43.236	0.294	0.353	2.314	0.432	0.781
283	29	61.276	21.272	15	88	21.314	1736	1636	6	6	6.417	5.754	7.466	0.802	1.115	0.897	0.853
284	29	37.241	15.299	11	80	22.142	2295	1642	9	5	8.299	4.449	3.830	0.743	1.865	0.536	0.817
285	1244	48.277	18.499	1	97	152.853	2956	1648	46	39	43.020	36.818	2.551	0.669	1.168	0.856	0.896
286	41	12.683	5.121	3	25	35.799	935	1649	9	12	8.841	5.904	118.110	0.402	1.497	0.668	0.558
287	26	32.000	15.131	9	59	27.556	2326	1653	12	5	9.845	3.363	11.814	0.430	2.928	0.342	0.650
288	18	21.722	6.994	7	31	15.899	788	1654	6	4	6.261	3.661	151.804	0.895	1.710	0.585	0.857
289	21	23.190	8.406	11	47	19.556	2548	1658	7	6	5.869	4.556	178.619	0.690	1.288	0.776	0.712
290	140	44.379	18.305	2	88	61.113	1326	1661	23	11	21.118	8.441	12.871	0.471	2.502	0.400	0.771
291	30	26.700	6.798	14	40	22.142	2533	1661	7	7	7.720	4.948	139.330	0.769	1.560	0.641	0.800
292	28	14.714	8.110	2	35	28.971	3731	1682	7	9	7.867	4.532	122.103	0.419	1.736	0.576	0.615
293	876	44.828	23.869	0	119	135.782	1436	1685	46	29	41.360	26.967	14.100	0.597	1.534	0.652	0.858
294	584	65.817	34.647	1	188	129.640	3097	1687	52	22	49.741	14.949	167.534	0.437	3.327	0.301	0.801
295	80	89.950	31.134	2	145	38.870	1892	1699	15	9	15.508	6.568	15.892	0.665	2.361	0.424	0.816
296	27	46.074	18.990	17	81	21.314	2409	1714	9	4	8.572	4.010	175.873	0.747	2.137	0.468	0.871
297	109	23.505	12.422	1	52	50.870	1875	1716	17	13	13.112	10.584	18.586	0.529	1.239	0.807	0.686
298	62	24.903	14.092	2	59	32.385	3282	1716	12	8	11.389	6.931	178.826	0.743	1.643	0.609	0.827
299	16	24.625	9.451	5	37	17.314	2064	1718	7	4	6.888	2.958	17.322	0.671	2.329	0.429	0.780
300	151	36.709	16.071	4	81	54.527	1820	1727	14	18	18.113	10.614	112.475	0.638	1.706	0.586	0.793
301	76	53.053	22.911	17	112	36.971	3489	1732	15	7	14.737	6.566	13.507	0.699	2.244	0.446	0.884
302	35	30.943	12.283	7	57	22.971	602	1744	8	7	8.537	5.220	34.048	0.834	1.635	0.612	0.833
303	114	49.851	25.582	13	116	44.284	1213	1747	15	13	14.877	9.757	146.746	0.730	1.525	0.656	0.835
304	599	48.846	25.992	2	119	127.296	2253	1754	45	24	39.291	19.411	174.760	0.465	2.024	0.494	0.730
305	2873	52.012	31.956	0	163	277.765	3188	1762	108	46	98.814	37.019	172.472	0.468	2.669	0.375	0.819
306	17	35.412	13.477	18	63	15.071	3302	1762	6	3	6.541	3.309	175.692	0.941	1.977	0.506	0.971
307	19	47.474	16.225	15	85	19.314	3718	1769	8	4	7.582	3.191	6.119	0.640	2.376	0.421	0.745
308	3744	41.633	28.598	0	162	323.706	3682	1778	105	54	102.373	46.565	7.716	0.449	2.199	0.455	0.850
309	186	88.586	38.636	5	183	59.698	2794	1781	23	12	23.831	9.938	172.017	0.656	2.398	0.417	0.857
310	2024	59.799	33.442	1	171	244.936	2232	1783	81	51	73.716	34.959	27.730	0.424	2.109	0.474	0.784
311	394	64.180	33.848	2	156	96.912	666	1787	37	18	37.918	13.230	168.023	0.527	2.866	0.349	0.847
312	63	83.000	24.917	7	130	31.556	449	1793	12	7	12.521	6.406	172.356	0.795	1.954	0.512	0.875
313	213	39.484	20.091	3	95	96.083	1618	1805	28	14	24.877	10.902	3.728	0.290	2.282	0.438	0.698
314	722	70.263	39.732	4	181	125.539	2552	1830	39	32	31.838	28.873	165.134	0.576	1.103	0.907	0.812
315	28	16.393	8.020	4	36	26.971	1235	1831	11	5	9.780	3.645	175.296	0.484	2.683	0.373	0.691
316	202	51.099	23.851	1	97	56.870	1656	1831	18	15	19.885	12.934	156.396	0.785	1.537	0.650	0.900
317	502	33.639	16.847	4	89	92.326	3140	1838	27	25	26.096	24.493	15.404	0.740	1.065	0.939	0.888
318	46	38.174	11.640	10	59	28.042	3689	1864	10	8	8.516	6.878	0.693	0.735	1.238	0.808	0.767
319	72	87.056	28.834	10	142	34.870	1128	1891	14	9	12.454	7.361	0.018	0.744	1.692	0.591	0.832
320	835	65.303	36.740	2	188	173.196	2874	1902	57	26	51.455	20.662	178.815	0.350	2.490	0.402	0.742
321	25	36.200	15.303	10	61	23.314	1237	1924	9	4	9.330	3.412	7.405	0.578	2.734	0.366	0.781
322	227	12.907	6.753	1	33	81.740	807	1925	22	21	20.352	14.202	44.268	0.427	1.433	0.698	0.719
323	2052	47.615	24.158	2	131	217.966	2735	1928	74	44	67.674	38.607	162.305	0.543	1.753	0.570	0.865
324	21	23.333	10.336	4	38	18.142	247	1930	7	5	5.932	4.508	25.381	0.802	1.316	0.760	0.778
325	72	50.153	21.416	12	90	32.385	1360	1932	12	8	12.456	7.360	22.498	0.863	1.693	0.591	0.889
326	56	41.268	9.964	19	63	29.799	247	1952	10	9	9.110	7.827	8.260	0.792	1.164	0.859	0.812
327	57	22.316	12.581	5	52	35.456	93	1958	12	9	10.346	7.015	32.063	0.570	1.475	0.678	0.735
328	1190	51.055	27.307	1	127	148.610	2571	1960	45	38	47.737	31.740	29.097	0.677	1.504	0.665	0.912
329	34	33.765	15.605	8	62	26.728	2006	1962	11	5	10.096	4.288	174.055	0.598	2.354	0.425	0.819
330	53	40.434	14.978	7	75	28.142	3291	1972	10	7	9.678	6.973	2.151	0.841	1.388	0.720	0.891
331	92	25.815	12.103	2	55	47.456	563	1976	18	11	17.586	6.661	27.458	0.513	2.640	0.379	0.780
332	632	35.497	15.216	2	81	136.267	3589	1979	45	39	53.348	15.084	35.024	0.428	3.537	0.283	0.774
333	20	28.900	12.251	10	48	18.728	3318	1982	7	5	6.590	3.864	2.789	0.717	1.705	0.586	0.741
334	33	77.485	12.412	57	103	22.728	656	1984	9	5	8.662	4.851	0.799	0.803	1.786	0.560	0.868
335	62	43.581	18.699	4	80	36.142	1092	1986	15	6	15.479	5.100	175.483	0.596	3.035	0.329	0.861
336	19	24.316	11.547	2	45	18.728	3187	1986	7	5	6.370	3.798	29.055	0.681	1.677	0.596	0.745
337	61	45.361	20.234	3	81	36.971	3985	1988	14	7	13.339	5.822	174.197	0.561	2.291	0.436	0.797
338	68	41.206	17.047	4	80	38.870	302	1994	14	11	16.549	5.232	142.284	0.566	3.163	0.316	0.773
339	259	31.432	18.009	2	80	91.255	390	1995	28	19	23.302	14.152	14.209	0.391	1.646	0.607	0.728
340	748	59.110	35.757	1	181	156.468	3456	1995	62	24	56.786	16.771	9.802	0.384	3.386	0.295	0.812
341	298	50.826	24.125	4	107	93.841	1579	1998	39	12	37.331	10.164	173.889	0.425	3.673	0.272	0.818
342	958	57.551	27.238	2	137	160.752	416	2005	41	41	45.037	27.083	50.864	0.466	1.663	0.601	0.753
343	34	56.882	15.476	24	84	21.556	3121	2027	8	6	8.276	5.231	16.481	0.919	1.582	0.632	0.850
344	22	26.864	12.833	5	51	17.314	1100	2029	6	5	6.472	4.328	144.645	0.922	1.495	0.669	0.863
345	49	37.714	11.400	7	55	30.385	2945	2037	11	8	9.076	6.874	1.074	0.667	1.320	0.757	0.760
346	123	38.114	14.668	4	71	48.870	3383	2048	18	10	17.238	9.085	169.241	0.647	1.898	0.527	0.842
347	95	36.537	15.294	2	74	47.113	455	2052	15	13	13.509	8.954	139.744	0.538	1.509	0.663	0.739
348	519	31.917	12.277	2	67	102.225	815	2054	34	23	32.317	20.447	169.892	0.624	1.581	0.633	0.852
349	28	24.000	8.255	6	44	20.728	1777	2055	6	7	7.235	4.927	136.377	0.819	1.468	0.681	0.836
350	19	32.263	12.114	9	49	15.899	2295	2060	6	4	5.866	4.124	12.417	0.944	1.422	0.703	0.884
351	5340	41.960	24.105	0	128	488.843	1113	2061	152	81	127.837	53.186	15.793	0.281	2.404	0.416	0.685
352	426	45.061	19.730	4	116	90.569	319	2065	26	25	25.437	21.323	130.434	0.653	1.193	0.838	0.855
353	31	18.839	9.056	3	41	25.556	427	2068	9	6	8.637	4.570	178.777	0.596	1.890	0.529	0.705
354	33	47.758	15.510	12	74	25.314	2552	2070	11	4	10.523	3.993	174.319	0.647	2.635	0.379	0.868
355	750	38.931	13.323	3	69	114.811	2731	2072	39	29	35.771	26.696	6.362	0.715	1.340	0.746	0.881
356	743	73.595	40.809	0	208	117.882	3048	2076	38	31	35.361	26.753	7.889	0.672	1.322	0.757	0.865
357	9183	41.079	42.299	0	211	558.257	1657	2080	187	80	176.545	66.228	2.263	0.370	2.666	0.375	0.832
358	447	54.443	21.145	3	105	106.225	187	2085	44	19	37.000	15.382	3.332	0.498	2.405	0.416	0.815
359	119	26.210	11.588	1	54	57.941	1964	2086	22	10	20.719	7.313	166.935	0.445	2.833	0.353	0.739
360	65	30.185	10.295	14	60	30.627	2336	2098	10	10	9.874	8.382	125.216	0.871	1.178	0.849	0.844
361	248	59.585	39.838	1	171	70.184	3187	2114	21	17	19.354	16.315	39.938	0.633	1.186	0.843	0.838
362	30	28.533	9.145	14	43	24.142	591	2115	9	5	8.837	4.322	3.572	0.647	2.045	0.489	0.769
363	137	47.007	21.524	0	92	46.627	1959	2118	18	10	17.869	9.762	169.301	0.792	1.830	0.546	0.904
364	406	34.837	18.107	1	98	98.083	3377	2120	34	17	32.851	15.736	2.008	0.530	2.088	0.479	0.863
365	67	111.269	42.334	26	181	34.385	2767	2136	14	7	13.875	6.148	172.083	0.712	2.257	0.443	0.843
366	132	21.780	11.358	1	56	51.698	3256	2139	15	13	14.552	11.549	37.344	0.621	1.260	0.794	0.802
367	264	28.636	10.303	3	57	68.770	432	2164	22	17	21.622	15.546	177.030	0.701	1.391	0.719	0.849
368	42	43.929	19.227	4	84	26.971	2476	2176	11	6	9.937	5.381	1.620	0.726	1.847	0.542	0.808
369	38	34.000	10.187	8	62	24.971	2696	2176	8	8	7.339	6.592	28.251	0.766	1.113	0.898	0.792
370	108	30.463	12.206	2	60	45.799	1764	2186	17	10	15.930	8.632	7.929	0.647	1.845	0.542	0.828
371	16	28.812	12.276	5	45	18.728	3447	2209	7	5	6.291	3.238	147.601	0.573	1.943	0.515	0.667
372	26	18.692	7.703	7	34	25.556	1673	2211	11	5	9.549	3.467	9.778	0.500	2.754	0.363	0.732
373	22	43.136	16.940	8	72	24.728	2665	2212	11	4	9.489	2.952	12.472	0.452	3.214	0.311	0.733
374	30	26.367	11.810	7	57	26.142	3130	2215	11	5	10.633	3.592	12.197	0.552	2.960	0.338	0.779
375	1402	40.451	18.729	1	107	198.652	296	2217	76	29	73.859	24.169	6.916	0.446	3.056	0.327	0.865
376	28	15.643	5.908	5	32	33.799	3465	2221	13	5	11.810	3.019	176.651	0.308	3.912	0.256	0.538
377	35	44.857	17.968	15	88	37.799	2703	2222	16	4	14.278	3.121	3.145	0.308	4.575	0.219	0.614
378	33	35.394	12.537	3	66	23.314	3466	2233	7	7	7.270	5.780	53.383	0.763	1.258	0.795	0.825
379	1349	63.325	36.049	0	176	199.338	2375	2234	69	34	58.200	29.512	171.070	0.427	1.972	0.507	0.760
380	88	27.682	10.823	1	56	47.941	2586	2236	16	11	13.957	8.028	157.680	0.481	1.739	0.575	0.696
381	37	51.595	13.819	14	73	23.556	3550	2236	9	6	8.869	5.312	166.755	0.838	1.670	0.599	0.822
382	67	21.119	10.293	3	47	48.527	2357	2238	15	13	15.642	5.454	44.464	0.358	2.868	0.349	0.551
383	348	42.276	22.052	1	111	86.912	11	2249	30	19	30.191	14.676	159.800	0.579	2.057	0.486	0.839
384	17	20.471	8.486	8	35	19.314	2846	2256	8	4	6.797	3.185	166.361	0.573	2.134	0.469	0.708
385	208	82.332	36.979	10	153	77.355	306	2257	34	11	29.434	8.998	3.296	0.437	3.271	0.306	0.832
386	744	47.816	20.664	3	123	111.054	770	2262	37	31	38.391	24.675	147.085	0.758	1.556	0.643	0.905
387	313	34.450	15.861	3	76	77.841	3283	2283	26	17	25.317	15.741	2.364	0.649	1.608	0.622	0.863
388	20	33.150	8.653	18	48	19.899	99	2284	8	4	8.863	2.873	15.781	0.635	3.085	0.324	0.816
389	18	13.056	5.713	4	25	20.728	2052	2287	9	4	8.434	2.717	19.196	0.526	3.104	0.322	0.720
390	51	21.157	10.920	3	42	32.385	2629	2290	12	6	12.223	5.312	13.239	0.611	2.301	0.435	0.810
391	199	29.668	15.170	2	66	75.841	3804	2290	25	19	24.396	10.386	153.621	0.435	2.349	0.426	0.659
392	24	24.250	8.425	11	43	29.799	3568	2297	12	6	8.951	3.414	15.974	0.340	2.622	0.381	0.516
393	60	39.600	15.459	7	63	31.213	1195	2298	12	8	11.340	6.737	19.941	0.774	1.683	0.594	0.811
394	20	92.050	30.377	43	142	17.899	3993	2321	6	5	6.132	4.153	166.528	0.784	1.476	0.677	0.816
395	148	51.074	17.026	11	87	54.284	177	2367	20	12	17.863	10.549	161.541	0.631	1.693	0.591	0.818
396	16	18.125	9.040	2	32	20.728	3063	2371	8	5	6.576	3.098	172.690	0.468	2.122	0.471	0.582
397	936	62.479	33.810	2	148	184.267	3263	2374	61	34	57.972	20.557	19.424	0.346	2.820	0.355	0.728
398	16	25.688	11.241	11	45	17.899	1350	2385	8	3	7.857	2.593	173.433	0.628	3.031	0.330	0.800
399	210	48.957	20.889	4	104	77.012	1790	2386	23	18	19.297	13.856	21.463	0.445	1.393	0.718	0.706
400	1812	41.630	20.517	0	105	226.936	523	2392	51	67	61.195	37.701	56.859	0.442	1.623	0.616	0.784
401	16	13.938	8.095	2	27	14.485	618	2399	5	4	5.069	4.019	178.977	0.958	1.261	0.793	0.889
402	283	61.905	34.177	4	159	99.154	592	2414	22	25	26.975	13.358	61.770	0.362	2.019	0.495	0.675
403	1141	64.355	35.778	1	196	169.095	1815	2417	60	34	54.336	26.737	155.904	0.501	2.032	0.492	0.802
404	45	47.200	17.750	11	85	26.385	1660	2421	10	7	9.228	6.209	6.749	0.812	1.486	0.673	0.818
405	37	48.054	18.442	11	100	25.556	956	2423	10	6	8.843	5.327	171.554	0.712	1.660	0.602	0.796
406	217	43.120	22.770	1	111	76.527	2932	2424	32	12	28.769	9.604	7.748	0.466	2.995	0.334	0.807
407	40	69.925	30.212	2	114	24.142	1385	2434	9	6	9.320	5.465	2.344	0.862	1.706	0.586	0.870
408	27	42.444	14.466	13	64	24.728	948	2450	10	4	9.375	3.667	170.945	0.555	2.557	0.391	0.806
409	31	30.419	9.749	8	49	25.556	2500	2450	11	4	10.987	3.592	177.667	0.596	3.058	0.327	0.785
410	21	17.095	5.504	7	26	22.142	3059	2464	9	4	7.090	3.771	179.368	0.538	1.880	0.532	0.700
411	48	53.625	15.994	17	91	27.314	327	2476	10	6	10.296	5.936	160.747	0.809	1.735	0.577	0.914
412	84	24.548	9.523	6	46	43.113	1972	2497	15	11	14.069	7.602	164.232	0.568	1.851	0.540	0.730
413	16	41.500	21.897	8	85	16.728	3750	2501	7	4	6.516	3.126	178.188	0.719	2.084	0.480	0.744
414	58	66.328	39.162	2	131	37.213	3394	2502	16	6	14.699	5.024	177.319	0.526	2.926	0.342	0.773
415	1497	55.878	33.418	1	166	177.581	2877	2521	58	43	59.547	32.009	30.250	0.597	1.860	0.538	0.853
416	45	28.178	9.051	11	51	27.556	1244	2528	10	7	11.021	5.199	34.499	0.745	2.120	0.472	0.841
417	30	51.933	13.759	17	72	24.728	1	2549	6	9	7.964	4.796	110.556	0.617	1.661	0.602	0.769
418	1754	30.162	13.871	1	77	218.350	2433	2558	73	36	71.108	31.407	175.991	0.462	2.264	0.442	0.865
419	538	59.405	29.996	2	134	135.397	3605	2562	52	23	43.793	15.642	19.688	0.369	2.800	0.357	0.706
420	311	37.177	15.820	3	77	91.255	2778	2570	33	16	27.929	14.178	1.617	0.469	1.970	0.508	0.790
421	67	22.925	12.150	3	65	44.385	1	2582	10	16	13.515	6.312	125.918	0.427	2.141	0.467	0.698
422	53	39.057	17.002	7	78	27.213	3560	2613	11	7	9.588	7.038	175.602	0.899	1.362	0.734	0.869
423	19	23.895	8.956	8	41	18.142	792	2653	6	5	5.795	4.175	20.416	0.725	1.388	0.720	0.731
424	578	32.976	14.454	2	71	101.397	2541	2661	35	23	33.779	21.787	160.167	0.706	1.550	0.645	0.907
425	5406	41.409	25.119	0	150	470.416	2900	2663	136	81	109.031	63.130	4.315	0.307	1.727	0.579	0.746
426	874	61.850	37.364	2	182	138.125	122	2666	58	24	53.092	20.960	176.250	0.576	2.533	0.395	0.895
427	98	83.929	33.468	7	146	45.113	1334	2666	18	10	18.727	6.663	154.980	0.605	2.811	0.356	0.824
428	49	74.714	25.916	27	127	30.385	2920	2672	13	6	11.718	5.324	0.141	0.667	2.201	0.454	0.817
429	484	44.810	23.325	2	122	113.397	3060	2679	42	22	36.700	16.792	15.263	0.473	2.186	0.458	0.793
430	19	45.053	17.611	14	75	17.314	1502	2682	7	4	6.766	3.575	4.319	0.796	1.892	0.528	0.844
431	17	33.294	16.766	11	62	17.314	2081	2683	7	4	6.366	3.400	177.860	0.713	1.873	0.534	0.773
432	140	64.014	25.849	7	122	54.870	1678	2684	22	10	22.342	7.978	3.966	0.584	2.800	0.357	0.833
433	116	27.983	13.249	1	59	55.841	2897	2687	21	15	23.438	6.302	30.182	0.467	3.719	0.269	0.720
434	62	77.806	34.052	17	134	34.385	1433	2690	15	6	14.783	5.340	173.389	0.659	2.768	0.361	0.879
435	21	26.810	13.224	7	52	23.899	81	2696	10	4	9.680	2.762	4.756	0.462	3.505	0.285	0.689
436	70	44.143	15.810	12	75	33.799	733	2696	13	8	12.364	7.209	171.348	0.770	1.715	0.583	0.843
437	20	61.100	28.786	5	104	16.485	834	2698	6	4	5.848	4.354	0.000	0.925	1.343	0.745	0.909
438	59	22.780	11.890	3	48	51.698	3732	2699	13	14	13.867	5.417	55.319	0.277	2.560	0.391	0.529
439	32	39.688	14.209	11	72	25.556	3729	2715	10	6	10.014	4.069	20.007	0.616	2.461	0.406	0.744
440	39	59.128	20.459	4	93	24.142	1512	2716	9	6	8.678	5.722	17.320	0.841	1.517	0.659	0.867
441	34	44.529	11.745	21	75	26.142	1749	2725	10	6	8.517	5.083	170.486	0.625	1.676	0.597	0.773
442	184	74.380	36.868	8	156	53.698	3886	2726	20	13	20.271	11.557	173.677	0.802	1.754	0.570	0.904
443	38	38.763	15.061	6	64	24.142	114	2752	9	6	9.357	5.171	21.828	0.819	1.810	0.553	0.874
444	58	32.776	13.422	4	58	40.042	2847	2756	16	8	14.415	5.123	26.171	0.455	2.814	0.355	0.699
445	25	53.280	13.396	34	77	24.142	818	2766	10	4	9.157	3.476	172.590	0.539	2.635	0.380	0.735
446	1720	28.406	12.878	0	79	185.480	408	2768	51	50	51.576	42.461	151.616	0.628	1.215	0.823	0.903
447	220	62.409	29.892	1	129	73.941	2877	2778	31	12	29.148	9.610	1.217	0.506	3.033	0.330	0.799
448	72	74.028	25.459	9	128	34.971	135	2788	14	7	14.055	6.522	6.191	0.740	2.155	0.464	0.883
449	51	45.824	20.522	10	89	32.971	3116	2791	14	6	12.597	5.155	175.866	0.590	2.444	0.409	0.791
450	39	39.897	12.337	4	68	25.799	3776	2802	10	7	8.825	5.627	156.106	0.736	1.569	0.638	0.765
451	38	19.158	9.356	4	38	23.556	3645	2814	8	6	8.473	5.710	11.889	0.861	1.484	0.674	0.854
452	2124	57.188	27.839	1	147	273.078	2310	2817	80	55	60.336	44.822	11.179	0.358	1.346	0.743	0.748
453	65	35.415	20.733	5	83	37.213	2625	2824	13	10	13.497	6.132	31.316	0.590	2.201	0.454	0.747
454	26	43.308	11.481	13	66	22.971	3871	2838	9	6	7.015	4.719	17.726	0.619	1.487	0.673	0.675
455	3101	49.808	31.818	0	156	310.635	2464	2845	96	51	86.470	45.661	3.173	0.404	1.894	0.528	0.815
456	127	63.748	21.327	8	114	46.527	3791	2850	17	12	16.877	9.581	15.157	0.737	1.761	0.568	0.844
457	221	20.624	11.551	0	56	71.598	3150	2872	21	19	17.993	15.638	1.862	0.542	1.151	0.869	0.788
458	63	16.381	7.463	1	33	33.799	533	2881	11	9	9.598	8.357	177.726	0.693	1.149	0.871	0.787
459	42	40.095	13.900	10	68	25.556	2190	2885	10	6	9.671	5.529	5.443	0.808	1.749	0.572	0.848
460	26	19.077	8.717	10	43	19.556	3311	2890	7	6	6.848	4.834	33.666	0.854	1.416	0.706	0.800
461	61	62.967	27.329	7	119	39.213	3629	2912	17	6	16.599	4.679	172.197	0.499	3.547	0.282	0.797
462	185	35.416	18.084	2	83	59.113	3089	2917	23	13	21.655	10.877	20.308	0.665	1.991	0.502	0.847
463	50	63.140	30.436	17	115	32.971	1165	2926	14	6	12.655	5.031	0.910	0.578	2.515	0.398	0.781
464	79	31.772	15.845	1	68	39.799	2012	2929	15	8	13.776	7.301	166.913	0.627	1.887	0.530	0.810
465	27	75.889	16.034	43	100	21.899	2319	2932	9	4	8.414	4.086	174.622	0.707	2.059	0.486	0.871
466	19	36.316	11.056	18	59	15.899	1417	2938	6	4	6.022	4.017	167.021	0.944	1.499	0.667	0.884
467	19	49.368	10.531	34	67	16.142	1729	2942	6	5	5.444	4.444	10.770	0.916	1.225	0.816	0.792
468	1079	52.988	29.650	2	162	206.066	1948	2948	82	29	71.685	19.165	170.744	0.319	3.740	0.267	0.679
469	17	47.588	19.323	15	80	15.899	990	2952	7	3	6.938	3.120	173.231	0.845	2.224	0.450	0.895
470	17	34.294	14.653	12	58	17.899	753	2979	8	3	7.420	2.917	1.882	0.667	2.544	0.393	0.829
471	114	16.982	8.994	0	47	55.941	3011	2987	18	12	15.011	9.669	12.726	0.458	1.552	0.644	0.699
