 	Area	Mean	StdDev	Min	Max	Perim.	BX	BY	Width	Height	Major	Minor	Angle	Circ.	AR	Round	Solidity
1	2614	42.021	25.955	1	132	293.966	1476	1	105	44	96.559	34.469	9.312	0.380	2.801	0.357	0.722
2	543	25.928	12.436	1	69	107.054	2174	1	26	35	31.953	21.637	113.771	0.595	1.477	0.677	0.850
3	2125	27.560	17.000	0	93	226.551	2882	1	56	56	58.973	45.879	53.670	0.520	1.285	0.778	0.857
4	31	19.290	7.988	5	39	24.728	3817	3	8	6	6.732	5.863	39.231	0.637	1.148	0.871	0.765
5	57	24.579	8.795	7	49	28.971	2057	12	8	10	10.072	7.206	105.280	0.853	1.398	0.715	0.870
6	168	33.387	15.244	2	78	51.698	638	24	14	18	17.624	12.137	104.319	0.790	1.452	0.689	0.859
7	41	42.073	14.466	8	77	24.142	513	34	9	6	8.689	6.008	15.247	0.884	1.446	0.691	0.891
8	1478	30.359	14.897	1	87	228.250	718	52	67	42	63.649	29.566	13.660	0.357	2.153	0.465	0.728
9	133	21.083	9.246	2	46	46.284	2077	55	14	13	13.834	12.241	166.698	0.780	1.130	0.885	0.855
10	839	41.980	17.914	1	103	122.468	354	62	44	27	44.029	24.262	173.865	0.703	1.815	0.551	0.893
11	69	14.116	6.168	0	33	46.870	2708	62	17	9	12.091	7.266	177.367	0.395	1.664	0.601	0.639
12	20	23.150	10.883	6	40	16.728	1703	73	6	5	6.279	4.056	139.687	0.898	1.548	0.646	0.800
13	1825	45.641	20.531	1	116	198.208	3579	73	51	55	56.412	41.191	58.460	0.584	1.370	0.730	0.855
14	2978	33.009	17.156	1	104	259.421	1345	83	64	81	76.244	49.731	77.151	0.556	1.533	0.652	0.871
15	187	37.813	14.782	3	74	55.113	89	90	19	14	20.224	11.773	162.026	0.774	1.718	0.582	0.876
16	7030	40.575	26.537	0	151	501.872	2779	98	147	90	123.795	72.304	167.755	0.351	1.712	0.584	0.820
17	2274	45.997	21.511	2	127	252.149	760	103	69	62	76.092	38.051	31.815	0.449	2.000	0.500	0.761
18	53	21.245	8.746	4	44	33.213	1443	111	11	10	9.381	7.193	127.965	0.604	1.304	0.767	0.707
19	1556	23.815	10.815	1	61	197.723	2031	112	39	63	62.674	31.610	86.779	0.500	1.983	0.504	0.810
20	159	37.597	18.014	4	74	61.598	1229	123	14	21	21.508	9.413	77.064	0.527	2.285	0.438	0.746
21	987	49.283	20.246	2	120	154.510	3125	123	45	48	54.064	23.244	56.698	0.520	2.326	0.430	0.785
22	57	17.877	8.812	3	38	38.042	3667	125	12	12	14.163	5.124	38.826	0.495	2.764	0.362	0.687
23	19	8.684	4.070	2	14	18.485	3949	132	5	6	5.365	4.510	62.456	0.699	1.190	0.841	0.776
24	794	26.053	10.629	1	59	129.439	1433	136	36	32	35.436	28.529	26.524	0.596	1.242	0.805	0.873
25	132	44.788	17.405	9	84	48.770	1746	140	17	14	16.397	10.250	29.748	0.697	1.600	0.625	0.812
26	100	44.880	16.256	3	95	38.627	3463	142	13	11	13.502	9.430	16.997	0.842	1.432	0.698	0.870
27	52	57.596	14.720	23	89	28.385	347	151	11	7	10.187	6.499	166.628	0.811	1.568	0.638	0.832
28	1499	52.307	25.309	2	142	192.894	1542	153	68	40	62.081	30.743	11.541	0.506	2.019	0.495	0.830
29	25	13.800	8.180	4	37	22.142	2501	158	9	5	7.965	3.996	14.444	0.641	1.993	0.502	0.758
30	676	39.630	20.235	1	115	116.468	2224	160	39	25	38.114	22.582	179.715	0.626	1.688	0.592	0.870
31	29	15.207	6.920	0	31	22.385	3755	164	6	8	7.838	4.711	71.988	0.727	1.664	0.601	0.753
32	22	33.409	9.490	16	46	18.728	891	176	7	5	6.669	4.200	25.964	0.788	1.588	0.630	0.800
33	1002	51.957	24.069	3	120	143.439	1683	189	51	34	45.630	27.960	21.577	0.612	1.632	0.613	0.861
34	35	10.714	5.763	1	21	26.971	1834	201	9	7	9.152	4.869	34.225	0.605	1.880	0.532	0.753
35	244	41.623	16.885	5	104	65.012	1099	207	22	18	23.290	13.339	33.583	0.725	1.746	0.573	0.855
36	114	65.316	17.594	13	112	40.971	3705	215	13	11	13.470	10.776	28.404	0.853	1.250	0.800	0.901
37	54	31.519	12.729	6	58	28.042	2040	221	10	9	8.805	7.808	162.374	0.863	1.128	0.887	0.824
38	55	36.273	14.553	4	77	29.556	2203	224	11	7	11.999	5.836	164.615	0.791	2.056	0.486	0.866
39	38	30.132	12.371	7	54	24.971	372	227	8	7	8.038	6.019	175.335	0.766	1.335	0.749	0.792
40	60	20.550	9.724	4	52	37.213	961	229	10	11	11.125	6.867	50.442	0.544	1.620	0.617	0.741
41	196	70.832	18.803	22	116	53.698	3945	234	15	18	17.538	14.229	101.538	0.854	1.233	0.811	0.899
42	17	24.588	14.487	2	48	16.728	435	241	6	5	5.645	3.835	8.973	0.763	1.472	0.679	0.756
43	36	27.944	11.995	0	56	25.314	1308	241	9	5	9.880	4.639	4.755	0.706	2.130	0.470	0.847
44	16	25.000	11.944	4	51	14.485	862	242	5	4	5.069	4.019	178.977	0.958	1.261	0.793	0.889
45	837	24.781	10.283	1	57	138.610	1831	252	36	33	37.657	28.300	37.511	0.547	1.331	0.752	0.858
46	125	32.576	13.552	4	58	44.284	3868	258	15	13	13.681	11.634	171.922	0.801	1.176	0.850	0.856
47	107	18.290	8.500	0	47	52.870	381	270	20	10	18.821	7.239	162.203	0.481	2.600	0.385	0.746
48	116	57.259	18.077	8	101	42.870	2139	277	16	11	16.153	9.144	155.873	0.793	1.767	0.566	0.872
49	39	52.923	18.535	11	89	24.142	2781	278	9	6	8.373	5.931	7.206	0.841	1.412	0.708	0.848
50	53	44.340	14.561	9	69	27.314	1084	281	9	7	9.651	6.992	163.149	0.893	1.380	0.725	0.922
51	645	21.980	10.208	1	52	129.196	409	295	28	38	33.689	24.377	69.896	0.486	1.382	0.724	0.820
52	899	50.184	22.792	3	119	157.338	858	313	48	32	47.142	24.281	172.234	0.456	1.942	0.515	0.728
53	567	51.586	21.810	1	104	93.841	203	315	30	23	31.336	23.038	179.617	0.809	1.360	0.735	0.931
54	34	52.706	18.719	18	94	26.142	3175	330	9	7	8.542	5.068	1.098	0.625	1.685	0.593	0.731
55	68	48.279	15.107	11	82	32.385	3903	347	10	9	10.291	8.413	22.894	0.815	1.223	0.818	0.866
56	1107	44.754	17.891	1	97	166.610	3349	362	54	39	48.092	29.308	21.468	0.501	1.641	0.609	0.826
57	19	15.737	7.571	2	29	19.314	3479	365	5	7	5.869	4.122	88.283	0.640	1.424	0.702	0.717
58	5165	49.199	32.418	0	156	351.990	3675	372	121	75	110.695	59.409	174.782	0.524	1.863	0.537	0.838
59	54	41.815	11.975	7	63	28.971	810	374	8	10	9.806	7.012	72.722	0.809	1.399	0.715	0.837
60	97	15.443	8.394	2	40	51.113	1961	381	16	12	12.778	9.665	160.931	0.467	1.322	0.756	0.693
61	1344	41.934	21.357	0	107	168.510	2921	387	42	53	50.661	33.778	111.020	0.595	1.500	0.667	0.831
62	16	21.875	11.212	7	41	15.314	717	388	5	5	5.345	3.811	56.240	0.857	1.402	0.713	0.800
63	477	51.560	19.929	4	111	106.225	1234	389	34	27	31.974	18.994	145.558	0.531	1.683	0.594	0.804
64	32	28.906	12.947	7	57	22.142	1007	390	8	6	8.216	4.959	20.848	0.820	1.657	0.604	0.831
65	692	54.329	26.388	3	132	149.681	678	411	28	50	40.290	21.869	92.829	0.388	1.842	0.543	0.727
66	265	52.185	19.507	6	92	80.770	3807	413	33	13	32.368	10.424	176.470	0.510	3.105	0.322	0.826
67	214	15.701	7.565	1	41	66.426	2486	418	20	17	18.579	14.666	151.378	0.609	1.267	0.789	0.820
68	30	34.200	10.874	8	57	19.899	1293	436	7	5	7.570	5.046	13.359	0.952	1.500	0.667	0.923
69	246	15.459	7.774	1	37	86.326	2702	439	24	19	20.247	15.470	25.556	0.415	1.309	0.764	0.756
70	82	36.707	17.479	6	69	37.698	3376	460	10	14	13.135	7.949	72.089	0.725	1.652	0.605	0.796
71	1217	35.538	16.660	1	98	167.681	2434	471	58	35	57.550	26.925	163.521	0.544	2.137	0.468	0.838
72	39	36.308	12.357	5	55	23.556	3920	474	9	6	8.363	5.938	174.204	0.883	1.408	0.710	0.848
73	46	23.435	11.051	4	59	26.385	3547	476	8	9	9.466	6.187	41.495	0.830	1.530	0.654	0.836
74	137	43.847	18.390	2	80	46.284	3264	484	15	14	16.024	10.885	139.733	0.804	1.472	0.679	0.867
75	46	27.239	10.677	3	45	27.213	3554	490	11	7	9.819	5.965	167.307	0.781	1.646	0.608	0.800
76	105	28.733	13.218	5	58	39.456	2629	517	14	11	13.649	9.795	164.777	0.848	1.393	0.718	0.861
77	27	24.593	10.537	6	44	20.485	795	519	7	5	7.237	4.750	163.410	0.809	1.523	0.656	0.885
78	2437	31.815	13.795	0	83	223.865	1110	527	55	66	63.165	49.123	75.525	0.611	1.286	0.778	0.895
79	36	38.889	14.485	7	62	22.142	303	534	8	6	7.943	5.771	174.797	0.923	1.376	0.727	0.878
80	63	49.921	14.438	13	82	30.870	3213	535	9	11	9.958	8.055	93.461	0.831	1.236	0.809	0.818
81	231	47.260	16.694	2	101	60.527	3630	539	21	16	19.467	15.108	21.293	0.792	1.289	0.776	0.888
82	701	28.064	13.226	2	78	139.681	2280	548	24	48	47.428	18.819	88.105	0.451	2.520	0.397	0.771
83	107	19.888	8.819	0	39	54.527	1837	550	19	13	17.332	7.860	27.950	0.452	2.205	0.454	0.711
84	82	37.537	11.485	16	66	36.627	2166	557	14	9	13.409	7.786	163.146	0.768	1.722	0.581	0.845
85	16	16.688	5.003	7	23	16.728	3749	558	6	5	7.023	2.901	132.995	0.719	2.421	0.413	0.762
86	4116	47.238	29.232	0	148	313.605	3092	563	86	83	88.998	58.885	43.947	0.526	1.511	0.662	0.870
87	28	28.286	13.258	4	52	22.385	1936	565	8	7	8.553	4.168	136.336	0.702	2.052	0.487	0.778
88	304	28.566	12.837	4	75	89.640	377	596	26	28	31.956	12.113	48.111	0.475	2.638	0.379	0.793
89	46	38.978	13.953	3	69	25.556	1297	601	8	7	8.740	6.701	14.467	0.885	1.304	0.767	0.885
90	23	22.783	8.124	6	37	19.314	1199	628	6	6	5.787	5.061	45.001	0.775	1.143	0.875	0.780
91	21	28.524	9.266	13	45	19.556	824	631	7	6	5.866	4.558	29.410	0.690	1.287	0.777	0.700
92	80	25.125	12.446	4	59	41.113	3007	635	10	15	14.859	6.855	121.418	0.595	2.168	0.461	0.777
93	40	11.500	6.828	1	32	32.042	3716	647	10	8	9.858	5.166	157.496	0.490	1.908	0.524	0.656
94	65	23.785	11.350	0	53	46.284	2335	650	11	15	12.490	6.626	122.764	0.381	1.885	0.531	0.628
95	112	16.955	8.383	2	40	48.870	251	658	12	16	13.840	10.303	74.653	0.589	1.343	0.744	0.754
96	7933	31.297	18.040	0	96	463.044	913	658	132	99	117.049	86.294	159.434	0.465	1.356	0.737	0.865
97	91	28.560	13.267	2	63	40.385	2595	678	11	12	12.435	9.318	98.356	0.701	1.335	0.749	0.812
98	175	49.834	16.181	6	86	51.941	362	680	19	14	16.955	13.142	3.050	0.815	1.290	0.775	0.877
99	189	19.974	9.986	2	56	64.184	534	691	17	20	19.686	12.224	124.881	0.577	1.610	0.621	0.784
100	72	45.306	13.254	17	72	31.556	1933	700	10	9	10.209	8.980	22.332	0.909	1.137	0.880	0.894
101	50	33.580	10.968	9	53	30.627	3173	708	12	8	11.034	5.769	150.211	0.670	1.913	0.523	0.813
102	1380	61.583	41.788	0	169	151.539	1713	709	36	50	50.781	34.601	93.156	0.755	1.468	0.681	0.933
103	36	19.139	7.794	2	34	35.456	1183	711	14	8	13.037	3.516	18.561	0.360	3.708	0.270	0.550
104	109	41.450	18.453	4	81	44.042	2099	712	12	15	14.062	9.870	96.554	0.706	1.425	0.702	0.810
105	1819	45.796	25.158	0	124	214.894	2209	713	80	31	83.186	27.842	179.121	0.495	2.988	0.335	0.862
106	5452	47.660	28.011	0	135	420.416	3766	714	94	110	106.293	65.307	113.349	0.388	1.628	0.614	0.765
107	255	77.263	30.752	4	128	61.598	2104	727	22	16	20.614	15.750	6.417	0.845	1.309	0.764	0.899
108	1101	53.122	22.376	6	131	146.267	702	743	50	35	46.165	30.366	15.373	0.647	1.520	0.658	0.876
109	26	14.192	6.882	2	26	30.385	2072	753	9	9	7.004	4.727	143.355	0.354	1.482	0.675	0.531
110	522	22.289	11.103	0	60	112.125	3309	757	27	29	27.987	23.748	86.769	0.522	1.178	0.849	0.825
111	953	41.833	16.642	2	87	155.924	303	759	39	43	45.065	26.925	50.488	0.493	1.674	0.597	0.843
112	148	16.588	8.484	1	39	61.355	414	765	19	13	17.259	10.918	177.862	0.494	1.581	0.633	0.763
113	4204	50.362	28.369	0	148	356.333	1159	771	123	73	126.101	42.448	24.413	0.416	2.971	0.337	0.842
114	210	28.852	13.247	3	73	69.255	1679	773	20	20	21.831	12.248	45.609	0.550	1.782	0.561	0.773
115	28	34.071	12.581	6	56	18.971	847	776	7	6	7.116	5.010	140.783	0.978	1.420	0.704	0.848
116	272	52.864	19.384	2	111	67.598	885	789	22	18	22.152	15.634	30.916	0.748	1.417	0.706	0.877
117	24	24.000	10.697	7	45	18.728	3733	795	6	5	6.673	4.579	165.505	0.860	1.457	0.686	0.842
118	39	14.000	7.406	1	31	34.627	711	811	10	10	10.257	4.841	141.311	0.409	2.119	0.472	0.557
119	361	34.014	15.097	1	68	77.841	1492	812	22	24	22.394	20.526	116.450	0.749	1.091	0.917	0.871
120	21	29.714	11.934	2	47	16.728	3201	818	5	6	5.921	4.515	46.722	0.943	1.311	0.763	0.840
121	75	47.173	12.199	11	68	36.042	1986	827	12	10	11.379	8.392	149.571	0.726	1.356	0.738	0.806
122	257	65.981	23.682	1	125	63.355	38	829	20	19	22.466	14.565	137.060	0.805	1.542	0.648	0.891
123	49	11.449	6.198	0	32	40.042	259	830	14	8	11.643	5.359	16.449	0.384	2.173	0.460	0.641
124	1719	28.919	12.778	1	76	200.551	1349	843	63	48	65.183	33.578	143.380	0.537	1.941	0.515	0.873
125	1509	46.101	21.989	1	109	194.309	1226	849	53	54	61.469	31.257	131.126	0.502	1.967	0.508	0.825
126	40	23.925	9.344	3	38	26.971	381	855	8	9	8.878	5.736	124.297	0.691	1.548	0.646	0.762
127	17	21.706	9.758	5	38	21.799	2805	855	8	7	9.321	2.322	140.529	0.450	4.014	0.249	0.586
128	3848	31.702	14.199	1	80	298.291	3017	857	86	75	94.327	51.941	33.401	0.543	1.816	0.551	0.870
129	1465	45.186	24.026	0	130	221.037	2605	859	65	38	54.552	34.193	10.147	0.377	1.595	0.627	0.771
130	2337	50.325	23.878	0	118	260.007	3136	872	61	70	76.869	38.709	132.627	0.434	1.986	0.504	0.811
131	1397	28.324	11.448	1	62	207.765	3639	876	43	61	49.069	36.250	99.721	0.407	1.354	0.739	0.794
132	19	44.053	15.350	24	68	16.485	2746	887	6	4	6.413	3.772	6.136	0.879	1.700	0.588	0.884
133	113	17.088	8.349	0	34	57.598	450	895	20	12	16.700	8.615	177.031	0.428	1.938	0.516	0.677
134	209	48.794	18.348	0	86	60.770	2559	895	21	17	18.093	14.708	25.796	0.711	1.230	0.813	0.820
135	1062	43.531	21.229	1	108	166.409	1877	902	52	33	47.050	28.739	179.789	0.482	1.637	0.611	0.818
136	272	66.346	26.447	5	115	66.669	2228	906	19	23	20.480	16.910	100.558	0.769	1.211	0.826	0.869
137	19	30.842	15.258	9	58	15.899	2650	906	6	4	6.329	3.822	166.968	0.944	1.656	0.604	0.884
138	1106	56.635	23.498	2	121	147.924	21	910	47	38	40.047	35.163	5.421	0.635	1.139	0.878	0.850
139	1762	30.415	14.115	1	72	196.551	2699	913	46	57	54.985	40.801	85.725	0.573	1.348	0.742	0.864
140	50	28.860	11.391	7	52	29.213	3070	916	9	10	8.517	7.475	124.039	0.736	1.139	0.878	0.775
141	54	19.019	9.533	1	43	32.870	2842	929	13	9	12.783	5.379	25.768	0.628	2.377	0.421	0.750
142	36	19.611	8.333	6	38	29.556	2748	930	11	6	9.606	4.772	174.389	0.518	2.013	0.497	0.713
143	25	23.920	10.259	5	40	20.971	2616	943	8	6	6.712	4.742	146.854	0.714	1.415	0.707	0.735
144	369	26.252	11.156	2	62	83.497	444	947	27	22	24.598	19.100	158.351	0.665	1.288	0.776	0.830
145	40	38.075	12.676	2	61	24.385	3368	956	8	8	7.608	6.694	152.679	0.845	1.136	0.880	0.808
146	20	38.200	12.846	7	65	16.142	1051	957	6	5	6.297	4.044	148.654	0.965	1.557	0.642	0.833
147	79	51.494	14.719	4	84	36.627	650	962	12	11	11.340	8.870	157.290	0.740	1.279	0.782	0.806
148	21	18.952	8.453	8	34	18.142	2960	963	7	5	6.671	4.008	166.570	0.802	1.665	0.601	0.778
149	28	38.607	10.060	18	62	20.142	693	970	7	6	6.593	5.407	16.617	0.867	1.219	0.820	0.848
150	8857	32.585	17.816	0	112	488.399	706	980	134	105	127.759	88.268	18.060	0.467	1.447	0.691	0.844
151	149	62.000	21.043	3	109	53.355	3331	980	19	14	19.034	9.967	153.376	0.658	1.910	0.524	0.842
152	21	35.810	11.724	11	60	18.728	3262	984	8	4	7.137	3.746	179.689	0.752	1.905	0.525	0.808
153	80	48.888	15.135	17	89	36.284	140	987	12	12	12.583	8.095	136.798	0.764	1.554	0.643	0.808
154	70	37.829	11.251	5	67	33.213	3529	988	12	9	10.675	8.349	177.038	0.797	1.278	0.782	0.833
155	41	30.512	11.287	9	56	27.213	3194	998	9	9	9.904	5.271	136.667	0.696	1.879	0.532	0.745
156	28	28.571	12.828	7	56	22.385	2069	1001	9	6	8.708	4.094	33.545	0.702	2.127	0.470	0.778
157	33	28.242	9.893	11	47	21.314	2134	1001	7	6	6.846	6.137	166.604	0.913	1.116	0.896	0.880
158	24	21.292	9.106	3	40	18.728	2597	1002	7	5	6.337	4.822	157.952	0.860	1.314	0.761	0.857
159	260	30.100	13.265	1	61	80.669	3410	1006	26	18	21.994	15.051	155.037	0.502	1.461	0.684	0.780
160	543	27.788	11.656	1	74	104.811	1996	1011	27	34	32.046	21.575	105.511	0.621	1.485	0.673	0.849
161	406	44.852	22.926	1	98	81.740	2721	1011	30	21	27.705	18.659	4.495	0.764	1.485	0.673	0.878
162	641	44.466	20.101	4	104	114.368	3036	1012	39	32	37.255	21.907	139.690	0.616	1.701	0.588	0.841
163	40	45.275	15.352	8	75	22.728	3220	1014	8	6	8.240	6.181	9.174	0.973	1.333	0.750	0.920
164	2629	21.976	10.531	0	61	342.375	3544	1017	85	75	81.608	41.017	39.586	0.282	1.990	0.503	0.719
165	1437	39.337	15.420	4	94	171.238	1345	1018	54	45	47.049	38.888	171.166	0.616	1.210	0.827	0.873
166	279	52.846	21.487	2	93	65.941	2814	1018	21	19	20.623	17.225	33.419	0.806	1.197	0.835	0.890
167	5620	34.689	18.474	1	98	397.688	3712	1024	81	122	111.624	64.105	94.536	0.447	1.741	0.574	0.817
168	1325	42.748	17.476	1	97	154.853	3261	1037	46	44	48.214	34.990	145.098	0.694	1.378	0.726	0.902
169	184	36.103	17.335	5	81	53.456	3333	1038	17	15	18.808	12.456	134.029	0.809	1.510	0.662	0.904
170	2809	30.061	14.612	0	79	263.563	2097	1045	79	70	76.635	46.669	40.341	0.508	1.642	0.609	0.806
171	224	25.946	12.039	1	67	62.770	130	1049	24	15	22.234	12.828	8.683	0.714	1.733	0.577	0.857
172	20	34.700	11.150	16	52	19.556	210	1059	7	5	6.653	3.827	12.287	0.657	1.738	0.575	0.714
173	80	48.788	14.552	8	82	34.042	1979	1071	12	10	11.847	8.598	4.998	0.868	1.378	0.726	0.865
174	27	30.185	10.663	6	52	19.556	788	1088	8	5	7.808	4.403	158.776	0.887	1.773	0.564	0.857
175	74	68.703	15.496	18	100	32.042	808	1089	10	11	9.724	9.690	0.000	0.906	1.003	0.997	0.841
176	20	11.450	5.925	4	22	26.385	614	1091	8	6	6.685	3.809	139.816	0.361	1.755	0.570	0.541
177	77	14.325	6.991	2	35	41.213	3416	1111	12	11	13.160	7.450	152.645	0.570	1.766	0.566	0.759
178	72	34.153	11.257	8	62	35.799	273	1112	14	8	14.564	6.295	164.279	0.706	2.314	0.432	0.842
179	22	22.000	9.279	4	40	18.728	122	1127	6	6	6.093	4.597	65.175	0.788	1.325	0.755	0.772
180	29	15.000	7.285	3	27	26.385	2274	1128	8	8	7.648	4.828	126.522	0.523	1.584	0.631	0.652
181	62	17.758	9.009	1	41	32.042	2624	1134	11	8	10.753	7.341	173.715	0.759	1.465	0.683	0.810
182	28	25.429	10.820	6	43	20.142	419	1168	6	7	7.568	4.711	127.085	0.867	1.607	0.622	0.824
183	45	34.333	10.000	6	52	26.385	2513	1169	9	8	8.807	6.505	21.636	0.812	1.354	0.739	0.796
184	7899	28.304	15.297	0	97	461.872	93	1173	114	117	106.580	94.364	55.241	0.465	1.129	0.885	0.860
185	120	28.817	12.562	4	57	51.598	2018	1185	17	15	18.435	8.288	141.841	0.566	2.224	0.450	0.759
186	10529	48.637	29.172	0	164	694.867	764	1198	146	155	137.739	97.328	123.937	0.274	1.415	0.707	0.753
187	86	45.186	18.059	4	82	36.627	3194	1216	13	10	12.501	8.759	7.880	0.806	1.427	0.701	0.856
188	1056	25.926	12.739	1	67	160.167	1337	1226	45	38	43.592	30.844	24.559	0.517	1.413	0.708	0.854
189	5900	31.910	16.409	0	96	374.617	2353	1232	114	83	104.316	72.013	170.745	0.528	1.449	0.690	0.863
190	37	15.730	7.275	0	31	39.698	2247	1235	11	8	9.793	4.811	28.684	0.295	2.036	0.491	0.540
191	174	48.270	18.854	8	92	52.770	2769	1236	17	16	17.786	12.456	35.997	0.785	1.428	0.700	0.864
192	112	13.304	7.529	0	36	64.184	1948	1245	18	13	14.678	9.715	6.347	0.342	1.511	0.662	0.677
193	51	19.078	8.146	4	34	44.284	2297	1247	12	8	10.627	6.110	166.554	0.327	1.739	0.575	0.626
194	121	54.215	16.628	14	94	43.213	321	1256	16	10	15.820	9.738	3.189	0.814	1.624	0.616	0.893
195	55	14.745	8.090	2	33	56.184	2711	1263	12	11	9.848	7.111	33.396	0.219	1.385	0.722	0.558
196	498	29.251	13.996	0	72	99.983	284	1270	32	26	31.696	20.005	33.757	0.626	1.584	0.631	0.849
197	163	33.577	13.626	3	67	69.841	1440	1272	11	24	23.561	8.809	93.583	0.420	2.675	0.374	0.723
198	57	33.333	13.421	8	58	27.556	3894	1280	9	8	9.520	7.624	175.683	0.943	1.249	0.801	0.891
199	892	36.409	13.729	1	81	142.267	2741	1283	46	33	41.095	27.637	3.571	0.554	1.487	0.673	0.840
200	19	30.316	8.994	16	49	17.899	80	1295	7	4	6.496	3.724	11.507	0.745	1.744	0.573	0.864
201	7205	32.994	19.912	0	117	392.902	1091	1297	112	102	102.906	89.146	7.230	0.587	1.154	0.866	0.897
202	56	53.286	18.746	13	96	30.385	2010	1303	12	7	12.073	5.906	173.225	0.762	2.044	0.489	0.830
203	41	28.073	10.405	2	47	25.213	2684	1303	9	8	8.226	6.346	175.758	0.810	1.296	0.771	0.774
204	120	26.142	10.493	3	56	47.698	3898	1307	16	12	14.176	10.778	179.910	0.663	1.315	0.760	0.803
205	927	32.275	15.251	1	82	124.610	1436	1317	36	38	35.842	32.930	66.720	0.750	1.088	0.919	0.901
206	72	46.694	12.731	10	69	31.213	2305	1344	10	10	10.316	8.887	148.651	0.929	1.161	0.861	0.889
207	96	31.760	14.184	2	67	40.042	3564	1356	16	9	14.109	8.663	2.434	0.752	1.629	0.614	0.850
208	25	17.880	6.463	6	32	19.556	847	1365	6	7	6.155	5.171	103.183	0.821	1.190	0.840	0.758
209	17	25.235	10.195	3	46	15.899	2005	1390	6	4	6.120	3.537	5.743	0.845	1.730	0.578	0.829
210	29	35.276	8.451	17	52	20.728	1511	1393	6	7	6.555	5.633	117.833	0.848	1.164	0.859	0.841
211	19	37.737	10.503	17	51	15.899	2317	1394	6	4	5.654	4.278	168.423	0.944	1.322	0.757	0.884
212	595	41.988	19.801	1	96	111.983	1789	1397	36	26	38.610	19.621	165.656	0.596	1.968	0.508	0.854
213	1999	38.017	19.401	0	102	217.865	1621	1398	65	55	58.102	43.806	21.585	0.529	1.326	0.754	0.836
214	68	32.118	12.213	8	62	32.971	2936	1401	13	7	12.540	6.904	1.254	0.786	1.816	0.551	0.872
215	18	21.056	13.009	4	49	16.728	591	1407	5	6	5.569	4.115	47.382	0.808	1.353	0.739	0.783
216	39	31.231	11.811	6	57	23.556	3570	1411	8	7	7.829	6.342	29.269	0.883	1.234	0.810	0.839
217	86	62.198	17.231	10	105	34.971	2421	1412	11	10	11.620	9.423	152.589	0.884	1.233	0.811	0.891
218	6006	38.345	22.064	0	125	486.014	3274	1413	144	79	130.524	58.588	169.247	0.320	2.228	0.449	0.803
219	929	31.915	11.764	1	76	133.539	2884	1432	37	37	36.042	32.818	41.324	0.655	1.098	0.911	0.862
220	51	54.039	16.173	4	79	28.971	3500	1433	11	7	9.951	6.525	2.032	0.764	1.525	0.656	0.810
221	1530	25.173	12.718	1	72	196.652	1451	1440	52	47	49.726	39.176	131.984	0.497	1.269	0.788	0.829
222	278	82.457	29.738	5	147	72.770	127	1443	28	14	28.242	12.533	176.254	0.660	2.253	0.444	0.885
223	48	37.875	13.470	6	63	26.971	512	1444	10	7	9.697	6.302	165.046	0.829	1.539	0.650	0.842
224	17	20.353	8.139	7	36	15.314	753	1448	6	4	5.827	3.715	156.470	0.911	1.569	0.638	0.850
225	190	25.116	11.693	1	55	58.770	2689	1478	17	19	18.439	13.120	54.910	0.691	1.405	0.712	0.828
226	292	16.719	8.608	1	45	86.326	3659	1481	26	18	23.525	15.804	174.578	0.492	1.489	0.672	0.815
227	1887	44.462	21.758	1	110	225.865	5	1493	77	48	61.130	39.303	173.163	0.465	1.555	0.643	0.787
228	6221	28.111	14.774	0	89	346.718	597	1511	103	97	93.043	85.131	18.972	0.650	1.093	0.915	0.915
229	488	24.049	12.436	1	68	103.983	3049	1512	37	24	38.634	16.083	20.553	0.567	2.402	0.416	0.820
230	39	15.128	7.865	2	36	30.385	1336	1520	9	10	9.100	5.457	132.069	0.531	1.668	0.600	0.650
231	16	13.438	7.572	4	34	16.142	1715	1521	5	6	6.188	3.292	127.875	0.772	1.879	0.532	0.727
232	19	31.053	11.525	10	51	16.728	3133	1524	5	6	5.647	4.284	71.974	0.853	1.318	0.759	0.792
233	110	72.327	23.933	15	127	40.284	3226	1525	14	12	13.133	10.665	178.977	0.852	1.231	0.812	0.863
234	1296	21.377	10.724	1	57	240.350	859	1527	38	71	62.556	26.378	76.097	0.282	2.371	0.422	0.683
235	484	26.012	12.394	1	61	95.497	1256	1528	29	24	28.543	21.590	11.794	0.667	1.322	0.756	0.866
236	196	17.224	8.539	1	41	103.882	296	1533	36	25	36.421	6.852	35.173	0.228	5.315	0.188	0.619
237	41	19.537	8.379	4	40	34.042	2262	1535	11	8	9.809	5.322	153.561	0.445	1.843	0.543	0.641
238	69	24.464	9.667	6	45	37.456	3313	1544	13	11	14.942	5.880	38.008	0.618	2.541	0.393	0.784
239	29	27.207	10.476	6	45	22.971	1452	1562	8	6	7.505	4.920	169.996	0.691	1.525	0.656	0.744
240	35	25.886	12.397	2	44	23.314	2500	1563	8	6	9.256	4.815	23.823	0.809	1.922	0.520	0.886
241	5891	44.184	27.960	0	148	403.061	3287	1565	136	75	123.206	60.879	8.145	0.456	2.024	0.494	0.837
242	31	14.387	6.741	1	28	21.556	2708	1572	8	6	7.365	5.360	170.783	0.838	1.374	0.728	0.816
243	18	16.000	8.725	3	31	16.142	337	1586	5	6	5.755	3.982	109.805	0.868	1.445	0.692	0.766
244	433	36.402	15.648	4	81	88.326	2554	1587	27	25	30.344	18.169	40.893	0.697	1.670	0.599	0.887
245	63	16.079	8.342	2	42	32.627	970	1590	10	9	9.890	8.111	135.627	0.744	1.219	0.820	0.813
246	106	64.934	22.358	5	102	47.113	2330	1590	13	14	11.891	11.350	22.796	0.600	1.048	0.955	0.779
247	76	16.842	8.104	1	42	63.012	3116	1603	16	14	12.998	7.445	34.938	0.241	1.746	0.573	0.539
248	24	32.083	9.089	8	46	21.556	267	1608	8	5	7.991	3.824	175.075	0.649	2.089	0.479	0.738
249	37	38.243	12.628	7	66	23.314	1400	1608	8	6	8.137	5.790	176.144	0.855	1.405	0.712	0.892
250	216	18.861	9.030	1	45	68.426	1375	1611	19	19	19.159	14.355	35.681	0.580	1.335	0.749	0.793
251	157	15.338	8.155	1	41	53.698	1075	1612	16	16	14.638	13.657	6.922	0.684	1.072	0.933	0.799
252	4760	47.166	25.077	0	147	467.772	94	1619	147	102	129.623	46.756	29.797	0.273	2.772	0.361	0.591
253	22	16.864	7.900	4	33	18.728	2387	1621	7	5	6.507	4.305	21.581	0.788	1.512	0.662	0.786
254	516	54.556	32.713	1	151	120.953	2453	1624	36	30	31.915	20.586	40.091	0.443	1.550	0.645	0.747
255	53	20.547	9.704	4	44	36.971	3915	1626	13	8	11.903	5.669	8.785	0.487	2.100	0.476	0.731
256	31	44.548	13.708	15	71	20.728	3034	1635	7	6	7.098	5.561	19.592	0.907	1.276	0.783	0.873
257	53	28.057	8.690	6	51	29.799	1311	1649	9	10	8.621	7.828	68.264	0.750	1.101	0.908	0.785
258	35	29.686	10.326	1	49	25.213	319	1652	9	8	8.037	5.545	19.409	0.692	1.450	0.690	0.722
259	23	42.261	12.289	18	62	18.728	3189	1668	7	5	6.830	4.288	19.784	0.824	1.593	0.628	0.807
260	17	15.235	6.833	4	31	15.314	2515	1676	5	5	6.139	3.526	142.989	0.911	1.741	0.574	0.850
261	3854	47.456	28.289	0	138	360.718	1660	1677	91	89	95.881	51.179	132.074	0.372	1.873	0.534	0.746
262	244	56.869	21.187	3	100	70.083	1589	1678	26	18	23.847	13.028	156.984	0.624	1.830	0.546	0.815
263	1948	35.313	18.451	0	89	194.066	1102	1695	70	41	69.205	35.840	8.267	0.650	1.931	0.518	0.911
264	622	43.357	21.004	0	94	121.640	2112	1696	31	36	34.626	22.872	63.633	0.528	1.514	0.661	0.770
265	37	16.892	9.439	4	34	29.799	1325	1698	10	9	7.587	6.209	25.817	0.524	1.222	0.818	0.661
266	1307	34.780	14.495	2	86	164.752	191	1700	38	52	46.947	35.447	99.436	0.605	1.324	0.755	0.884
267	490	40.988	19.950	1	92	97.983	2942	1703	31	25	32.497	19.198	155.057	0.641	1.693	0.591	0.854
268	509	48.778	22.433	2	114	109.397	684	1721	29	33	34.615	18.723	117.091	0.534	1.849	0.541	0.791
269	323	20.607	10.101	1	49	109.397	2855	1721	41	15	36.767	11.185	3.112	0.339	3.287	0.304	0.739
270	26	19.769	8.349	5	33	19.556	2384	1722	6	7	6.985	4.739	67.517	0.854	1.474	0.678	0.788
271	21	25.190	12.258	7	50	17.556	1435	1723	7	5	6.332	4.222	15.883	0.856	1.500	0.667	0.792
272	135	13.978	7.845	1	36	80.326	422	1731	16	18	14.230	12.079	101.267	0.263	1.178	0.849	0.621
273	39	37.795	8.676	21	55	23.799	3008	1742	8	8	8.046	6.172	56.957	0.865	1.304	0.767	0.804
274	21	15.381	7.684	2	29	17.899	3146	1754	7	4	7.944	3.366	165.483	0.824	2.360	0.424	0.857
275	29	24.310	9.611	1	40	24.385	261	1759	9	6	9.023	4.092	25.492	0.613	2.205	0.454	0.725
276	51	26.196	8.784	8	46	31.213	62	1761	10	9	8.692	7.471	7.749	0.658	1.163	0.860	0.739
277	29	19.000	7.810	3	42	20.728	2513	1778	7	6	6.300	5.861	41.390	0.848	1.075	0.930	0.841
278	310	41.342	15.530	3	78	76.184	2019	1782	27	16	26.754	14.753	6.255	0.671	1.813	0.551	0.887
279	42	35.881	11.717	5	56	25.799	2679	1787	9	8	9.542	5.604	140.366	0.793	1.703	0.587	0.792
280	64	29.938	10.412	7	63	32.042	2719	1797	11	10	9.393	8.675	17.633	0.783	1.083	0.924	0.785
281	1220	29.468	13.583	0	76	151.581	1846	1808	49	38	45.185	34.378	22.455	0.667	1.314	0.761	0.892
282	19	18.789	13.348	4	40	16.728	2104	1814	6	5	5.211	4.642	18.192	0.853	1.123	0.891	0.792
283	64	15.016	6.509	2	30	35.213	475	1816	11	11	10.555	7.721	151.284	0.649	1.367	0.731	0.757
284	145	15.179	8.238	1	39	97.983	1969	1835	17	21	16.806	10.985	113.310	0.190	1.530	0.654	0.539
285	133	38.083	13.563	1	67	48.527	2049	1856	14	15	13.264	12.767	100.720	0.710	1.039	0.963	0.811
286	33	22.545	8.511	3	38	23.799	305	1859	9	6	8.753	4.800	3.095	0.732	1.823	0.548	0.750
287	1850	22.573	11.444	0	61	194.309	1989	1865	54	49	51.272	45.941	1.770	0.616	1.116	0.896	0.890
288	22	23.864	10.329	2	40	17.556	3505	1874	6	6	6.513	4.301	133.969	0.897	1.514	0.660	0.800
289	100	64.490	16.669	16	96	37.213	3062	1880	11	12	12.870	9.893	57.745	0.907	1.301	0.769	0.905
290	374	56.409	21.455	5	104	85.497	3144	1881	28	20	28.150	16.916	18.767	0.643	1.664	0.601	0.863
291	123	22.626	10.987	2	53	49.113	2868	1882	16	14	18.614	8.413	41.339	0.641	2.212	0.452	0.799
292	20	21.750	9.530	5	39	20.142	2586	1886	8	5	7.353	3.463	156.821	0.619	2.123	0.471	0.714
293	29	34.034	8.990	14	47	20.728	589	1887	8	5	8.147	4.532	12.027	0.848	1.798	0.556	0.879
294	627	38.775	15.351	3	84	102.225	1045	1888	28	31	31.319	25.490	106.643	0.754	1.229	0.814	0.898
295	500	32.420	13.819	1	68	97.397	2151	1890	28	28	28.837	22.077	51.484	0.662	1.306	0.766	0.865
296	86	68.756	19.008	10	111	37.456	2742	1904	13	10	13.051	8.390	3.774	0.770	1.555	0.643	0.835
297	30	32.567	11.422	6	57	24.971	253	1915	8	7	7.806	4.893	167.409	0.605	1.595	0.627	0.690
298	197	30.076	13.244	3	63	69.598	836	1917	20	20	20.283	12.366	120.132	0.511	1.640	0.610	0.720
299	262	19.149	8.011	2	48	87.154	992	1920	25	22	25.576	13.043	148.141	0.433	1.961	0.510	0.734
300	24	29.500	10.321	4	48	18.728	3759	1925	7	5	7.755	3.941	20.990	0.860	1.968	0.508	0.842
301	71	43.577	14.850	7	80	32.385	2863	1926	10	10	10.222	8.844	75.508	0.851	1.156	0.865	0.866
302	23	32.217	10.821	10	50	18.142	2670	1935	7	5	7.501	3.904	152.567	0.878	1.921	0.520	0.821
303	23	24.609	11.357	4	45	18.728	2510	1937	7	5	6.724	4.355	22.413	0.824	1.544	0.648	0.821
304	17	33.176	9.554	14	51	15.899	2980	1958	6	4	6.108	3.544	14.831	0.845	1.724	0.580	0.829
305	891	24.501	10.997	0	55	166.995	3340	1979	39	46	39.848	28.470	115.209	0.401	1.400	0.714	0.759
306	45	38.044	12.579	15	69	27.556	3973	1992	10	7	10.216	5.609	168.377	0.745	1.821	0.549	0.804
307	17	19.882	6.772	2	29	15.314	1269	1994	4	6	6.071	3.565	81.475	0.911	1.703	0.587	0.850
308	16	31.375	13.366	16	52	14.728	3471	2002	6	4	5.739	3.550	170.397	0.927	1.617	0.619	0.842
309	496	52.500	24.945	2	130	108.225	105	2007	27	33	36.147	17.471	58.882	0.532	2.069	0.483	0.822
310	99	29.980	11.927	4	62	39.213	3301	2007	10	14	14.230	8.858	79.182	0.809	1.606	0.622	0.861
311	373	49.220	18.318	3	92	96.569	3945	2014	23	29	23.146	20.519	105.241	0.503	1.128	0.887	0.780
312	261	49.172	18.648	3	92	78.669	2817	2028	30	17	30.876	10.763	21.303	0.530	2.869	0.349	0.789
313	75	26.453	12.102	0	54	33.456	1270	2035	11	11	10.091	9.463	36.388	0.842	1.066	0.938	0.843
314	156	39.596	14.773	2	75	51.456	2261	2040	17	14	17.268	11.503	22.348	0.740	1.501	0.666	0.834
315	30	18.433	9.744	1	39	22.385	3988	2041	8	6	7.071	5.402	24.029	0.752	1.309	0.764	0.759
316	252	16.099	8.393	1	36	88.569	2958	2049	19	23	18.991	16.895	111.855	0.404	1.124	0.890	0.757
317	518	26.432	11.896	2	61	104.569	3476	2054	29	26	29.246	22.552	164.557	0.595	1.297	0.771	0.844
318	173	55.815	17.791	11	96	50.284	571	2068	17	14	16.699	13.191	12.994	0.860	1.266	0.790	0.892
319	74	48.486	15.618	0	78	32.627	1999	2071	12	9	11.197	8.415	20.353	0.874	1.331	0.752	0.876
320	4647	43.837	24.337	0	149	371.546	2995	2079	98	78	96.195	61.508	168.321	0.423	1.564	0.639	0.772
321	30	22.300	10.505	6	51	23.556	2006	2084	8	6	8.874	4.304	24.993	0.679	2.062	0.485	0.759
322	28	14.357	6.499	2	28	27.556	690	2091	10	7	7.619	4.679	157.732	0.463	1.628	0.614	0.615
323	533	30.659	15.779	0	80	100.225	1447	2091	31	31	28.520	23.795	71.672	0.667	1.199	0.834	0.826
324	17	26.412	10.966	4	44	18.142	930	2094	6	5	5.266	4.111	28.947	0.649	1.281	0.781	0.694
325	98	30.194	12.250	5	53	40.870	1859	2097	14	11	13.087	9.535	4.035	0.737	1.373	0.729	0.817
326	80	35.700	12.068	4	71	34.385	522	2103	12	9	11.886	8.570	176.379	0.850	1.387	0.721	0.884
327	29	26.690	9.699	10	45	21.314	231	2112	7	6	7.388	4.998	176.409	0.802	1.478	0.677	0.841
328	20	18.300	11.286	4	41	17.314	1349	2137	5	6	5.530	4.605	87.441	0.838	1.201	0.833	0.816
329	58	18.552	9.850	3	41	41.456	3323	2139	9	12	9.753	7.572	69.660	0.424	1.288	0.776	0.699
330	643	59.120	25.698	1	125	103.397	2312	2140	33	30	34.693	23.598	138.308	0.756	1.470	0.680	0.904
331	90	41.767	19.927	7	87	53.941	3481	2140	18	15	17.584	6.517	36.064	0.389	2.698	0.371	0.604
332	21	13.810	6.875	5	35	18.728	833	2146	7	5	5.711	4.682	160.769	0.752	1.220	0.820	0.764
333	778	24.545	11.306	1	67	121.782	1099	2148	37	35	32.242	30.723	166.032	0.659	1.049	0.953	0.856
334	1483	24.959	11.824	0	68	199.865	1369	2154	40	59	56.310	33.533	103.260	0.467	1.679	0.596	0.840
335	34	47.176	12.710	20	73	21.556	2587	2154	8	6	8.430	5.135	164.553	0.919	1.642	0.609	0.861
336	1328	39.279	21.037	0	104	173.924	3675	2160	63	40	57.744	29.282	7.734	0.552	1.972	0.507	0.835
337	23	16.391	7.024	3	31	20.142	102	2161	6	7	6.107	4.795	71.376	0.712	1.274	0.785	0.742
338	5636	30.745	15.019	0	84	432.659	2805	2163	137	74	118.615	60.498	173.256	0.378	1.961	0.510	0.808
339	67	32.418	12.087	3	61	36.042	2053	2176	14	9	14.075	6.061	157.901	0.648	2.322	0.431	0.817
340	375	37.189	15.783	2	86	76.426	3799	2180	26	20	24.952	19.135	176.553	0.807	1.304	0.767	0.903
341	139	21.626	10.039	0	50	62.184	334	2183	20	11	19.375	9.135	175.729	0.452	2.121	0.471	0.730
342	27	32.889	14.303	3	53	19.899	2932	2183	8	4	8.052	4.270	10.532	0.857	1.886	0.530	0.931
343	78	24.974	9.224	7	51	37.456	2092	2188	14	10	13.342	7.444	21.101	0.699	1.792	0.558	0.800
344	21	25.952	9.287	14	43	17.314	1058	2194	7	4	6.975	3.833	22.294	0.880	1.820	0.550	0.894
345	471	43.703	19.139	2	96	92.912	1693	2200	34	21	33.138	18.097	10.592	0.686	1.831	0.546	0.885
346	1495	48.524	26.092	0	139	190.409	2930	2202	67	41	55.492	34.302	14.771	0.518	1.618	0.618	0.831
347	65	34.738	11.160	2	62	30.042	1982	2210	11	9	10.389	7.966	19.958	0.905	1.304	0.767	0.844
348	6143	31.448	17.972	0	112	376.818	3423	2234	106	90	98.512	79.396	10.365	0.544	1.241	0.806	0.870
349	159	47.465	17.161	1	83	57.941	2169	2242	23	11	21.326	9.493	170.680	0.595	2.247	0.445	0.835
350	6747	40.988	38.436	0	155	376.718	631	2243	109	101	111.360	77.142	34.533	0.597	1.444	0.693	0.897
351	191	36.948	14.582	2	65	53.941	1925	2253	19	15	17.436	13.947	15.550	0.825	1.250	0.800	0.868
352	21	19.095	9.808	2	35	20.142	3370	2257	6	7	5.357	4.991	55.373	0.650	1.073	0.932	0.689
353	42	42.976	10.069	12	64	24.142	3323	2277	8	7	7.826	6.834	28.245	0.906	1.145	0.873	0.875
354	48	31.854	12.207	10	51	26.971	1118	2280	10	7	9.768	6.256	20.573	0.829	1.561	0.640	0.835
355	21	24.048	13.086	2	56	17.556	2909	2281	6	6	5.445	4.910	48.972	0.856	1.109	0.902	0.764
356	177	34.475	14.694	1	82	63.355	1908	2312	22	15	20.641	10.918	32.512	0.554	1.890	0.529	0.785
357	346	14.922	7.944	0	39	84.426	1734	2322	23	26	24.741	17.806	130.316	0.610	1.389	0.720	0.829
358	147	13.272	6.933	1	32	81.841	3103	2327	21	17	16.511	11.336	175.768	0.276	1.457	0.687	0.607
359	61	23.885	9.292	5	52	30.627	2582	2336	11	9	9.807	7.920	11.411	0.817	1.238	0.808	0.808
360	64	27.438	10.005	7	48	30.385	2267	2345	10	9	10.111	8.059	17.853	0.871	1.255	0.797	0.883
361	293	23.819	10.827	0	55	83.255	1042	2349	23	21	21.620	17.255	99.848	0.531	1.253	0.798	0.746
362	36	45.028	13.606	17	70	22.728	188	2354	8	6	8.054	5.691	159.539	0.876	1.415	0.707	0.889
363	44	43.045	17.555	2	68	27.556	1458	2354	9	8	9.815	5.708	20.401	0.728	1.719	0.582	0.793
364	427	15.813	8.924	0	42	91.983	767	2363	28	22	26.633	20.413	0.566	0.634	1.305	0.766	0.851
365	79	47.177	13.825	10	79	35.456	2178	2390	13	10	12.081	8.326	165.841	0.790	1.451	0.689	0.814
366	2571	36.363	24.522	0	108	334.333	596	2398	98	57	81.452	40.189	169.694	0.289	2.027	0.493	0.715
367	8733	38.919	22.399	0	121	554.742	1418	2421	111	126	128.631	86.443	54.585	0.357	1.488	0.672	0.819
368	37	55.216	14.568	25	85	24.142	3391	2424	8	7	7.664	6.147	150.028	0.798	1.247	0.802	0.813
369	35	27.286	10.013	12	47	27.556	3407	2427	8	9	7.412	6.012	91.501	0.579	1.233	0.811	0.686
370	67	71.015	16.038	25	101	30.142	2645	2438	10	8	10.444	8.168	172.034	0.927	1.279	0.782	0.924
371	1814	25.834	12.023	0	78	197.966	1944	2448	52	49	56.003	41.242	39.578	0.582	1.358	0.736	0.882
372	65	35.092	13.783	8	62	36.627	2431	2448	15	8	14.372	5.758	16.721	0.609	2.496	0.401	0.793
373	40	50.100	14.192	12	74	24.142	3459	2470	9	6	8.935	5.700	161.007	0.862	1.568	0.638	0.860
374	385	26.423	10.473	1	55	82.426	3195	2485	25	22	25.535	19.197	6.232	0.712	1.330	0.752	0.875
375	831	24.779	12.688	2	69	151.924	1560	2496	30	47	43.274	24.450	84.045	0.452	1.770	0.565	0.794
376	414	24.674	11.229	2	54	98.569	2067	2507	25	29	27.142	19.421	65.740	0.535	1.398	0.716	0.792
377	1245	34.669	16.140	0	102	155.439	2239	2510	44	44	45.293	34.998	145.544	0.648	1.294	0.773	0.881
378	23	19.304	6.852	3	32	17.314	2138	2520	6	5	6.124	4.782	26.236	0.964	1.281	0.781	0.868
379	36	38.528	13.532	2	64	24.971	2052	2528	9	7	9.072	5.052	148.302	0.726	1.796	0.557	0.766
380	238	52.353	24.236	3	104	64.426	1516	2535	18	19	17.644	17.175	88.999	0.721	1.027	0.973	0.862
381	60	35.900	15.061	4	71	32.142	2699	2536	13	6	12.850	5.945	12.823	0.730	2.161	0.463	0.889
382	767	47.755	21.775	3	124	115.539	2432	2540	37	34	39.583	24.671	43.820	0.722	1.604	0.623	0.888
383	44	12.727	6.514	2	27	50.042	1584	2548	13	9	8.822	6.350	23.316	0.221	1.389	0.720	0.515
384	859	24.397	10.857	0	63	152.167	2570	2562	34	42	42.115	25.970	72.712	0.466	1.622	0.617	0.788
385	19	18.368	7.646	7	33	16.485	2748	2564	6	4	6.739	3.590	165.660	0.879	1.877	0.533	0.884
386	45	43.244	15.835	5	75	25.556	432	2571	9	7	9.305	6.158	151.889	0.866	1.511	0.662	0.865
387	27	20.148	9.330	4	41	22.728	2115	2573	7	7	7.733	4.446	134.348	0.657	1.739	0.575	0.730
388	22	20.682	8.747	9	36	19.314	2559	2575	7	5	6.038	4.639	39.578	0.741	1.302	0.768	0.800
389	204	22.760	9.963	3	50	88.569	3970	2577	21	19	19.061	13.627	27.475	0.327	1.399	0.715	0.693
390	65	17.185	9.022	1	38	51.355	2369	2580	12	12	9.630	8.594	136.187	0.310	1.120	0.892	0.599
391	198	41.525	17.610	2	92	56.284	2484	2590	15	17	17.237	14.626	88.744	0.785	1.179	0.849	0.884
392	85	26.988	15.372	1	64	39.698	3425	2593	13	12	13.798	7.844	134.993	0.678	1.759	0.568	0.794
393	226	31.208	11.129	6	59	62.426	2873	2596	21	16	19.667	14.631	4.686	0.729	1.344	0.744	0.845
394	19	30.158	11.344	12	54	18.728	2362	2604	7	4	7.159	3.379	178.395	0.681	2.119	0.472	0.760
395	75	73.293	18.332	20	114	33.799	1801	2608	12	9	11.775	8.110	2.082	0.825	1.452	0.689	0.857
396	28	21.214	11.599	1	41	23.799	2117	2629	9	6	8.308	4.291	158.653	0.621	1.936	0.516	0.691
397	31	19.806	11.937	3	54	23.556	843	2631	6	9	8.362	4.720	96.913	0.702	1.771	0.565	0.756
398	80	16.000	8.563	3	41	40.870	3342	2636	11	12	10.816	9.417	133.383	0.602	1.149	0.871	0.762
399	120	37.558	15.510	2	79	46.284	2208	2642	17	10	16.379	9.328	175.329	0.704	1.756	0.570	0.851
400	17	24.000	7.280	14	37	15.071	1867	2656	5	4	5.666	3.820	15.652	0.941	1.483	0.674	0.919
401	399	29.737	11.591	2	67	89.154	3332	2681	28	24	28.891	17.584	146.154	0.631	1.643	0.609	0.840
402	115	22.139	10.045	2	50	57.355	2569	2686	15	14	14.004	10.456	35.803	0.439	1.339	0.747	0.726
403	56	40.286	10.508	17	60	27.799	3772	2699	9	9	10.205	6.987	128.421	0.911	1.461	0.685	0.875
404	186	57.538	22.231	4	104	64.184	262	2717	22	16	19.091	12.405	14.468	0.567	1.539	0.650	0.758
405	27	14.111	7.224	2	28	27.799	1305	2755	11	6	9.474	3.629	14.961	0.439	2.611	0.383	0.621
406	31	42.387	10.541	16	63	33.314	1	2776	5	14	11.262	3.505	93.154	0.351	3.213	0.311	0.639
407	111	78.135	19.705	11	117	40.042	148	2784	13	11	13.268	10.652	148.094	0.870	1.246	0.803	0.892
408	2272	34.260	15.961	1	91	252.149	1644	2802	73	50	69.162	41.827	166.964	0.449	1.654	0.605	0.814
409	1891	30.065	14.854	0	81	234.936	242	2804	76	40	75.120	32.051	13.119	0.431	2.344	0.427	0.846
410	18	16.333	11.621	4	51	25.213	417	2807	9	5	7.050	3.251	1.137	0.356	2.169	0.461	0.500
411	609	22.606	10.946	1	54	106.225	1192	2815	27	34	33.763	22.966	76.239	0.678	1.470	0.680	0.871
412	19	33.053	9.228	18	55	17.314	2533	2824	7	4	6.244	3.874	17.279	0.796	1.612	0.621	0.844
413	155	54.316	24.326	5	114	55.355	202	2826	17	15	16.544	11.929	156.520	0.636	1.387	0.721	0.789
414	56	24.161	12.430	5	48	36.627	3286	2833	14	7	12.932	5.513	173.780	0.525	2.346	0.426	0.747
415	20	20.700	10.245	5	41	17.556	3018	2841	7	5	6.034	4.221	170.116	0.815	1.430	0.700	0.769
416	588	14.974	8.022	0	45	119.539	2383	2846	33	27	31.240	23.965	23.909	0.517	1.304	0.767	0.838
417	30	39.267	12.066	14	64	20.971	1179	2855	7	7	6.538	5.842	23.982	0.857	1.119	0.894	0.789
418	21	21.476	12.176	2	42	18.142	201	2869	6	6	5.316	5.029	0.597	0.802	1.057	0.946	0.750
419	28	32.786	11.701	7	52	20.142	525	2883	7	6	6.291	5.667	1.606	0.867	1.110	0.901	0.824
420	5393	38.625	20.700	0	109	495.529	3567	2890	113	109	97.464	70.452	141.718	0.276	1.383	0.723	0.653
421	50	36.660	15.394	5	68	26.971	1149	2892	8	9	8.513	7.478	83.991	0.864	1.138	0.879	0.855
422	45	40.533	11.367	13	66	25.556	1635	2898	9	7	8.817	6.498	7.138	0.866	1.357	0.737	0.857
423	534	53.249	21.130	4	114	120.225	2131	2913	44	19	43.761	15.537	178.183	0.464	2.817	0.355	0.785
424	178	17.382	7.838	0	38	59.012	3423	2926	19	17	18.030	12.570	41.430	0.642	1.434	0.697	0.804
425	1914	40.032	23.526	1	126	269.321	230	2927	68	58	52.736	46.211	38.206	0.332	1.141	0.876	0.723
426	92	32.130	14.683	1	71	37.456	310	2932	12	12	11.064	10.587	35.399	0.824	1.045	0.957	0.836
427	149	18.973	9.709	0	50	53.355	1053	2934	16	15	14.882	12.748	0.462	0.658	1.167	0.857	0.808
428	76	28.645	11.704	5	52	36.870	3415	2948	11	12	11.248	8.603	120.545	0.703	1.307	0.765	0.788
429	415	32.634	18.810	1	93	82.669	1499	2959	31	19	29.680	17.803	177.205	0.763	1.667	0.600	0.907
430	43	41.488	15.412	6	66	23.799	2019	2959	8	8	8.137	6.728	50.583	0.954	1.209	0.827	0.869
431	541	30.105	13.011	1	64	97.640	2436	2973	30	25	29.959	22.992	18.160	0.713	1.303	0.767	0.889
432	573	30.571	14.049	1	70	111.255	2620	2975	39	24	36.933	19.754	158.788	0.582	1.870	0.535	0.868
433	502	44.910	15.899	5	85	157.154	2099	2983	65	16	56.032	11.407	174.775	0.255	4.912	0.204	0.740
