 	Area	Mean	StdDev	Min	Max	Perim.	BX	BY	Width	Height	Major	Minor	Angle	Circ.	AR	Round	Solidity
1	786	19.050	8.582	0	46	128.225	668	1	38	29	36.844	27.162	23.450	0.601	1.356	0.737	0.869
2	3321	26.280	13.232	0	90	311.664	1388	1	79	63	74.111	57.055	166.392	0.430	1.299	0.770	0.839
3	50	57.940	24.938	6	106	44.385	1652	1	20	4	18.077	3.522	0.283	0.319	5.133	0.195	0.752
4	463	16.693	8.193	1	45	132.610	520	3	24	37	32.164	18.328	110.835	0.331	1.755	0.570	0.740
5	4063	40.825	21.781	0	125	294.635	3395	4	85	81	83.990	61.593	31.905	0.588	1.364	0.733	0.882
6	61	28.852	9.709	8	50	31.213	2043	5	11	9	10.244	7.582	153.890	0.787	1.351	0.740	0.819
7	99	12.919	6.512	1	30	43.213	266	9	13	12	12.647	9.967	173.375	0.666	1.269	0.788	0.815
8	65	43.431	13.775	16	75	30.042	1347	9	9	11	10.478	7.898	78.231	0.905	1.327	0.754	0.855
9	3875	29.571	14.155	0	82	298.735	812	14	80	76	75.288	65.532	52.691	0.546	1.149	0.870	0.875
10	47	13.574	6.368	3	34	44.284	3197	23	8	14	11.954	5.006	103.798	0.301	2.388	0.419	0.556
11	75	36.520	13.209	7	63	38.042	956	27	9	15	14.924	6.399	66.300	0.651	2.332	0.429	0.829
12	57	25.632	9.039	5	46	30.971	2295	31	11	8	9.498	7.641	18.526	0.747	1.243	0.805	0.809
13	31	16.871	8.917	2	40	24.971	3354	34	8	6	7.529	5.243	24.371	0.625	1.436	0.696	0.738
14	69	17.449	8.776	1	39	39.456	802	37	10	13	13.550	6.484	61.101	0.557	2.090	0.479	0.719
15	48	25.833	10.073	3	44	27.556	3910	37	7	10	9.751	6.268	71.221	0.794	1.556	0.643	0.842
16	94	20.085	9.409	3	41	51.113	1268	46	13	18	17.616	6.794	65.311	0.452	2.593	0.386	0.669
17	244	63.500	18.130	13	111	61.355	3246	52	18	20	18.995	16.355	86.636	0.815	1.161	0.861	0.882
18	998	18.518	9.051	1	46	151.338	3862	53	44	37	40.920	31.053	145.908	0.548	1.318	0.759	0.850
19	951	26.445	11.544	0	64	151.095	3120	67	37	42	38.542	31.416	65.005	0.523	1.227	0.815	0.856
20	20	18.150	8.610	5	34	18.728	3549	69	6	6	6.234	4.085	20.414	0.717	1.526	0.655	0.727
21	32	16.469	7.287	5	38	27.213	585	70	9	9	10.490	3.884	45.125	0.543	2.701	0.370	0.688
22	7269	28.366	15.496	0	87	426.659	1322	72	109	94	98.678	93.791	27.159	0.502	1.052	0.950	0.876
23	963	16.976	8.661	0	44	146.853	459	83	43	36	41.213	29.751	20.057	0.561	1.385	0.722	0.850
24	33	25.273	8.446	10	42	21.314	126	91	7	6	6.872	6.114	46.190	0.913	1.124	0.890	0.892
25	170	50.653	17.574	10	105	51.113	2657	103	15	17	15.917	13.599	73.398	0.818	1.170	0.854	0.876
26	236	44.343	20.203	4	106	69.255	1646	107	20	21	18.981	15.831	129.786	0.618	1.199	0.834	0.808
27	16613	28.001	17.420	0	109	661.252	3197	107	172	162	176.105	120.112	32.946	0.477	1.466	0.682	0.870
28	155	15.161	8.086	1	40	75.841	3194	135	17	24	24.408	8.085	57.388	0.339	3.019	0.331	0.672
29	57	30.649	11.238	12	62	28.142	3902	136	7	10	9.965	7.283	79.151	0.904	1.368	0.731	0.912
30	137	15.161	7.444	2	32	56.184	2106	139	16	16	14.096	12.374	28.254	0.545	1.139	0.878	0.733
31	117	37.043	13.952	4	74	43.698	1517	143	12	16	15.112	9.858	73.320	0.770	1.533	0.652	0.848
32	108	45.250	12.292	9	79	39.698	1693	151	13	13	14.396	9.552	47.558	0.861	1.507	0.663	0.864
33	16	19.562	10.145	5	39	16.728	1163	157	5	6	6.084	3.349	53.677	0.719	1.817	0.550	0.711
34	42	26.667	9.238	6	43	28.385	2876	159	7	9	8.904	6.006	79.806	0.655	1.482	0.675	0.764
35	5674	28.167	13.206	0	79	385.203	1814	198	111	74	109.746	65.828	170.100	0.481	1.667	0.600	0.899
36	9368	29.520	15.258	0	87	634.968	2442	202	144	119	149.980	79.529	30.456	0.292	1.886	0.530	0.716
37	112	14.982	7.012	3	31	54.770	1795	211	16	17	16.163	8.823	48.656	0.469	1.832	0.546	0.669
38	23	22.000	9.060	7	36	18.728	1648	213	6	6	6.023	4.862	71.540	0.824	1.239	0.807	0.807
39	28	21.786	8.757	8	39	22.385	3618	215	7	8	6.606	5.397	101.815	0.702	1.224	0.817	0.727
40	330	20.148	9.832	1	50	105.640	34	216	24	30	33.954	12.375	53.369	0.372	2.744	0.364	0.728
41	293	47.939	16.939	7	87	68.426	3384	219	23	18	22.555	16.540	17.308	0.786	1.364	0.733	0.888
42	92	34.522	12.753	11	69	38.870	1779	235	12	12	11.477	10.207	44.430	0.765	1.124	0.889	0.836
43	49	17.000	9.392	2	40	29.556	3729	240	9	9	10.008	6.234	70.161	0.705	1.605	0.623	0.778
44	121	29.116	12.763	1	57	43.698	3768	243	12	15	14.537	10.598	67.940	0.796	1.372	0.729	0.849
45	49	33.327	12.166	2	69	29.799	2305	269	9	10	9.174	6.801	41.168	0.693	1.349	0.741	0.760
46	557	19.838	8.748	0	46	115.296	1065	270	28	30	27.736	25.570	78.980	0.527	1.085	0.922	0.843
47	582	21.808	10.177	1	51	116.125	1580	271	27	35	31.850	23.266	68.329	0.542	1.369	0.731	0.831
48	29	16.379	9.151	3	45	32.870	141	273	10	9	9.166	4.028	137.496	0.337	2.275	0.439	0.504
49	76	38.658	12.801	3	65	34.042	3759	276	11	11	10.953	8.834	29.921	0.824	1.240	0.807	0.844
50	22	16.182	7.294	3	29	16.728	1265	293	5	6	5.962	4.698	108.525	0.988	1.269	0.788	0.863
51	1670	41.337	20.710	0	91	218.794	124	295	62	47	56.718	37.489	21.135	0.438	1.513	0.661	0.780
52	37	31.027	11.456	3	52	24.385	3765	300	8	8	7.713	6.108	52.927	0.782	1.263	0.792	0.779
53	21	22.190	9.395	7	41	18.142	1345	302	6	6	5.982	4.469	55.879	0.802	1.338	0.747	0.778
54	3641	35.587	19.822	0	110	341.848	3934	303	65	92	91.080	50.899	112.538	0.392	1.789	0.559	0.808
55	6462	42.161	22.823	0	122	574.340	2733	321	147	105	115.820	71.039	13.697	0.246	1.630	0.613	0.612
56	12955	31.832	17.897	0	107	730.164	3404	323	182	141	183.933	89.678	15.135	0.305	2.051	0.488	0.749
57	1664	46.773	22.356	0	118	187.823	2540	325	57	46	55.391	38.249	11.870	0.593	1.448	0.691	0.873
58	2428	25.428	11.995	0	67	250.350	2631	339	83	42	81.681	37.848	3.862	0.487	2.158	0.463	0.845
59	20	17.350	7.169	5	31	18.728	2163	340	6	6	6.941	3.669	48.297	0.717	1.892	0.529	0.727
60	37	17.892	9.463	1	42	25.556	122	345	8	7	7.729	6.095	13.780	0.712	1.268	0.789	0.796
61	1632	52.129	29.077	1	133	204.409	135	348	37	77	72.495	28.663	79.169	0.491	2.529	0.395	0.849
62	294	39.401	14.848	3	76	71.598	724	355	22	19	20.918	17.895	24.933	0.721	1.169	0.856	0.865
63	155	33.316	12.195	3	69	51.698	120	359	14	17	18.043	10.938	56.693	0.729	1.650	0.606	0.845
64	247	25.530	14.531	2	66	91.740	345	361	31	15	28.728	10.947	179.273	0.369	2.624	0.381	0.742
65	58	42.914	11.546	15	63	29.213	2912	365	10	9	9.883	7.472	35.392	0.854	1.323	0.756	0.847
66	2254	33.919	15.643	0	93	239.664	3786	375	52	69	64.358	44.592	89.900	0.493	1.443	0.693	0.839
67	286	40.038	16.536	3	84	83.497	3138	386	15	30	29.219	12.463	93.840	0.516	2.345	0.427	0.799
68	25	14.720	7.749	1	31	21.314	652	389	6	7	6.272	5.075	39.345	0.692	1.236	0.809	0.746
69	29	20.759	11.051	5	44	24.385	3363	390	8	8	7.245	5.097	46.818	0.613	1.422	0.703	0.674
70	220	61.409	18.324	15	106	63.012	283	393	19	19	21.595	12.971	52.021	0.696	1.665	0.601	0.841
71	143	42.119	16.388	3	88	47.456	883	396	16	13	16.207	11.234	24.469	0.798	1.443	0.693	0.864
72	261	14.682	7.672	0	39	134.368	2059	400	20	32	22.499	14.770	78.742	0.182	1.523	0.656	0.591
73	104	34.154	13.832	6	68	44.284	1293	406	14	13	15.068	8.788	41.910	0.666	1.715	0.583	0.809
74	18	20.722	8.525	5	34	20.971	2867	412	6	7	6.910	3.317	58.161	0.514	2.083	0.480	0.610
75	1336	42.490	24.676	1	121	161.439	2418	416	33	59	58.413	29.121	79.719	0.644	2.006	0.499	0.903
76	61	29.672	10.523	4	54	32.627	233	429	11	9	9.666	8.035	26.718	0.720	1.203	0.831	0.792
77	1005	19.297	9.748	0	51	171.480	2506	462	47	38	44.777	28.577	18.675	0.429	1.567	0.638	0.810
78	37	27.784	9.452	12	49	25.799	1377	463	9	8	9.394	5.015	35.908	0.699	1.873	0.534	0.755
79	115	32.983	15.103	1	73	49.113	2229	464	14	16	18.508	7.911	44.433	0.599	2.339	0.427	0.819
80	1014	52.749	26.830	2	137	159.095	3704	465	43	50	60.194	21.448	50.919	0.503	2.806	0.356	0.794
81	91	13.967	6.529	0	30	64.770	3272	499	13	18	15.369	7.539	60.135	0.273	2.039	0.491	0.574
82	31	15.645	7.251	4	32	24.142	3053	500	8	6	8.164	4.835	22.051	0.668	1.689	0.592	0.785
83	1997	32.023	16.096	0	87	209.865	2405	502	64	53	62.055	40.974	150.345	0.570	1.514	0.660	0.850
84	182	58.027	16.196	12	94	51.355	3882	506	18	15	17.841	12.988	25.461	0.867	1.374	0.728	0.886
85	472	49.525	19.026	2	101	97.983	3704	525	27	28	28.451	21.123	131.467	0.618	1.347	0.742	0.843
86	467	45.512	21.139	4	101	96.811	2493	527	22	36	35.593	16.706	69.020	0.626	2.131	0.469	0.851
87	91	29.857	12.664	6	57	42.870	2591	529	14	13	15.815	7.326	47.309	0.622	2.159	0.463	0.778
88	268	72.451	23.079	5	131	66.770	261	545	19	22	22.913	14.892	56.149	0.755	1.539	0.650	0.876
89	78	28.282	10.428	4	60	37.456	199	556	11	12	11.859	8.374	138.371	0.699	1.416	0.706	0.800
90	29	15.586	5.692	5	28	31.213	3055	556	8	8	7.654	4.824	43.033	0.374	1.587	0.630	0.604
91	2517	49.308	26.296	1	137	276.978	3105	565	93	50	83.017	38.604	3.095	0.412	2.150	0.465	0.767
92	656	16.841	8.552	0	42	139.581	1724	573	35	34	30.476	27.407	16.794	0.423	1.112	0.899	0.802
93	55	20.545	10.360	2	48	39.456	3071	576	12	11	10.028	6.984	43.280	0.444	1.436	0.696	0.643
94	327	33.187	15.234	1	69	96.225	3030	577	35	18	32.717	12.726	11.122	0.444	2.571	0.389	0.730
95	24	14.833	7.026	4	31	22.142	16	601	7	7	7.053	4.333	45.869	0.615	1.628	0.614	0.667
96	6205	37.668	21.282	0	112	412.174	499	610	93	109	99.230	79.617	108.294	0.459	1.246	0.802	0.842
97	113	13.894	6.722	0	31	65.012	1527	623	18	15	13.715	10.490	177.929	0.336	1.307	0.765	0.598
98	188	21.920	9.704	1	48	54.770	243	628	15	20	18.418	12.997	67.695	0.788	1.417	0.706	0.858
99	21	15.190	6.194	4	31	18.485	1737	631	5	6	6.963	3.840	74.657	0.772	1.813	0.552	0.824
100	90	27.411	10.190	7	48	42.627	1882	634	10	15	12.311	9.308	103.891	0.622	1.323	0.756	0.773
101	375	47.880	21.435	1	99	99.983	2859	643	27	26	25.091	19.029	124.522	0.471	1.319	0.758	0.776
102	1097	48.352	24.565	1	126	160.167	1524	644	37	56	56.004	24.940	67.680	0.537	2.246	0.445	0.833
103	400	18.038	9.593	1	46	105.983	3774	644	23	35	29.885	17.042	92.674	0.448	1.754	0.570	0.706
104	2870	32.748	16.435	0	106	291.321	2423	652	51	89	91.247	40.047	78.259	0.425	2.278	0.439	0.808
105	51	16.784	8.773	1	32	30.627	154	653	8	12	10.669	6.086	75.522	0.683	1.753	0.570	0.745
106	181	57.735	17.845	3	95	54.184	1051	670	13	20	18.904	12.191	75.037	0.775	1.551	0.645	0.872
107	43	32.930	12.531	2	54	24.971	2194	678	8	8	8.624	6.349	32.978	0.867	1.358	0.736	0.835
108	2107	26.523	12.133	0	69	268.735	3398	678	58	60	62.010	43.262	46.764	0.367	1.433	0.698	0.798
109	199	20.201	8.796	2	42	63.355	3272	679	18	17	16.735	15.140	32.596	0.623	1.105	0.905	0.812
110	54	14.481	6.200	2	37	37.213	2727	680	12	9	11.164	6.159	25.001	0.490	1.813	0.552	0.679
111	19	20.158	7.403	4	34	19.314	2080	681	6	6	6.879	3.517	39.993	0.640	1.956	0.511	0.717
112	175	16.880	8.040	2	41	80.912	3341	682	24	17	18.270	12.196	16.950	0.336	1.498	0.668	0.634
113	1239	33.153	16.965	0	83	183.966	214	684	56	41	56.403	27.969	26.677	0.460	2.017	0.496	0.786
114	67	36.672	12.947	7	62	36.284	2912	686	10	13	13.678	6.237	61.008	0.640	2.193	0.456	0.744
115	68	20.868	10.448	2	46	36.870	1923	689	10	12	12.247	7.070	59.117	0.629	1.732	0.577	0.777
116	4984	39.620	20.559	0	124	342.191	2628	700	89	81	88.946	71.345	34.255	0.535	1.247	0.802	0.854
117	329	40.748	15.276	1	83	82.083	1512	706	28	19	30.066	13.933	15.865	0.614	2.158	0.463	0.829
118	3499	43.005	22.623	1	119	319.120	2334	707	75	81	74.068	60.149	149.811	0.432	1.231	0.812	0.773
119	36	18.139	6.330	7	29	24.142	2908	708	9	6	8.329	5.503	13.836	0.776	1.514	0.661	0.837
120	272	24.360	12.565	0	60	104.468	1052	734	37	25	41.683	8.308	30.568	0.313	5.017	0.199	0.733
121	21	17.524	7.973	6	34	19.314	1542	736	5	7	6.906	3.872	93.225	0.707	1.783	0.561	0.750
122	128	19.906	8.968	1	47	59.698	3597	736	16	14	13.384	12.176	80.539	0.451	1.099	0.910	0.725
123	151	33.291	13.430	4	64	55.941	36	739	15	20	19.144	10.043	63.025	0.606	1.906	0.525	0.793
124	21	14.952	7.858	2	28	18.728	1757	740	6	6	5.664	4.721	120.911	0.752	1.200	0.834	0.778
125	310	36.852	20.356	2	82	97.154	957	741	29	28	36.070	10.943	38.695	0.413	3.296	0.303	0.722
126	468	43.551	21.176	1	96	87.740	3197	757	25	26	26.280	22.674	50.112	0.764	1.159	0.863	0.899
127	99	46.010	14.763	10	89	38.284	485	763	13	11	12.143	10.381	16.228	0.849	1.170	0.855	0.853
128	38	32.553	9.220	15	49	23.314	1064	771	6	8	8.735	5.539	58.710	0.879	1.577	0.634	0.884
129	72	29.431	10.678	6	50	32.971	2046	772	9	11	11.287	8.122	56.441	0.832	1.390	0.720	0.889
130	3694	45.879	24.856	0	152	335.061	2804	787	78	99	108.184	43.476	54.145	0.413	2.488	0.402	0.797
131	22	15.636	9.565	1	38	20.971	3547	800	8	6	7.352	3.810	18.757	0.629	1.929	0.518	0.698
132	403	41.861	15.117	1	84	86.426	138	821	28	22	26.568	19.313	177.300	0.678	1.376	0.727	0.863
133	504	20.669	10.059	1	55	122.711	3395	823	24	40	38.843	16.521	75.076	0.421	2.351	0.425	0.757
134	33	25.606	9.516	4	43	22.142	333	825	7	7	7.957	5.281	57.882	0.846	1.507	0.664	0.846
135	1193	19.764	9.627	1	57	154.853	1521	825	44	43	44.573	34.078	50.957	0.625	1.308	0.765	0.894
136	966	27.860	11.224	0	63	148.853	2981	857	36	39	36.015	34.151	81.218	0.548	1.055	0.948	0.856
137	5701	41.567	25.328	0	129	405.203	3731	877	103	111	119.816	60.583	45.963	0.436	1.978	0.506	0.790
138	225	33.089	13.579	2	72	64.184	153	894	20	17	21.155	13.542	26.736	0.686	1.562	0.640	0.854
139	5598	27.523	14.248	0	84	407.387	1519	899	106	108	96.431	73.914	33.941	0.424	1.305	0.766	0.784
140	38	22.184	8.686	2	37	25.556	803	901	8	8	7.574	6.388	163.661	0.731	1.186	0.843	0.768
141	45	15.756	9.071	1	42	24.728	953	915	7	8	8.877	6.455	60.571	0.925	1.375	0.727	0.909
142	282	35.238	13.589	4	69	70.426	1181	915	21	22	24.182	14.848	46.142	0.714	1.629	0.614	0.849
143	49	18.878	8.555	5	48	29.213	3639	921	9	10	9.380	6.651	53.212	0.722	1.410	0.709	0.772
144	368	43.087	18.798	1	88	96.225	2626	935	30	22	24.966	18.768	19.281	0.499	1.330	0.752	0.767
145	165	14.824	7.197	0	32	57.113	1061	937	17	16	15.903	13.210	2.237	0.636	1.204	0.831	0.807
146	55	9.982	6.513	1	22	61.113	915	939	7	24	21.024	3.331	86.807	0.185	6.312	0.158	0.453
147	90	27.889	10.428	4	50	38.870	3176	947	12	12	11.171	10.258	129.208	0.749	1.089	0.918	0.814
148	22	19.136	9.115	2	36	19.556	2975	965	6	7	6.600	4.244	54.727	0.723	1.555	0.643	0.721
149	336	28.982	14.412	0	72	73.841	3847	975	20	24	23.453	18.241	80.989	0.774	1.286	0.778	0.895
150	49	15.184	6.945	1	28	32.627	1014	976	8	11	11.166	5.588	64.898	0.578	1.998	0.500	0.731
151	68	14.456	7.884	0	38	47.698	915	986	7	17	16.463	5.259	94.376	0.376	3.130	0.319	0.680
152	55	32.345	8.945	14	46	29.213	2171	988	10	9	9.379	7.466	167.039	0.810	1.256	0.796	0.809
153	22	16.909	8.124	2	35	19.314	3553	1000	5	7	6.332	4.424	55.390	0.741	1.431	0.699	0.800
154	254	19.280	9.918	1	52	87.255	914	1009	16	30	25.253	12.807	81.919	0.419	1.972	0.507	0.760
155	21	16.429	9.657	3	37	18.142	3133	1015	6	6	6.794	3.936	127.389	0.802	1.726	0.579	0.792
156	1099	29.621	13.962	0	84	171.581	987	1017	46	43	49.065	28.519	144.081	0.469	1.720	0.581	0.777
157	2617	26.271	12.778	0	70	229.865	3257	1027	60	60	61.079	54.553	35.057	0.622	1.120	0.893	0.912
158	30	11.800	7.885	1	31	23.556	2383	1029	7	7	6.785	5.630	63.217	0.679	1.205	0.830	0.750
159	362	32.599	13.167	2	65	78.426	3030	1031	22	25	25.160	18.319	56.367	0.740	1.373	0.728	0.889
160	23	24.826	7.756	8	36	25.556	3696	1033	6	8	6.774	4.323	50.745	0.443	1.567	0.638	0.605
161	41	18.659	10.168	2	49	27.556	1277	1039	7	10	8.880	5.879	78.264	0.679	1.511	0.662	0.766
162	289	25.903	11.485	2	63	71.841	2241	1064	21	22	19.908	18.484	124.898	0.704	1.077	0.928	0.854
163	242	18.368	9.255	0	44	70.426	439	1081	20	22	19.038	16.184	83.452	0.613	1.176	0.850	0.797
164	81	31.383	15.230	4	66	36.042	713	1081	11	12	12.853	8.024	44.382	0.784	1.602	0.624	0.848
165	20	19.050	7.229	7	29	20.142	1123	1098	7	6	6.925	3.677	25.227	0.619	1.883	0.531	0.678
166	799	39.289	18.966	2	95	144.510	614	1112	32	48	40.544	25.092	92.065	0.481	1.616	0.619	0.766
167	140	15.500	7.773	1	32	52.770	1869	1115	13	18	16.908	10.542	94.377	0.632	1.604	0.624	0.795
168	309	71.874	24.432	7	119	76.326	2996	1127	22	26	28.223	13.940	48.929	0.667	2.025	0.494	0.835
169	16	17.188	5.958	7	27	27.556	362	1128	10	5	7.203	2.828	173.985	0.265	2.547	0.393	0.444
170	18	26.500	10.977	10	45	16.142	3701	1163	6	5	5.526	4.148	138.390	0.868	1.332	0.751	0.766
171	634	30.632	13.384	0	72	111.154	409	1170	32	32	38.202	21.131	49.822	0.645	1.808	0.553	0.897
172	99	13.343	6.921	2	31	62.426	2478	1171	14	17	15.597	8.082	62.711	0.319	1.930	0.518	0.625
173	867	30.178	12.737	1	67	124.711	2536	1181	34	37	39.849	27.702	48.330	0.701	1.439	0.695	0.898
174	28	34.250	12.874	15	64	20.142	2909	1188	6	7	6.884	5.179	57.306	0.867	1.329	0.752	0.824
175	5841	34.499	20.475	0	118	362.718	1754	1191	87	113	104.483	71.179	102.100	0.558	1.468	0.681	0.863
176	215	14.870	7.507	0	36	85.983	2102	1193	22	20	17.926	15.270	26.244	0.365	1.174	0.852	0.669
177	804	23.673	10.621	2	65	124.468	2422	1195	38	29	37.802	27.080	13.567	0.652	1.396	0.716	0.889
178	88	31.682	10.926	7	62	40.870	2310	1204	10	15	12.677	8.838	85.110	0.662	1.434	0.697	0.775
179	19	18.316	10.630	4	41	18.971	1743	1213	7	6	8.304	2.913	43.242	0.663	2.851	0.351	0.745
180	64	35.047	14.764	4	65	32.971	1491	1221	9	11	10.848	7.511	63.550	0.740	1.444	0.692	0.842
181	26	19.077	9.529	5	42	26.385	416	1233	7	8	6.687	4.951	64.108	0.469	1.351	0.740	0.598
182	1148	38.764	15.665	0	90	149.681	3490	1247	46	41	50.974	28.675	34.729	0.644	1.778	0.563	0.896
183	37	27.703	13.816	2	60	26.385	3593	1248	8	8	7.910	5.956	146.153	0.668	1.328	0.753	0.747
184	40	34.550	12.523	10	57	25.314	474	1251	6	9	8.719	5.841	66.698	0.784	1.493	0.670	0.870
185	3866	27.430	12.108	0	71	365.546	747	1255	90	80	91.583	53.747	37.208	0.364	1.704	0.587	0.781
186	31	26.806	13.358	4	50	22.142	1562	1261	6	8	8.322	4.743	56.125	0.795	1.755	0.570	0.816
187	49	17.796	9.018	5	42	33.213	2285	1274	10	10	8.069	7.732	55.397	0.558	1.044	0.958	0.681
188	134	25.231	10.883	2	50	53.698	1504	1280	19	13	17.617	9.685	5.765	0.584	1.819	0.550	0.761
189	309	76.948	22.372	13	134	71.012	2495	1293	19	23	21.983	17.897	94.143	0.770	1.228	0.814	0.888
190	327	21.223	9.614	0	52	77.012	3672	1295	21	23	21.574	19.299	75.201	0.693	1.118	0.895	0.857
191	210	53.024	15.408	7	88	58.770	2454	1299	19	17	17.790	15.030	19.495	0.764	1.184	0.845	0.866
192	82	32.659	12.748	2	67	37.213	36	1300	11	12	11.791	8.854	46.006	0.744	1.332	0.751	0.812
193	355	51.631	20.730	6	118	76.083	3122	1309	22	23	26.369	17.141	45.827	0.771	1.538	0.650	0.902
194	26	21.577	10.878	3	43	20.142	3110	1314	5	8	7.108	4.657	75.253	0.805	1.526	0.655	0.825
195	308	42.019	19.136	5	86	98.770	1	1325	16	39	34.188	11.471	77.652	0.397	2.981	0.336	0.794
196	37	27.486	11.852	7	50	25.213	2356	1326	8	9	8.457	5.571	55.714	0.731	1.518	0.659	0.747
197	84	40.643	13.898	11	70	39.698	255	1327	13	12	14.947	7.156	42.365	0.670	2.089	0.479	0.812
198	3426	31.994	14.504	0	94	276.492	1746	1335	58	82	81.440	53.562	74.206	0.563	1.520	0.658	0.901
199	27	17.593	7.987	1	35	22.971	2180	1342	7	8	8.610	3.993	135.627	0.643	2.157	0.464	0.711
200	18	17.611	6.980	0	28	23.799	2184	1354	6	9	8.535	2.685	60.230	0.399	3.179	0.315	0.529
201	55	24.982	10.633	0	56	29.556	3093	1357	9	9	9.279	7.547	22.661	0.791	1.229	0.813	0.821
202	64	14.359	8.740	2	38	43.698	2775	1373	9	15	11.326	7.195	93.572	0.421	1.574	0.635	0.615
203	59	18.525	9.149	2	38	32.042	3386	1375	11	10	10.336	7.268	143.360	0.722	1.422	0.703	0.747
204	409	24.374	13.345	1	69	103.740	3446	1380	29	25	23.474	22.184	49.788	0.478	1.058	0.945	0.796
205	166	38.946	16.300	4	79	64.770	576	1381	19	16	18.210	11.607	28.138	0.497	1.569	0.637	0.761
206	20	25.500	10.092	3	42	22.142	3190	1389	7	6	6.907	3.687	54.784	0.513	1.873	0.534	0.656
207	208	26.264	12.092	4	62	60.770	1624	1402	20	18	18.322	14.455	23.352	0.708	1.268	0.789	0.825
208	86	30.581	11.801	7	66	40.042	1912	1415	10	15	14.686	7.456	67.053	0.674	1.970	0.508	0.819
209	282	45.716	14.604	10	81	67.255	3033	1434	22	21	20.299	17.688	12.313	0.783	1.148	0.871	0.856
210	40	31.225	11.401	8	53	24.971	284	1435	7	9	9.182	5.547	59.368	0.806	1.655	0.604	0.825
211	102	23.529	9.983	1	48	38.627	2864	1438	11	13	11.913	10.902	84.818	0.859	1.093	0.915	0.864
212	23	17.348	6.984	8	31	20.728	2253	1443	6	7	7.488	3.911	57.858	0.673	1.915	0.522	0.780
213	18	29.278	15.005	2	53	15.314	363	1446	4	6	6.015	3.810	69.815	0.965	1.579	0.633	0.857
214	46	29.304	11.268	1	54	26.385	120	1448	8	9	8.532	6.864	117.158	0.830	1.243	0.804	0.821
215	112	54.920	16.029	5	87	42.284	2517	1457	12	15	14.304	9.970	74.993	0.787	1.435	0.697	0.839
216	172	33.721	14.321	3	73	57.941	2036	1461	19	15	18.603	11.772	30.661	0.644	1.580	0.633	0.809
217	239	23.126	11.519	2	54	73.598	1	1465	18	24	22.219	13.695	66.510	0.554	1.622	0.616	0.790
218	326	35.656	14.511	0	73	75.841	2305	1471	22	22	24.023	17.278	42.152	0.712	1.390	0.719	0.868
219	5360	27.014	14.576	0	88	392.759	1816	1502	91	95	99.656	68.481	126.304	0.437	1.455	0.687	0.856
220	52	12.308	6.590	2	37	31.213	428	1520	11	9	9.997	6.623	10.141	0.671	1.509	0.662	0.732
221	312	39.487	17.086	2	88	75.012	3266	1539	20	23	22.249	17.855	66.313	0.697	1.246	0.803	0.856
222	1423	26.306	12.168	1	68	197.137	487	1542	45	59	50.370	35.970	93.659	0.460	1.400	0.714	0.823
223	50	30.340	11.631	4	54	27.213	3104	1545	10	8	9.174	6.940	6.084	0.848	1.322	0.756	0.820
224	61	14.180	8.003	2	33	30.042	436	1549	10	10	9.271	8.377	35.787	0.849	1.107	0.904	0.819
225	1090	43.580	20.532	0	106	145.539	2418	1562	32	48	47.723	29.081	86.158	0.647	1.641	0.609	0.877
226	2574	36.200	17.067	0	100	216.309	2687	1567	59	64	62.276	52.626	73.756	0.691	1.183	0.845	0.916
227	21	18.476	6.353	7	37	17.899	554	1575	4	7	6.548	4.083	97.346	0.824	1.604	0.624	0.875
228	17	27.471	7.985	8	41	15.899	1827	1581	4	6	5.695	3.801	81.697	0.845	1.498	0.667	0.850
229	296	53.034	19.556	2	99	76.669	3786	1584	25	21	28.736	13.115	35.979	0.633	2.191	0.456	0.846
230	19	16.632	6.085	7	27	16.142	1203	1593	5	6	5.503	4.396	104.036	0.916	1.252	0.799	0.809
231	63	23.016	8.313	7	43	35.456	1532	1594	10	11	11.510	6.969	54.108	0.630	1.652	0.606	0.764
232	329	16.404	8.350	1	49	91.397	3519	1595	23	24	21.167	19.790	39.741	0.495	1.070	0.935	0.794
233	57	33.123	10.327	12	57	33.213	479	1602	10	11	10.195	7.119	41.050	0.649	1.432	0.698	0.726
234	28	11.821	6.532	1	21	20.142	3320	1619	6	7	7.545	4.725	130.800	0.867	1.597	0.626	0.824
235	170	19.112	9.268	4	54	70.669	1246	1625	19	19	20.519	10.549	38.844	0.428	1.945	0.514	0.720
236	17	24.118	10.228	7	44	15.899	884	1635	6	4	5.552	3.899	18.325	0.845	1.424	0.702	0.829
237	57	29.070	11.781	8	54	35.213	1184	1640	9	12	12.510	5.801	53.921	0.578	2.156	0.464	0.750
238	108	19.259	9.350	2	42	53.941	3410	1659	13	16	15.293	8.992	62.447	0.466	1.701	0.588	0.769
239	3714	29.278	16.847	0	94	390.617	1773	1661	72	112	96.862	48.820	81.924	0.306	1.984	0.504	0.736
240	432	31.153	12.728	1	68	90.426	2992	1662	21	31	30.706	17.913	73.229	0.664	1.714	0.583	0.877
241	63	25.270	10.609	1	50	40.042	3366	1689	12	12	11.836	6.777	51.895	0.494	1.746	0.573	0.646
242	44	34.955	10.266	17	53	25.213	2495	1692	9	8	9.202	6.088	30.039	0.870	1.512	0.662	0.830
243	34	26.765	8.439	11	46	23.213	3742	1694	8	8	7.233	5.985	60.258	0.793	1.209	0.827	0.756
244	38	24.026	10.058	5	45	24.142	3293	1699	7	8	8.612	5.618	58.462	0.819	1.533	0.652	0.854
245	69	30.667	11.266	4	51	32.627	2937	1704	10	11	10.784	8.147	80.966	0.815	1.324	0.755	0.831
246	64	25.734	7.509	8	45	41.456	371	1713	10	11	9.622	8.469	45.709	0.468	1.136	0.880	0.715
247	7444	33.443	18.970	0	104	452.902	2517	1726	118	108	117.591	80.601	22.983	0.456	1.459	0.685	0.833
248	44	15.750	6.651	2	29	26.142	2340	1730	7	9	8.943	6.264	56.918	0.809	1.428	0.700	0.846
249	119	13.924	7.448	0	31	53.355	3275	1739	16	17	19.278	7.859	47.966	0.525	2.453	0.408	0.730
250	94	40.426	13.974	4	87	36.870	2088	1744	12	12	11.866	10.086	39.035	0.869	1.177	0.850	0.862
251	29	12.862	8.197	1	36	21.556	3718	1749	8	6	7.302	5.056	179.084	0.784	1.444	0.692	0.773
252	20	16.150	7.220	2	30	19.314	861	1751	6	6	6.308	4.037	34.788	0.674	1.563	0.640	0.741
253	16	20.062	12.540	0	41	20.728	2499	1753	4	7	6.695	3.043	77.916	0.468	2.200	0.454	0.653
254	18	14.833	6.373	2	31	22.728	3271	1756	5	8	6.466	3.544	66.076	0.438	1.824	0.548	0.600
255	90	28.011	11.369	6	57	39.799	3224	1772	11	12	13.400	8.552	43.987	0.714	1.567	0.638	0.853
256	17	16.588	7.811	5	32	19.314	1278	1773	6	6	5.355	4.042	49.813	0.573	1.325	0.755	0.642
257	720	25.306	11.144	1	65	128.125	3751	1788	30	37	35.581	25.764	57.251	0.551	1.381	0.724	0.843
258	104	12.298	6.758	1	35	87.154	460	1792	15	17	13.540	9.779	76.641	0.172	1.385	0.722	0.511
259	29	14.034	7.119	2	29	26.385	2040	1799	8	9	8.749	4.221	131.732	0.523	2.073	0.482	0.624
260	55	12.836	7.788	0	31	50.870	2757	1802	12	14	9.446	7.414	64.347	0.267	1.274	0.785	0.526
261	377	22.061	9.736	2	47	95.640	2698	1805	23	28	25.849	18.570	101.386	0.518	1.392	0.718	0.812
262	185	19.476	10.232	2	51	71.255	2272	1816	21	16	17.004	13.852	172.194	0.458	1.228	0.815	0.737
263	31	23.323	9.752	6	42	20.728	3266	1824	7	6	7.098	5.561	178.486	0.907	1.277	0.783	0.886
264	56	23.607	9.127	7	41	33.213	402	1825	10	11	8.654	8.239	72.590	0.638	1.050	0.952	0.718
265	183	25.410	10.015	1	55	57.355	559	1827	18	16	19.159	12.162	42.775	0.699	1.575	0.635	0.838
266	3258	18.936	10.249	0	58	305.505	2086	1846	72	72	76.450	54.261	40.144	0.439	1.409	0.710	0.868
267	152	17.566	8.168	1	34	61.598	3501	1850	21	16	17.421	11.109	156.743	0.503	1.568	0.638	0.733
268	47	30.489	14.339	3	54	29.799	3051	1862	10	8	10.757	5.563	27.324	0.665	1.934	0.517	0.777
269	24	17.375	5.904	5	27	20.728	1252	1866	5	8	7.152	4.273	73.155	0.702	1.674	0.597	0.774
270	313	34.048	13.477	2	70	71.598	3805	1868	18	24	24.531	16.245	111.822	0.767	1.510	0.662	0.894
271	58	26.190	9.074	5	49	34.385	578	1870	8	11	11.222	6.580	70.835	0.616	1.705	0.586	0.768
272	1545	21.214	10.236	0	64	236.735	2656	1870	62	48	59.758	32.919	149.476	0.346	1.815	0.551	0.778
273	553	22.065	9.939	0	55	106.711	3582	1880	29	29	28.841	24.413	132.777	0.610	1.181	0.846	0.855
274	5537	31.656	16.028	0	86	327.505	964	1881	84	95	95.195	74.057	59.893	0.649	1.285	0.778	0.934
275	32	25.000	10.969	3	47	24.142	2306	1881	7	8	7.211	5.650	47.382	0.690	1.276	0.784	0.762
276	366	27.842	12.297	1	62	84.083	3756	1893	23	28	27.882	16.714	125.227	0.651	1.668	0.599	0.832
277	25	25.160	7.470	6	38	22.142	3790	1897	8	6	7.096	4.486	25.168	0.641	1.582	0.632	0.746
278	604	58.212	25.608	2	121	110.953	3636	1898	34	34	38.587	19.930	48.067	0.617	1.936	0.516	0.832
279	16	18.125	9.507	2	41	14.485	107	1902	5	4	5.586	3.647	30.964	0.958	1.532	0.653	0.889
280	101	19.317	9.340	3	43	46.284	1408	1914	14	12	13.409	9.590	9.857	0.592	1.398	0.715	0.751
281	150	49.400	15.618	8	83	51.113	1733	1915	12	17	16.479	11.589	90.323	0.722	1.422	0.703	0.855
282	17	26.471	12.058	3	46	16.728	2312	1921	5	6	5.854	3.697	101.632	0.763	1.583	0.632	0.739
283	344	26.270	11.661	2	58	75.841	416	1931	19	25	25.274	17.330	73.893	0.752	1.458	0.686	0.884
284	68	42.000	11.627	9	60	31.556	3256	1935	9	10	10.179	8.506	83.071	0.858	1.197	0.836	0.872
285	230	17.409	8.484	1	41	77.598	3391	1936	17	25	23.207	12.619	71.430	0.480	1.839	0.544	0.769
286	25	20.280	10.135	4	43	20.728	1657	1937	5	8	7.081	4.495	68.498	0.731	1.575	0.635	0.781
287	999	60.718	34.919	1	135	130.167	2582	1939	40	42	39.835	31.931	42.212	0.741	1.248	0.802	0.893
288	29	15.690	9.990	3	38	21.556	1685	1941	6	8	6.894	5.356	104.866	0.784	1.287	0.777	0.806
289	74	32.757	12.971	7	60	35.799	229	1948	9	12	11.221	8.396	96.882	0.726	1.336	0.748	0.827
290	5933	23.590	11.877	0	74	398.375	889	1950	85	101	101.074	74.739	116.019	0.470	1.352	0.739	0.887
291	21	23.810	7.941	13	42	21.556	766	1951	5	8	7.854	3.404	71.144	0.568	2.307	0.433	0.677
292	17	20.941	9.947	5	41	17.899	528	1958	4	7	6.022	3.595	95.093	0.667	1.675	0.597	0.773
293	16	21.375	5.018	15	32	15.314	2136	1963	5	5	4.768	4.273	41.791	0.857	1.116	0.896	0.800
294	30	20.533	9.269	5	38	22.385	1149	1977	8	7	7.583	5.037	152.030	0.752	1.505	0.664	0.732
295	36	16.167	7.659	1	35	22.728	405	1993	8	6	7.713	5.943	23.596	0.876	1.298	0.770	0.867
296	106	15.745	8.342	0	39	61.012	2423	2004	16	15	17.155	7.867	135.125	0.358	2.180	0.459	0.654
297	33	15.182	9.221	2	39	22.971	1943	2005	7	8	8.452	4.971	46.034	0.786	1.700	0.588	0.795
298	412	49.689	18.419	1	91	88.083	26	2022	22	28	26.407	19.865	87.667	0.667	1.329	0.752	0.863
299	192	24.917	12.881	1	68	65.941	328	2024	14	23	22.692	10.773	75.872	0.555	2.106	0.475	0.790
300	44	24.886	8.914	8	41	27.556	2271	2036	8	8	7.826	7.159	62.793	0.728	1.093	0.915	0.800
301	69	16.957	8.496	2	39	41.456	1946	2043	10	13	11.462	7.665	73.205	0.505	1.495	0.669	0.711
302	22	18.455	8.683	2	33	20.142	3787	2043	6	7	6.435	4.353	56.466	0.681	1.478	0.677	0.721
303	75	41.200	10.217	12	70	33.213	3250	2044	10	11	10.784	8.855	110.431	0.854	1.218	0.821	0.857
304	705	36.549	18.753	1	93	109.397	336	2047	29	37	37.339	24.040	65.951	0.740	1.553	0.644	0.907
305	231	13.416	7.482	0	44	75.255	3308	2054	22	20	18.555	15.851	16.445	0.513	1.171	0.854	0.766
306	24	17.042	10.114	2	37	21.556	2982	2055	8	5	7.115	4.295	24.027	0.649	1.657	0.604	0.762
307	51	33.176	9.593	7	53	28.627	3441	2059	8	11	9.152	7.095	72.898	0.782	1.290	0.775	0.823
308	263	29.087	12.575	1	65	70.669	1132	2070	23	19	22.459	14.910	27.505	0.662	1.506	0.664	0.830
309	25	38.760	9.795	19	60	21.556	3612	2079	7	7	6.225	5.114	47.706	0.676	1.217	0.822	0.758
310	220	37.777	13.707	2	72	62.184	1943	2087	20	17	19.145	14.631	17.916	0.715	1.309	0.764	0.853
311	619	52.658	25.888	2	115	129.539	690	2098	30	36	30.403	25.923	58.086	0.464	1.173	0.853	0.790
312	2041	32.999	15.933	0	88	221.765	1575	2103	53	67	55.462	46.855	92.677	0.522	1.184	0.845	0.818
313	70	25.486	9.572	5	58	39.698	552	2115	15	11	15.479	5.758	39.570	0.558	2.688	0.372	0.753
314	334	47.536	18.449	4	87	86.426	1533	2123	19	28	27.597	15.410	95.407	0.562	1.791	0.558	0.795
315	26	14.308	4.620	7	23	28.627	329	2127	7	10	7.972	4.152	78.024	0.399	1.920	0.521	0.553
316	138	27.138	12.415	1	54	51.941	107	2133	17	16	20.355	8.632	46.328	0.643	2.358	0.424	0.841
317	1417	34.883	14.274	1	89	176.409	3696	2139	50	41	48.886	36.906	1.394	0.572	1.325	0.755	0.875
318	19	19.895	6.463	11	34	18.728	338	2148	7	5	5.828	4.151	12.785	0.681	1.404	0.712	0.745
319	43	23.023	10.112	3	41	27.799	1323	2173	8	10	9.539	5.739	62.911	0.699	1.662	0.602	0.735
320	57	10.474	5.395	1	22	43.698	1983	2173	12	13	9.735	7.455	54.749	0.375	1.306	0.766	0.588
321	2436	32.845	17.673	0	89	267.806	3098	2176	49	87	76.734	40.420	85.616	0.427	1.898	0.527	0.800
322	1308	29.549	12.609	1	76	173.095	1202	2188	47	49	49.202	33.848	131.944	0.549	1.454	0.688	0.857
323	335	12.755	6.806	1	35	119.539	1989	2189	29	23	23.929	17.825	11.342	0.295	1.342	0.745	0.665
324	164	23.274	13.074	0	57	57.012	2927	2190	16	20	19.743	10.576	121.212	0.634	1.867	0.536	0.785
325	24	24.125	7.652	11	39	20.728	420	2196	6	6	6.550	4.665	48.202	0.702	1.404	0.712	0.762
326	5152	39.331	24.866	0	133	347.103	691	2203	92	109	98.744	66.431	55.283	0.537	1.486	0.673	0.866
327	18	15.889	9.424	3	35	22.385	495	2210	7	6	5.511	4.159	160.706	0.451	1.325	0.755	0.581
328	54	26.056	11.167	4	60	27.556	3643	2229	9	8	8.903	7.722	172.279	0.894	1.153	0.867	0.878
329	5297	29.637	14.125	1	83	357.161	1685	2238	78	106	96.191	70.114	90.174	0.522	1.372	0.729	0.869
330	82	14.561	6.519	2	33	62.184	3300	2269	17	15	11.853	8.808	127.502	0.266	1.346	0.743	0.562
331	409	19.655	9.976	0	52	103.397	1088	2272	25	29	26.813	19.422	91.449	0.481	1.381	0.724	0.804
332	1567	35.836	15.992	0	97	188.208	268	2280	51	58	58.734	33.970	53.812	0.556	1.729	0.578	0.870
333	281	25.480	10.285	2	53	71.012	3116	2281	22	20	21.645	16.529	151.755	0.700	1.310	0.764	0.838
334	34	28.882	10.150	4	48	23.556	2863	2286	6	9	8.384	5.164	69.588	0.770	1.624	0.616	0.800
335	1353	29.800	13.909	0	72	179.238	3372	2289	61	40	55.721	30.916	7.216	0.529	1.802	0.555	0.836
336	36	16.194	7.745	5	39	27.556	3797	2311	5	11	10.894	4.208	91.027	0.596	2.589	0.386	0.774
337	1255	36.686	14.921	0	90	148.024	2179	2312	40	48	49.603	32.214	57.035	0.720	1.540	0.649	0.913
338	760	22.447	10.401	1	58	133.539	2786	2324	33	36	36.423	26.567	48.002	0.536	1.371	0.729	0.860
339	23	9.565	6.029	1	26	26.385	168	2330	8	9	10.093	2.901	59.335	0.415	3.479	0.287	0.568
340	18	12.056	7.215	1	27	16.728	1949	2339	7	4	6.950	3.298	159.796	0.808	2.107	0.475	0.800
341	20	17.850	7.569	7	36	20.728	1944	2343	7	6	6.210	4.101	42.317	0.585	1.514	0.660	0.678
342	1842	21.922	10.154	0	66	184.309	2516	2343	54	53	54.376	43.131	44.940	0.681	1.261	0.793	0.904
343	592	15.748	8.115	0	47	123.782	3176	2357	33	31	30.965	24.343	142.203	0.486	1.272	0.786	0.819
344	361	23.252	11.768	1	62	84.326	1253	2362	21	26	26.071	17.631	71.018	0.638	1.479	0.676	0.860
345	29	16.621	10.090	2	37	21.556	1630	2366	6	8	6.572	5.618	67.913	0.784	1.170	0.855	0.773
346	75	43.547	12.300	11	70	34.627	1652	2370	10	11	11.046	8.645	54.585	0.786	1.278	0.783	0.833
347	88	63.045	17.429	18	98	36.870	3006	2373	12	12	12.576	8.909	52.810	0.813	1.412	0.708	0.859
348	17	13.235	5.718	6	27	16.728	3741	2379	5	6	5.651	3.831	127.214	0.763	1.475	0.678	0.739
349	32	25.594	10.518	7	53	22.142	1867	2393	6	8	8.279	4.921	71.623	0.820	1.682	0.594	0.821
350	41	24.390	12.300	2	54	29.799	474	2409	9	9	8.563	6.096	56.135	0.580	1.405	0.712	0.707
351	28	23.500	10.997	2	38	20.142	1733	2413	7	6	7.168	4.974	24.972	0.867	1.441	0.694	0.812
352	932	25.716	12.851	1	67	132.024	2819	2420	41	37	39.015	30.415	158.882	0.672	1.283	0.780	0.890
353	188	19.468	9.609	0	41	61.355	3911	2429	16	20	18.089	13.233	100.039	0.628	1.367	0.732	0.795
354	91	29.901	11.620	3	67	38.627	2064	2437	11	13	12.257	9.453	65.593	0.766	1.297	0.771	0.820
355	823	38.158	14.626	1	80	136.953	3240	2481	32	41	40.842	25.657	99.199	0.551	1.592	0.628	0.798
356	17	21.941	7.957	8	40	17.314	2581	2482	5	6	5.195	4.166	35.280	0.713	1.247	0.802	0.739
357	229	30.231	13.329	3	72	82.912	2298	2500	21	23	20.652	14.118	113.597	0.419	1.463	0.684	0.654
358	207	24.657	12.595	0	63	59.355	2186	2501	18	18	17.875	14.745	50.381	0.738	1.212	0.825	0.857
359	933	26.253	11.918	0	71	146.610	3430	2509	39	36	36.571	32.483	11.882	0.545	1.126	0.888	0.845
360	74	36.486	11.976	8	59	34.385	205	2510	11	9	10.997	8.568	12.898	0.787	1.283	0.779	0.865
361	33	26.061	11.683	4	47	22.971	1853	2514	7	8	8.810	4.769	47.624	0.786	1.847	0.541	0.786
362	1722	21.638	10.420	0	65	197.823	3556	2524	46	58	59.723	36.711	117.178	0.553	1.627	0.615	0.873
363	97	25.196	10.426	4	46	43.456	266	2535	14	12	13.646	9.050	28.431	0.645	1.508	0.663	0.785
364	18	23.389	9.331	6	45	16.728	2558	2596	6	5	5.985	3.829	34.448	0.808	1.563	0.640	0.766
365	424	14.278	7.278	0	40	109.397	659	2597	26	28	26.897	20.071	94.811	0.445	1.340	0.746	0.746
366	7690	22.939	12.033	0	81	426.416	3257	2598	113	95	107.218	91.320	1.242	0.531	1.174	0.852	0.918
367	81	40.346	12.969	8	61	38.870	2308	2600	9	15	14.256	7.235	76.359	0.674	1.970	0.507	0.818
368	27	16.630	7.551	2	29	22.142	599	2610	8	6	8.698	3.952	34.124	0.692	2.201	0.454	0.783
369	20	20.350	5.941	10	33	18.142	2234	2622	5	7	6.241	4.080	91.149	0.764	1.530	0.654	0.755
370	9500	30.380	16.372	0	95	512.257	2183	2630	111	129	122.628	98.638	101.380	0.455	1.243	0.804	0.876
371	69	23.449	11.099	1	48	37.213	3556	2666	13	10	11.004	7.984	6.734	0.626	1.378	0.726	0.746
372	226	37.487	16.137	3	75	66.426	1231	2672	19	19	19.178	15.004	40.096	0.644	1.278	0.782	0.820
373	382	18.851	9.181	1	59	85.740	3968	2676	25	24	23.070	21.083	58.105	0.653	1.094	0.914	0.832
374	82	14.707	8.280	0	37	39.213	862	2685	12	12	12.923	8.079	46.780	0.670	1.600	0.625	0.804
375	88	17.273	7.022	1	33	79.012	1270	2700	14	16	10.803	10.372	25.516	0.177	1.042	0.960	0.484
376	213	26.357	11.614	2	59	66.184	639	2704	18	20	21.950	12.355	130.159	0.611	1.777	0.563	0.813
377	3201	44.363	25.461	1	131	375.446	500	2709	74	88	80.156	50.846	53.050	0.285	1.576	0.634	0.734
378	244	27.172	12.331	0	74	73.497	2684	2720	17	26	22.749	13.657	106.395	0.568	1.666	0.600	0.786
379	20	15.250	8.973	4	36	16.971	690	2726	6	6	6.220	4.094	46.971	0.873	1.519	0.658	0.755
380	2131	56.577	29.053	1	127	189.137	3717	2749	54	61	57.587	47.116	54.296	0.749	1.222	0.818	0.917
381	41	19.878	10.154	4	43	30.385	3193	2775	9	9	9.391	5.559	45.157	0.558	1.689	0.592	0.678
382	8524	23.013	11.496	0	73	536.441	1836	2782	130	118	115.617	93.871	24.787	0.372	1.232	0.812	0.810
383	68	15.647	8.714	2	38	51.355	3317	2782	9	18	16.623	5.208	68.948	0.324	3.192	0.313	0.660
384	29	20.828	10.774	4	42	22.385	281	2783	7	8	6.606	5.589	87.370	0.727	1.182	0.846	0.707
385	485	40.297	17.894	3	90	113.296	3146	2787	32	33	38.779	15.924	44.055	0.475	2.435	0.411	0.806
386	55	18.691	7.838	4	36	29.213	607	2799	11	8	9.388	7.459	14.673	0.810	1.259	0.795	0.809
387	44	19.841	9.442	3	37	32.971	2544	2812	13	5	12.759	4.391	5.989	0.509	2.906	0.344	0.759
388	1641	37.865	17.401	1	85	194.894	3589	2816	58	43	52.065	40.130	174.810	0.543	1.297	0.771	0.821
389	45	26.689	11.597	4	46	26.142	1443	2820	7	9	8.900	6.438	64.381	0.827	1.382	0.723	0.849
390	99	24.121	13.311	3	59	60.770	3098	2828	17	16	20.074	6.279	48.636	0.337	3.197	0.313	0.664
391	3410	29.777	15.608	0	87	288.049	2572	2839	68	88	84.148	51.597	58.545	0.516	1.631	0.613	0.849
392	214	12.257	6.667	1	32	78.669	3395	2843	20	16	19.686	13.841	171.399	0.435	1.422	0.703	0.773
393	334	13.808	7.553	0	38	92.569	3645	2845	24	25	25.566	16.634	46.780	0.490	1.537	0.651	0.767
394	352	52.366	22.773	4	111	77.012	480	2847	19	28	27.216	16.468	75.479	0.746	1.653	0.605	0.893
395	483	29.046	12.385	2	70	91.740	1987	2848	31	24	29.565	20.801	19.603	0.721	1.421	0.704	0.883
396	46	30.739	10.277	4	51	24.971	2822	2857	8	8	8.152	7.184	54.916	0.927	1.135	0.881	0.860
397	149	28.557	13.042	2	70	49.698	120	2858	14	15	14.720	12.888	113.677	0.758	1.142	0.876	0.854
398	3337	30.366	15.896	0	85	247.321	3155	2880	70	70	69.468	61.162	142.939	0.686	1.136	0.880	0.924
399	126	38.214	16.690	4	81	49.941	3123	2885	17	14	16.919	9.482	31.208	0.635	1.784	0.560	0.785
400	595	39.894	20.800	0	84	98.811	1067	2887	27	31	30.289	25.011	97.733	0.766	1.211	0.826	0.899
401	91	12.451	6.464	1	27	50.042	449	2889	11	17	14.821	7.818	117.480	0.457	1.896	0.527	0.689
402	737	29.255	14.237	2	73	122.711	2813	2894	26	42	38.918	24.112	94.200	0.615	1.614	0.620	0.871
403	45	28.133	10.778	7	59	27.556	878	2902	8	9	8.746	6.551	66.834	0.745	1.335	0.749	0.789
404	60	21.333	7.345	3	40	38.042	1848	2902	9	12	9.617	7.944	104.212	0.521	1.211	0.826	0.698
405	1859	31.635	15.255	1	80	218.451	2091	2903	72	42	67.399	35.118	177.130	0.490	1.919	0.521	0.843
406	75	39.413	14.196	9	70	33.213	2504	2904	10	11	12.442	7.675	53.586	0.854	1.621	0.617	0.888
407	85	38.894	15.388	4	67	40.870	3613	2906	12	14	11.462	9.442	40.424	0.639	1.214	0.824	0.749
408	39	18.231	7.460	2	35	26.971	3039	2909	7	9	8.162	6.084	70.555	0.674	1.342	0.745	0.804
409	29	12.897	6.178	2	24	34.627	3232	2916	10	9	7.712	4.788	37.096	0.304	1.611	0.621	0.475
410	54	20.796	9.147	5	46	37.456	1746	2917	11	9	9.668	7.111	28.906	0.484	1.360	0.736	0.684
411	31	28.484	9.886	7	47	22.728	2217	2920	5	9	7.695	5.130	85.602	0.754	1.500	0.667	0.861
412	49	37.429	16.647	4	66	24.971	1226	2923	8	8	8.591	7.262	50.662	0.988	1.183	0.845	0.899
413	281	54.989	16.795	20	95	78.870	1	2927	13	31	29.558	12.105	90.350	0.568	2.442	0.410	0.893
414	22	25.091	7.425	10	39	17.314	3701	2928	4	7	6.835	4.098	90.000	0.922	1.668	0.600	0.917
415	62	24.984	10.753	2	47	34.385	160	2931	9	12	12.146	6.499	72.455	0.659	1.869	0.535	0.790
416	36	25.528	8.368	9	39	24.142	1911	2941	7	8	7.920	5.787	62.978	0.776	1.368	0.731	0.809
417	249	23.916	10.384	1	52	70.426	3954	2944	20	20	18.455	17.179	69.309	0.631	1.074	0.931	0.814
418	26	20.462	9.705	6	38	24.971	1675	2952	6	9	7.143	4.635	95.517	0.524	1.541	0.649	0.658
419	379	12.728	7.220	0	41	136.267	107	2954	34	31	34.861	13.842	140.294	0.256	2.518	0.397	0.661
420	66	34.258	11.092	11	55	34.627	2309	2978	11	9	10.480	8.019	9.895	0.692	1.307	0.765	0.795
421	25	16.640	8.916	4	38	18.728	652	2982	7	5	6.891	4.619	158.531	0.896	1.492	0.670	0.847
422	37	21.703	8.289	3	39	25.799	3324	2983	9	8	10.226	4.607	40.924	0.699	2.220	0.451	0.771
423	141	14.936	7.612	2	40	77.355	3293	2988	25	11	22.159	8.102	179.428	0.296	2.735	0.366	0.645
424	23	17.478	8.949	4	37	18.728	3059	2989	5	7	6.861	4.268	94.791	0.824	1.607	0.622	0.836
425	27	14.778	6.247	2	31	26.385	1445	2992	9	7	8.274	4.155	43.690	0.487	1.991	0.502	0.667
