 	Area	Mean	StdDev	Min	Max	Perim.	BX	BY	Width	Height	Major	Minor	Angle	Circ.	AR	Round	Solidity
1	39	31.513	12.124	11	52	22.728	253	1	8	6	7.851	6.325	164.055	0.949	1.241	0.806	0.918
2	2895	29.904	14.733	0	86	253.238	2476	1	87	47	84.385	43.681	7.316	0.567	1.932	0.518	0.902
3	24	34.375	11.336	6	50	20.971	2668	14	6	7	5.894	5.185	104.831	0.686	1.137	0.880	0.738
4	2745	30.610	21.030	0	110	331.990	3315	14	51	97	89.076	39.237	98.308	0.313	2.270	0.440	0.756
5	18	19.944	10.026	3	42	17.314	2319	16	5	6	6.283	3.648	121.804	0.755	1.722	0.581	0.800
6	1450	53.034	23.967	1	132	160.267	1408	21	43	44	44.752	41.254	126.728	0.709	1.085	0.922	0.900
7	93	28.204	11.418	3	56	38.870	357	22	15	10	13.833	8.560	161.050	0.774	1.616	0.619	0.849
8	16	17.750	9.377	4	33	15.314	3853	29	5	5	4.803	4.242	62.445	0.857	1.132	0.883	0.780
9	16	21.750	6.465	13	32	15.899	2115	40	6	4	5.006	4.070	18.435	0.795	1.230	0.813	0.800
10	137	23.606	10.227	3	48	49.113	1845	43	11	18	17.358	10.049	92.233	0.714	1.727	0.579	0.835
11	2709	45.600	23.452	0	124	250.936	2139	49	52	88	83.972	41.076	102.719	0.541	2.044	0.489	0.876
12	383	22.379	10.235	1	53	89.154	1904	51	26	25	23.417	20.825	110.724	0.606	1.124	0.889	0.827
13	63	28.810	12.470	5	49	32.385	3935	51	10	10	10.570	7.589	156.600	0.755	1.393	0.718	0.813
14	19	13.842	7.588	4	33	18.142	1643	53	6	6	5.946	4.069	134.304	0.725	1.461	0.684	0.731
15	29	27.345	9.700	11	48	20.385	677	61	7	7	7.059	5.231	136.862	0.877	1.349	0.741	0.806
16	933	22.549	10.485	0	52	156.267	2544	68	44	34	40.885	29.056	160.053	0.480	1.407	0.711	0.833
17	5602	47.163	27.328	0	138	428.759	3409	79	144	76	125.795	56.701	172.847	0.383	2.219	0.451	0.794
18	404	33.104	13.437	1	69	89.841	1648	81	20	31	29.880	17.215	97.675	0.629	1.736	0.576	0.833
19	145	26.283	12.455	3	59	56.527	3394	86	12	20	19.880	9.287	109.738	0.570	2.141	0.467	0.792
20	27	26.037	7.964	14	41	24.971	258	90	10	5	8.692	3.955	169.935	0.544	2.198	0.455	0.711
21	36	28.222	11.684	4	46	24.142	3105	90	8	6	7.734	5.927	9.709	0.776	1.305	0.766	0.837
22	23	25.261	9.951	8	42	17.899	1515	98	7	4	7.273	4.026	163.608	0.902	1.806	0.554	0.902
23	21	22.048	6.801	10	32	16.485	2420	98	5	5	5.568	4.802	167.268	0.971	1.159	0.862	0.913
24	237	56.266	22.765	3	111	67.012	278	99	24	16	23.007	13.116	157.873	0.663	1.754	0.570	0.851
25	259	40.398	18.233	2	84	67.355	1432	118	24	17	21.430	15.388	16.493	0.717	1.393	0.718	0.866
26	442	49.398	25.645	4	125	90.083	3827	132	33	21	30.263	18.596	11.347	0.684	1.627	0.614	0.868
27	1006	28.135	12.438	0	66	138.610	1974	148	38	41	39.479	32.444	123.089	0.658	1.217	0.822	0.890
28	65	31.892	12.738	5	61	31.799	3808	148	9	10	9.719	8.515	70.288	0.808	1.141	0.876	0.844
29	94	33.319	10.429	3	59	40.870	553	151	14	11	13.267	9.021	158.040	0.707	1.471	0.680	0.807
30	125	27.816	14.173	4	57	64.770	1672	154	24	13	21.389	7.441	162.160	0.374	2.875	0.348	0.628
31	47	42.830	13.102	20	69	26.385	2577	162	8	9	8.603	6.956	107.879	0.848	1.237	0.808	0.825
32	936	31.554	12.194	0	68	121.640	3029	162	31	40	38.726	30.774	85.333	0.795	1.258	0.795	0.930
33	2723	26.293	11.896	0	72	298.291	3424	171	78	68	89.283	38.832	148.504	0.385	2.299	0.435	0.827
34	413	33.990	15.090	1	83	86.912	2547	175	23	26	24.993	21.040	100.689	0.687	1.188	0.842	0.857
35	30	24.033	9.953	4	41	24.385	1025	181	8	7	7.861	4.859	157.925	0.634	1.618	0.618	0.706
36	2321	31.968	15.572	0	89	220.936	1161	182	64	58	67.757	43.614	38.038	0.598	1.554	0.644	0.897
37	240	19.846	9.498	1	42	79.012	3320	197	22	20	18.717	16.326	25.551	0.483	1.146	0.872	0.735
38	319	15.169	7.764	1	38	103.054	2633	204	24	24	22.130	18.354	144.447	0.377	1.206	0.829	0.749
39	42	24.810	5.743	8	36	25.556	3572	211	8	8	7.968	6.711	122.896	0.808	1.187	0.842	0.824
40	44	35.909	10.781	13	66	26.142	537	215	9	7	8.845	6.334	140.913	0.809	1.396	0.716	0.846
41	379	61.504	23.473	5	121	85.497	3286	219	26	21	23.909	20.183	164.251	0.652	1.185	0.844	0.860
42	112	37.304	17.102	1	79	40.627	251	223	12	13	12.600	11.318	102.129	0.853	1.113	0.898	0.875
43	174	18.299	9.218	1	46	66.426	637	234	16	18	15.660	14.147	93.366	0.496	1.107	0.903	0.767
44	16	26.750	11.457	6	41	20.142	3325	234	7	4	6.388	3.189	168.462	0.496	2.003	0.499	0.653
45	45	23.200	9.629	8	43	33.213	327	241	10	8	8.794	6.516	148.169	0.513	1.350	0.741	0.703
46	246	15.407	8.306	0	40	83.841	199	248	23	20	19.089	16.409	38.455	0.440	1.163	0.860	0.749
47	504	76.905	27.633	1	141	100.326	3304	249	30	28	34.413	18.647	137.556	0.629	1.845	0.542	0.832
48	40	23.325	8.754	6	41	23.899	3481	253	7	7	7.604	6.698	21.996	0.880	1.135	0.881	0.909
49	567	17.935	9.587	0	50	101.154	3753	275	28	30	27.308	26.436	101.984	0.696	1.033	0.968	0.878
50	26	26.308	9.624	8	57	20.971	38	279	8	6	7.364	4.495	163.962	0.743	1.638	0.610	0.754
51	288	23.986	11.319	2	57	82.083	1834	280	25	22	22.426	16.351	148.659	0.537	1.372	0.729	0.780
52	77	38.338	12.086	5	67	36.042	2191	293	11	11	11.317	8.663	127.627	0.745	1.306	0.765	0.811
53	33	19.697	7.832	5	37	26.728	2031	303	7	9	7.450	5.640	105.678	0.580	1.321	0.757	0.725
54	144	53.403	16.182	8	89	47.698	3877	306	17	13	17.718	10.348	31.441	0.795	1.712	0.584	0.878
55	66	33.288	9.697	8	55	34.042	2457	310	11	9	10.441	8.049	178.742	0.716	1.297	0.771	0.795
56	117	15.436	6.725	2	32	56.527	61	320	14	15	13.443	11.081	144.985	0.460	1.213	0.824	0.711
57	33	13.333	7.012	2	26	27.213	3346	322	8	9	9.066	4.635	131.138	0.560	1.956	0.511	0.667
58	24	16.625	9.169	3	30	24.142	636	325	4	10	8.625	3.543	80.376	0.517	2.434	0.411	0.750
59	52	20.423	11.580	6	48	25.799	3343	331	8	9	8.543	7.750	110.178	0.982	1.102	0.907	0.881
60	439	38.244	20.142	2	91	82.912	2818	335	28	23	28.361	19.709	32.351	0.802	1.439	0.695	0.897
61	179	47.430	16.399	4	85	54.527	1096	336	20	13	19.745	11.542	176.657	0.757	1.711	0.585	0.875
62	638	36.406	17.854	1	85	124.953	3568	344	38	32	35.326	22.995	33.744	0.513	1.536	0.651	0.773
63	25	29.280	11.660	5	48	19.556	3832	344	7	6	6.125	5.197	49.345	0.821	1.179	0.849	0.769
64	23	18.609	7.548	7	34	19.314	3440	346	6	6	6.053	4.838	126.372	0.775	1.251	0.799	0.793
65	66	32.561	11.787	3	65	33.799	3533	358	12	8	11.524	7.292	177.809	0.726	1.580	0.633	0.830
66	1296	58.884	28.228	0	142	179.480	3490	364	60	39	54.769	30.128	169.808	0.506	1.818	0.550	0.810
67	101	13.010	6.047	2	30	73.255	3442	367	13	21	16.439	7.823	67.258	0.237	2.101	0.476	0.544
68	5005	46.453	24.782	1	137	425.345	54	384	121	85	121.225	52.568	30.997	0.348	2.306	0.434	0.795
69	29	21.621	9.294	5	42	22.385	3216	387	7	8	7.664	4.818	111.182	0.727	1.591	0.629	0.734
70	127	54.543	17.567	7	98	46.527	2858	394	17	12	14.793	10.931	175.853	0.737	1.353	0.739	0.827
71	162	59.037	18.939	7	99	49.698	3328	400	15	15	16.876	12.223	51.856	0.824	1.381	0.724	0.880
72	46	29.043	11.580	4	52	26.971	2295	405	10	7	8.663	6.761	177.816	0.795	1.281	0.780	0.821
73	23	22.130	8.646	7	38	20.142	349	418	7	5	6.993	4.188	6.368	0.712	1.670	0.599	0.754
74	27	23.037	9.513	2	39	31.213	340	421	9	6	7.469	4.602	160.881	0.348	1.623	0.616	0.628
75	90	20.278	9.001	1	51	57.355	292	426	14	14	12.406	9.237	25.779	0.344	1.343	0.745	0.616
76	29	37.552	10.930	20	57	19.899	371	427	7	5	7.262	5.085	177.469	0.920	1.428	0.700	0.906
77	22	19.455	6.185	4	27	18.728	251	431	6	6	5.609	4.994	70.143	0.788	1.123	0.890	0.786
78	23	27.957	9.256	13	44	18.728	1182	432	6	6	6.913	4.236	145.242	0.824	1.632	0.613	0.793
79	1070	23.111	12.281	0	63	142.853	514	436	38	39	40.260	33.839	51.137	0.659	1.190	0.841	0.898
80	87	20.931	12.208	3	52	37.698	3608	446	13	12	13.763	8.048	146.291	0.769	1.710	0.585	0.825
81	44	29.341	9.570	9	48	26.142	587	453	6	10	10.284	5.447	99.220	0.809	1.888	0.530	0.854
82	42	16.405	7.248	2	31	32.042	682	456	8	12	10.297	5.193	109.772	0.514	1.983	0.504	0.672
83	60	52.167	13.887	15	79	30.627	2500	458	11	8	9.950	7.678	173.676	0.804	1.296	0.772	0.828
84	274	41.321	16.758	3	82	82.770	559	468	25	19	24.781	14.078	38.404	0.503	1.760	0.568	0.748
85	38	50.974	18.666	15	88	25.556	548	472	10	6	10.008	4.834	152.445	0.731	2.070	0.483	0.854
86	6793	38.768	21.992	0	123	468.558	851	473	123	132	158.846	54.450	130.801	0.389	2.917	0.343	0.784
87	617	16.335	8.427	0	50	119.054	977	475	38	26	35.046	22.416	170.299	0.547	1.563	0.640	0.830
88	185	46.151	15.447	5	80	56.770	1349	477	20	14	19.428	12.124	162.990	0.721	1.602	0.624	0.855
89	56	33.911	14.523	5	63	39.213	3942	481	12	12	11.861	6.011	147.139	0.458	1.973	0.507	0.647
90	271	23.579	10.751	2	60	112.225	696	485	23	43	47.250	7.303	112.936	0.270	6.470	0.155	0.645
91	157	18.994	9.547	2	44	57.113	3379	504	16	15	14.841	13.470	51.694	0.605	1.102	0.908	0.799
92	30	40.833	12.728	2	62	20.385	2920	511	7	7	7.018	5.443	49.041	0.907	1.289	0.776	0.800
93	78	35.051	14.632	3	69	33.799	1090	517	12	9	11.606	8.557	168.750	0.858	1.356	0.737	0.881
94	99	42.253	14.144	13	82	40.627	486	524	14	11	14.259	8.840	139.612	0.754	1.613	0.620	0.857
95	48	14.042	5.943	2	31	33.213	2608	524	11	10	9.756	6.264	155.518	0.547	1.557	0.642	0.667
96	60	15.833	8.782	2	41	46.042	2262	531	8	18	15.080	5.066	76.192	0.356	2.977	0.336	0.612
97	11685	27.080	14.561	0	93	661.536	1684	532	165	134	135.773	109.579	38.924	0.336	1.239	0.807	0.759
98	647	21.286	9.450	1	53	118.368	3447	539	32	31	31.970	25.767	39.394	0.580	1.241	0.806	0.841
99	63	17.556	8.861	1	40	32.627	3896	542	10	10	11.453	7.004	47.350	0.744	1.635	0.612	0.813
100	181	31.619	19.279	1	72	96.225	2269	547	21	24	18.790	12.265	77.647	0.246	1.532	0.653	0.480
101	1353	27.710	12.643	1	71	163.924	1378	548	36	54	50.860	33.871	77.411	0.633	1.502	0.666	0.889
102	169	43.414	14.926	4	81	53.355	3220	551	15	17	16.245	13.246	71.816	0.746	1.226	0.815	0.835
103	97	25.103	13.028	1	60	54.770	2966	555	19	15	19.115	6.461	36.380	0.406	2.958	0.338	0.593
104	5010	42.365	30.004	0	148	314.191	1489	558	90	79	92.878	68.681	157.715	0.638	1.352	0.739	0.914
105	61	45.934	13.353	6	82	30.627	2598	569	9	10	9.538	8.143	135.722	0.817	1.171	0.854	0.824
106	53	18.981	8.165	4	41	37.456	2931	575	14	9	10.828	6.232	6.311	0.475	1.737	0.576	0.624
107	1137	36.653	15.863	0	85	156.510	2877	576	45	40	44.592	32.465	151.483	0.583	1.374	0.728	0.863
108	41	13.854	7.210	2	29	36.284	1096	580	11	8	8.864	5.889	164.280	0.391	1.505	0.664	0.617
109	819	56.777	25.455	5	122	123.640	2747	587	30	39	38.879	26.821	77.611	0.673	1.450	0.690	0.888
110	39	40.308	11.358	6	58	25.556	3099	588	7	8	7.673	6.472	141.851	0.750	1.186	0.843	0.812
111	51	23.137	9.998	6	48	29.556	1588	589	10	7	9.587	6.773	156.140	0.734	1.415	0.707	0.823
112	72	23.639	7.668	11	41	34.385	2471	596	12	9	11.530	7.951	0.796	0.765	1.450	0.690	0.828
113	281	40.637	15.958	3	85	69.841	528	610	22	19	20.442	17.502	13.513	0.724	1.168	0.856	0.854
114	20	19.800	6.404	8	29	19.556	633	611	7	5	6.367	3.999	161.869	0.657	1.592	0.628	0.702
115	69	38.464	10.116	14	62	34.627	3652	611	12	10	10.996	7.990	148.310	0.723	1.376	0.727	0.807
116	17	31.412	21.089	4	71	16.728	933	613	7	4	6.479	3.341	178.344	0.763	1.940	0.516	0.773
117	238	49.324	19.675	4	92	60.184	3911	621	20	17	19.362	15.651	10.436	0.826	1.237	0.808	0.888
118	172	38.145	15.321	1	69	56.527	270	626	20	13	20.756	10.551	159.451	0.676	1.967	0.508	0.860
119	1863	41.770	20.678	0	111	216.309	408	626	66	47	62.083	38.208	19.188	0.500	1.625	0.615	0.818
120	23	27.652	14.877	0	52	20.971	3948	632	8	6	6.751	4.338	145.672	0.657	1.556	0.643	0.697
121	27	24.333	11.432	5	42	20.728	1302	642	8	5	8.186	4.199	30.201	0.790	1.949	0.513	0.831
122	55	18.400	8.623	1	37	29.213	2678	645	10	9	9.725	7.201	136.257	0.810	1.351	0.740	0.815
123	661	29.407	14.789	1	84	117.882	3567	646	35	30	33.342	25.241	20.990	0.598	1.321	0.757	0.831
124	80	51.062	14.172	19	79	34.870	1370	648	13	10	12.136	8.393	158.779	0.827	1.446	0.692	0.838
125	17	14.000	7.542	2	33	15.071	1389	649	6	3	6.541	3.309	175.692	0.941	1.977	0.506	0.971
126	88	45.273	15.220	14	80	39.456	1653	652	13	11	11.826	9.474	9.559	0.710	1.248	0.801	0.811
127	210	28.638	12.777	3	62	56.870	2841	670	14	20	19.581	13.655	103.836	0.816	1.434	0.697	0.890
128	939	48.302	21.722	1	109	156.752	3840	677	54	32	47.616	25.109	179.372	0.480	1.896	0.527	0.792
129	81	16.481	7.606	3	37	47.698	250	681	12	12	11.226	9.187	145.507	0.447	1.222	0.818	0.684
130	984	51.165	24.344	0	114	144.024	46	685	41	43	48.723	25.714	49.885	0.596	1.895	0.528	0.849
131	55	27.236	9.418	1	47	32.627	429	687	10	9	9.870	7.095	43.542	0.649	1.391	0.719	0.764
132	97	33.402	11.105	5	59	38.385	181	689	11	12	12.232	10.097	133.313	0.827	1.211	0.825	0.886
133	409	15.531	8.716	1	53	105.640	526	696	29	25	27.594	18.872	140.804	0.461	1.462	0.684	0.778
134	492	37.758	20.697	0	96	111.882	3935	698	40	21	38.757	16.163	174.484	0.494	2.398	0.417	0.754
135	2859	38.177	21.742	0	111	240.492	1519	708	65	65	63.995	56.882	52.609	0.621	1.125	0.889	0.896
136	23	15.565	8.867	1	38	19.314	173	712	6	6	6.066	4.827	68.455	0.775	1.257	0.796	0.793
137	107	13.411	6.527	1	30	64.184	3874	714	15	15	12.534	10.870	34.416	0.326	1.153	0.867	0.648
138	153	29.052	12.606	5	64	53.698	1646	719	15	17	15.372	12.672	89.681	0.667	1.213	0.824	0.823
139	85	64.600	16.068	8	96	35.456	3522	734	13	10	13.617	7.948	153.907	0.850	1.713	0.584	0.872
140	2276	28.889	12.781	0	71	239.421	3863	736	70	53	65.897	43.976	163.342	0.499	1.498	0.667	0.865
141	21	24.333	13.086	1	53	18.142	3260	760	6	6	6.061	4.412	127.183	0.802	1.374	0.728	0.764
142	174	63.753	24.687	6	107	61.941	2479	770	20	17	20.707	10.699	140.253	0.570	1.935	0.517	0.815
143	71	23.521	10.622	3	50	38.627	660	772	11	10	11.209	8.065	140.744	0.598	1.390	0.719	0.785
144	221	16.656	8.743	0	55	100.811	3882	790	25	19	19.813	14.202	26.322	0.273	1.395	0.717	0.618
145	190	26.779	11.925	0	64	59.355	2500	815	17	17	16.547	14.620	119.610	0.678	1.132	0.884	0.823
146	101	40.584	13.288	3	70	39.456	1486	828	14	11	12.423	10.351	168.201	0.815	1.200	0.833	0.849
147	1788	49.738	25.775	1	138	183.480	3600	833	58	48	56.993	39.945	29.576	0.667	1.427	0.701	0.903
148	94	33.394	12.028	4	57	37.213	3728	840	11	12	12.829	9.329	49.939	0.853	1.375	0.727	0.879
149	443	31.686	19.537	1	87	136.853	3347	842	38	35	41.587	13.563	153.418	0.297	3.066	0.326	0.591
150	363	22.920	10.159	1	52	81.841	759	843	23	23	23.755	19.456	61.145	0.681	1.221	0.819	0.875
151	59	37.390	11.553	15	64	31.799	930	850	12	8	11.818	6.357	18.113	0.733	1.859	0.538	0.819
152	21	22.095	8.312	6	39	17.314	602	856	6	5	6.321	4.230	144.625	0.880	1.494	0.669	0.840
153	39	32.282	12.680	7	55	23.799	2066	864	9	7	7.915	6.273	176.044	0.865	1.262	0.793	0.830
154	126	23.103	12.169	3	53	64.184	2548	864	23	13	24.729	6.487	154.803	0.384	3.812	0.262	0.674
155	149	73.953	21.267	12	110	46.042	3182	867	17	11	16.415	11.557	1.508	0.883	1.420	0.704	0.911
156	18	28.056	10.020	9	45	20.971	2105	875	7	6	6.097	3.759	41.117	0.514	1.622	0.617	0.600
157	54	43.296	11.559	14	67	28.971	911	877	10	8	10.494	6.552	167.496	0.809	1.602	0.624	0.844
158	86	27.058	9.845	4	49	38.870	766	900	13	11	11.726	9.338	162.383	0.715	1.256	0.796	0.811
159	49	17.918	9.405	1	38	33.799	625	902	11	9	11.095	5.623	156.880	0.539	1.973	0.507	0.695
160	68	16.603	8.768	2	39	35.213	950	905	9	13	11.679	7.413	83.026	0.689	1.575	0.635	0.786
161	65	20.154	9.540	4	43	36.627	1257	912	12	10	10.224	8.095	138.981	0.609	1.263	0.792	0.760
162	22	30.182	10.879	11	48	17.556	802	914	6	6	5.613	4.990	146.310	0.897	1.125	0.889	0.786
163	54	26.019	11.775	4	47	28.385	1377	915	7	11	10.454	6.577	83.384	0.842	1.589	0.629	0.871
164	641	44.637	21.977	2	120	109.882	2987	927	30	36	37.654	21.675	121.034	0.667	1.737	0.576	0.877
165	104	35.087	11.552	7	67	40.042	1894	932	14	11	15.137	8.748	157.492	0.815	1.730	0.578	0.856
166	36	28.722	9.744	8	49	24.728	658	948	5	10	9.121	5.025	82.256	0.740	1.815	0.551	0.847
167	33	20.545	8.689	7	44	23.556	1897	964	7	8	8.432	4.983	122.272	0.747	1.692	0.591	0.759
168	1200	52.083	20.745	1	106	188.652	2735	965	45	55	49.151	31.086	70.970	0.424	1.581	0.632	0.717
169	24471	29.246	27.520	0	138	908.774	3703	966	221	198	206.632	150.787	137.276	0.372	1.370	0.730	0.773
170	133	17.925	9.697	2	43	49.941	2520	976	14	14	13.626	12.428	112.978	0.670	1.096	0.912	0.804
171	2944	38.653	18.229	0	100	264.836	1294	983	77	66	83.143	45.084	141.275	0.527	1.844	0.542	0.879
172	598	21.281	10.246	1	53	130.953	347	998	28	39	39.927	19.070	114.492	0.438	2.094	0.478	0.799
173	16	16.625	9.422	4	37	16.485	401	1002	6	4	6.383	3.192	161.565	0.740	2.000	0.500	0.800
174	23	20.348	8.963	3	38	19.314	1571	1004	5	7	6.680	4.384	108.917	0.775	1.524	0.656	0.821
175	36	17.000	7.961	4	34	23.213	1861	1018	9	7	8.255	5.552	148.490	0.840	1.487	0.673	0.800
176	926	61.113	29.427	4	136	136.368	3288	1040	41	35	42.790	27.553	150.868	0.626	1.553	0.644	0.849
177	240	27.767	12.415	3	62	69.841	1005	1051	22	20	23.183	13.181	34.907	0.618	1.759	0.569	0.804
178	63	35.857	12.618	5	63	31.213	579	1052	10	10	10.534	7.615	140.435	0.813	1.383	0.723	0.818
179	81	43.235	12.002	8	68	34.385	705	1054	10	11	10.698	9.641	121.943	0.861	1.110	0.901	0.871
180	612	19.690	9.666	1	53	137.782	3224	1057	33	31	29.284	26.609	141.600	0.405	1.101	0.909	0.778
181	69	28.942	13.001	4	60	35.799	112	1070	15	7	13.204	6.654	174.719	0.677	1.984	0.504	0.847
182	52	26.981	10.421	5	54	28.385	3024	1073	9	9	8.541	7.752	102.945	0.811	1.102	0.908	0.812
183	532	45.524	20.917	2	93	132.610	1769	1077	44	32	44.413	15.252	33.482	0.380	2.912	0.343	0.668
184	4171	48.427	28.800	1	140	397.304	3384	1080	135	59	116.712	45.502	177.704	0.332	2.565	0.390	0.730
185	83	20.542	10.605	4	48	45.456	3202	1092	16	12	18.137	5.827	145.180	0.505	3.113	0.321	0.712
186	26	18.577	7.809	3	30	19.314	3288	1092	6	6	6.147	5.385	63.160	0.876	1.141	0.876	0.852
187	30	22.167	10.626	5	43	21.314	1360	1094	8	5	7.719	4.948	15.805	0.830	1.560	0.641	0.896
188	75	17.880	8.136	1	34	39.213	3708	1097	9	13	13.484	7.082	90.486	0.613	1.904	0.525	0.769
189	868	36.743	17.758	1	82	156.995	1213	1098	42	37	38.925	28.392	35.956	0.443	1.371	0.729	0.781
190	325	34.120	13.087	2	65	84.569	3179	1100	25	22	24.155	17.131	29.939	0.571	1.410	0.709	0.812
191	23	20.304	10.213	2	44	17.899	1483	1104	7	4	7.037	4.161	164.465	0.902	1.691	0.591	0.920
192	78	34.282	11.394	3	58	35.213	3249	1112	11	11	10.489	9.468	27.012	0.790	1.108	0.903	0.825
193	560	19.048	9.517	0	45	111.539	881	1115	34	29	30.648	23.264	178.636	0.566	1.317	0.759	0.818
194	153	33.013	12.757	5	72	56.184	374	1120	18	17	17.870	10.901	46.847	0.609	1.639	0.610	0.789
195	153	64.490	19.324	8	114	50.284	2402	1120	17	14	16.645	11.704	161.005	0.760	1.422	0.703	0.855
196	3218	33.961	15.406	1	86	294.291	3673	1124	83	60	86.577	47.325	156.781	0.467	1.829	0.547	0.878
197	36	38.389	14.864	9	65	22.728	3644	1126	7	7	7.266	6.309	110.228	0.876	1.152	0.868	0.857
198	3238	41.923	22.832	0	128	258.735	2257	1128	75	71	78.459	52.546	143.410	0.608	1.493	0.670	0.881
199	993	19.718	9.179	0	57	158.752	3041	1128	41	41	35.808	35.309	11.564	0.495	1.014	0.986	0.815
200	66	24.167	9.087	5	42	30.385	2457	1144	10	9	9.768	8.603	19.101	0.898	1.135	0.881	0.868
201	2391	39.251	22.737	1	118	232.693	247	1155	67	59	68.307	44.568	139.045	0.555	1.533	0.652	0.872
202	16	14.938	6.728	7	34	20.142	3437	1158	8	4	7.407	2.750	12.049	0.496	2.693	0.371	0.653
203	41	19.049	9.455	1	39	29.799	3128	1167	9	10	9.654	5.407	137.730	0.580	1.785	0.560	0.701
204	55	40.600	13.634	7	64	28.728	982	1168	10	7	9.369	7.474	162.430	0.837	1.254	0.798	0.887
205	31	26.032	12.043	0	46	21.556	3136	1177	9	5	8.342	4.731	162.405	0.838	1.763	0.567	0.861
206	19	19.158	8.896	2	35	19.556	3126	1178	8	5	6.900	3.506	157.150	0.624	1.968	0.508	0.679
207	5295	23.927	11.509	0	66	353.203	494	1188	74	102	99.723	67.605	92.752	0.533	1.475	0.678	0.898
208	2533	30.393	19.676	0	115	329.019	1174	1204	50	81	78.532	41.067	86.083	0.294	1.912	0.523	0.744
209	40	32.475	12.977	9	59	27.799	304	1218	9	8	8.249	6.174	144.556	0.650	1.336	0.749	0.748
210	26	21.192	9.871	3	45	19.314	340	1219	7	5	6.627	4.995	161.228	0.876	1.327	0.754	0.881
211	513	43.413	16.295	3	87	146.468	3618	1220	62	19	65.623	9.953	11.624	0.300	6.593	0.152	0.808
212	4140	40.656	21.609	0	109	370.132	3455	1222	116	59	114.323	46.108	168.996	0.380	2.479	0.403	0.797
213	83	64.229	16.660	8	94	34.870	2952	1226	12	11	11.159	9.470	155.837	0.858	1.178	0.849	0.830
214	22	16.545	7.564	2	29	18.728	2315	1228	6	6	6.796	4.122	138.445	0.788	1.649	0.607	0.786
215	5388	44.449	27.314	0	139	361.304	3079	1228	100	91	105.577	64.978	150.178	0.519	1.625	0.615	0.839
216	310	43.326	19.114	4	97	71.841	2057	1231	23	20	23.114	17.076	32.100	0.755	1.354	0.739	0.882
217	61	36.541	13.731	1	61	31.213	1559	1235	10	9	9.496	8.179	43.730	0.787	1.161	0.861	0.830
218	3169	31.918	18.085	0	101	370.475	1022	1245	80	66	77.419	52.118	3.494	0.290	1.485	0.673	0.741
219	3900	32.256	16.069	0	84	315.505	263	1258	74	83	88.718	55.971	117.766	0.492	1.585	0.631	0.856
220	1526	46.364	23.020	1	109	171.924	3857	1268	58	41	55.755	34.848	164.807	0.649	1.600	0.625	0.887
221	233	26.300	11.947	1	64	63.598	2736	1295	22	17	20.247	14.652	171.617	0.724	1.382	0.724	0.841
222	141	32.730	14.610	0	67	57.113	2781	1309	19	14	17.994	9.977	147.422	0.543	1.804	0.554	0.768
223	31	34.903	8.384	19	50	20.142	2787	1332	6	7	7.350	5.370	128.112	0.960	1.369	0.731	0.886
224	38	12.289	5.024	4	22	39.456	2936	1341	8	12	9.516	5.084	115.548	0.307	1.872	0.534	0.571
225	47	47.426	11.738	12	66	31.213	3499	1354	10	8	9.823	6.092	169.714	0.606	1.612	0.620	0.746
226	46	13.674	6.596	2	29	25.556	777	1362	8	8	7.710	7.596	49.311	0.885	1.015	0.985	0.868
227	46	32.652	8.887	18	52	26.385	2280	1362	7	10	9.408	6.226	104.433	0.830	1.511	0.662	0.836
228	22	28.591	10.927	3	47	18.142	1589	1371	6	6	6.817	4.109	125.957	0.840	1.659	0.603	0.800
229	106	30.009	10.874	4	59	42.042	36	1374	13	13	13.370	10.094	136.368	0.754	1.325	0.755	0.825
230	67	24.343	9.214	7	48	37.456	2485	1375	12	11	12.706	6.714	36.567	0.600	1.893	0.528	0.770
231	64	15.266	7.618	1	35	35.799	1710	1383	10	9	9.465	8.609	20.055	0.628	1.099	0.910	0.776
232	1130	47.309	21.585	3	116	189.823	3418	1388	62	32	55.894	25.741	9.433	0.394	2.171	0.461	0.764
233	104	64.135	14.155	18	90	42.042	3003	1394	12	12	12.343	10.728	174.253	0.739	1.151	0.869	0.839
234	1094	43.480	22.535	1	117	176.409	1673	1396	32	60	57.899	24.058	96.854	0.442	2.407	0.416	0.784
235	7769	28.178	16.398	0	129	611.897	1006	1403	151	107	131.387	75.287	171.273	0.261	1.745	0.573	0.699
236	19	23.895	12.727	10	45	18.142	3270	1406	6	6	7.039	3.437	134.665	0.725	2.048	0.488	0.717
237	21	18.952	8.726	3	36	19.899	130	1412	4	8	7.040	3.798	102.609	0.666	1.853	0.540	0.792
238	87	40.069	15.037	2	70	45.698	2405	1424	14	12	12.019	9.217	149.555	0.524	1.304	0.767	0.719
239	23	32.000	8.970	15	53	18.142	786	1433	7	5	6.481	4.519	11.853	0.878	1.434	0.697	0.807
240	26	15.192	8.256	2	33	33.799	140	1435	8	10	6.620	5.001	70.259	0.286	1.324	0.755	0.486
241	1171	43.585	23.001	1	115	142.368	2804	1436	48	33	48.128	30.979	16.617	0.726	1.554	0.644	0.920
242	107	39.654	16.122	5	84	46.284	2214	1445	19	10	16.505	8.254	168.932	0.628	2.000	0.500	0.811
243	1535	33.461	14.584	0	79	177.823	3905	1452	60	36	59.542	32.824	175.712	0.610	1.814	0.551	0.892
244	53	17.226	9.506	1	45	42.284	307	1458	9	16	14.065	4.798	74.028	0.373	2.931	0.341	0.582
245	57	34.018	11.261	11	56	28.728	3450	1459	9	8	10.327	7.027	148.933	0.868	1.470	0.680	0.905
246	175	49.914	20.027	10	105	60.527	749	1464	22	12	21.762	10.239	168.866	0.600	2.125	0.470	0.845
247	59	14.034	6.114	1	27	39.698	198	1465	13	9	10.831	6.936	1.684	0.470	1.562	0.640	0.663
248	146	51.603	18.665	4	98	49.113	3814	1465	15	16	17.021	10.921	60.449	0.761	1.559	0.642	0.841
249	27	17.000	7.751	5	32	22.385	578	1475	8	7	6.831	5.033	137.629	0.677	1.357	0.737	0.684
250	232	56.056	18.161	4	105	64.184	582	1479	15	23	23.806	12.408	85.002	0.708	1.919	0.521	0.844
251	17	17.824	7.073	5	29	21.556	3615	1487	5	7	6.496	3.332	101.649	0.460	1.950	0.513	0.596
252	39	22.333	7.995	7	41	24.971	1654	1491	8	7	8.486	5.851	12.072	0.786	1.450	0.690	0.830
253	16	22.062	10.884	5	45	17.314	3818	1500	5	6	6.621	3.077	117.961	0.671	2.152	0.465	0.762
254	3117	43.466	23.409	0	109	282.049	1959	1510	88	66	87.865	45.168	21.708	0.492	1.945	0.514	0.834
255	490	34.759	15.821	0	80	119.539	3608	1525	43	28	37.455	16.657	26.400	0.431	2.249	0.445	0.769
256	23	17.391	8.272	2	31	23.556	2469	1527	9	6	7.374	3.971	30.510	0.521	1.857	0.539	0.622
257	28	25.964	11.047	7	47	22.142	861	1550	7	7	7.061	5.049	163.341	0.718	1.398	0.715	0.747
258	79	17.785	9.703	1	40	34.870	1401	1552	12	11	10.175	9.885	23.115	0.816	1.029	0.972	0.823
259	1472	51.812	24.857	3	122	188.752	2553	1560	63	43	65.566	28.585	163.964	0.519	2.294	0.436	0.811
260	27	19.630	7.354	5	33	22.142	1267	1566	8	6	8.925	3.852	145.106	0.692	2.317	0.432	0.783
261	35	24.629	9.735	10	41	25.799	3252	1568	8	9	8.823	5.051	128.380	0.661	1.747	0.573	0.722
262	289	32.509	14.896	2	67	95.983	1140	1581	21	33	30.905	11.906	107.411	0.394	2.596	0.385	0.674
263	55	11.673	6.110	1	28	34.142	136	1584	12	8	12.756	5.490	24.239	0.593	2.324	0.430	0.738
264	22	41.318	12.767	10	58	21.556	436	1585	8	5	6.531	4.289	164.869	0.595	1.523	0.657	0.710
265	19	9.368	4.310	2	17	20.142	887	1586	6	6	5.168	4.681	0.764	0.589	1.104	0.906	0.704
266	52	23.019	10.069	1	40	28.385	1725	1590	9	9	8.216	8.058	165.964	0.811	1.020	0.981	0.819
267	3783	36.683	22.805	1	120	350.818	961	1594	101	72	86.664	55.578	0.689	0.386	1.559	0.641	0.756
268	161	26.224	11.783	5	61	52.527	1167	1595	14	17	16.590	12.357	63.911	0.733	1.343	0.745	0.843
269	66	22.909	9.158	4	39	36.627	1965	1602	12	9	12.334	6.813	160.746	0.618	1.810	0.552	0.763
270	21	14.619	7.671	2	27	22.971	2712	1606	7	8	7.762	3.445	119.349	0.500	2.253	0.444	0.609
271	34	14.000	6.906	1	30	24.728	2706	1608	6	8	7.894	5.484	89.833	0.699	1.440	0.695	0.800
272	1299	23.335	10.390	1	62	162.409	2310	1621	40	47	46.004	35.952	84.752	0.619	1.280	0.781	0.882
273	31	33.290	7.984	13	44	20.142	67	1642	7	6	7.004	5.636	148.517	0.960	1.243	0.805	0.873
274	207	20.188	9.371	0	50	88.811	1732	1643	17	26	23.593	11.171	112.897	0.330	2.112	0.473	0.679
275	21	21.952	7.173	6	37	18.142	2797	1656	6	6	5.629	4.750	61.343	0.802	1.185	0.844	0.764
276	31	43.355	10.722	19	65	23.556	3745	1661	8	7	7.324	5.389	152.736	0.702	1.359	0.736	0.765
277	216	49.991	16.936	4	89	59.113	2267	1664	17	19	19.822	13.875	116.772	0.777	1.429	0.700	0.861
278	70	55.814	16.601	5	89	31.556	878	1666	9	10	11.027	8.082	130.591	0.883	1.364	0.733	0.903
279	22	23.364	13.443	4	54	18.728	2346	1666	6	6	7.063	3.966	120.045	0.788	1.781	0.561	0.772
280	51	27.863	13.031	4	65	31.799	3456	1669	12	8	10.547	6.157	24.962	0.634	1.713	0.584	0.756
281	2681	35.701	19.423	1	104	299.019	2647	1670	76	69	77.260	44.183	137.054	0.377	1.749	0.572	0.794
282	20	28.900	12.447	6	50	19.314	2810	1676	6	6	5.538	4.598	86.203	0.674	1.204	0.830	0.714
283	71	36.479	14.448	7	64	34.385	198	1685	14	7	13.337	6.778	177.762	0.755	1.968	0.508	0.866
284	19	28.316	8.165	13	41	16.728	2061	1685	6	5	6.533	3.703	34.158	0.853	1.764	0.567	0.826
285	252	22.210	10.642	0	49	71.598	1990	1691	18	20	18.271	17.561	9.300	0.618	1.040	0.961	0.839
286	23	14.043	6.285	1	27	32.627	1145	1695	10	6	8.551	3.425	165.506	0.272	2.497	0.401	0.465
287	35	24.143	8.872	1	41	23.314	1265	1696	8	6	7.506	5.937	151.766	0.809	1.264	0.791	0.843
288	135	15.459	7.792	1	35	58.770	40	1699	13	19	17.604	9.764	87.939	0.491	1.803	0.555	0.711
289	99	21.889	10.410	2	42	40.627	197	1703	13	12	13.019	9.682	129.080	0.754	1.345	0.744	0.839
290	1746	46.557	24.749	2	124	180.309	3823	1705	56	51	51.850	42.875	138.578	0.675	1.209	0.827	0.897
291	20	31.000	9.476	12	46	17.314	3783	1716	6	5	5.463	4.661	149.295	0.838	1.172	0.853	0.833
292	64	21.922	8.558	6	40	56.770	30	1721	20	10	16.471	4.947	21.581	0.250	3.329	0.300	0.516
293	1495	48.342	28.514	1	130	178.309	1506	1723	39	60	58.225	32.692	102.120	0.591	1.781	0.561	0.872
294	4720	38.466	24.976	0	134	347.404	1798	1725	103	86	98.009	61.317	148.141	0.491	1.598	0.626	0.843
295	17	25.412	10.938	5	44	15.556	2100	1726	6	5	5.568	3.887	31.793	0.883	1.433	0.698	0.756
296	496	22.141	10.497	0	54	113.296	3738	1729	27	33	28.070	22.499	88.915	0.486	1.248	0.802	0.803
297	3075	30.078	15.631	1	92	269.179	488	1733	75	64	81.341	48.133	133.813	0.533	1.690	0.592	0.877
298	119	35.672	11.154	13	62	44.870	3560	1735	14	13	15.453	9.805	145.473	0.743	1.576	0.635	0.844
299	41	21.780	9.825	5	45	26.385	2645	1737	9	8	8.854	5.896	150.979	0.740	1.502	0.666	0.781
300	1560	41.338	19.006	1	93	250.593	3144	1745	85	50	85.695	23.178	155.070	0.312	3.697	0.270	0.661
301	236	37.847	19.389	2	83	60.184	2527	1770	21	16	19.189	15.659	171.758	0.819	1.225	0.816	0.889
302	21	34.095	11.657	7	56	16.728	247	1771	6	5	6.602	4.050	147.418	0.943	1.630	0.613	0.875
303	469	17.362	9.059	1	46	117.539	464	1782	33	28	34.951	17.085	36.529	0.427	2.046	0.489	0.789
304	174	59.218	16.772	11	91	52.527	2755	1782	20	12	19.124	11.585	6.157	0.792	1.651	0.606	0.883
305	509	41.057	20.236	3	87	99.154	1010	1789	32	25	29.607	21.890	166.929	0.651	1.353	0.739	0.852
306	92	37.076	12.775	3	64	38.042	283	1816	12	11	11.056	10.595	167.000	0.799	1.044	0.958	0.844
307	44	19.955	8.947	2	46	26.971	2711	1816	8	8	8.376	6.689	147.244	0.760	1.252	0.799	0.807
308	304	51.095	19.645	4	107	75.255	609	1824	25	21	24.124	16.045	156.294	0.675	1.504	0.665	0.856
309	49	19.918	9.358	4	47	31.799	2689	1824	7	10	9.413	6.628	80.724	0.609	1.420	0.704	0.766
310	146	22.226	10.666	1	52	48.527	224	1827	15	15	14.251	13.044	45.930	0.779	1.093	0.915	0.856
311	21	34.571	13.966	9	62	17.556	3015	1833	6	6	5.549	4.818	139.410	0.856	1.152	0.868	0.792
312	46	41.152	13.984	10	64	28.971	3048	1839	8	9	8.419	6.957	31.568	0.689	1.210	0.826	0.786
313	131	26.321	11.018	6	58	53.698	3982	1842	17	11	16.252	10.263	173.111	0.571	1.583	0.632	0.784
314	20	19.700	8.535	4	41	23.314	3062	1847	4	10	7.865	3.238	90.327	0.462	2.429	0.412	0.678
315	3820	40.485	21.476	0	116	306.392	3694	1850	105	60	96.095	50.614	0.071	0.511	1.899	0.527	0.847
316	48	33.854	14.695	5	63	27.556	2198	1856	11	6	10.612	5.759	172.094	0.794	1.843	0.543	0.857
317	142	51.176	14.491	5	82	53.113	484	1861	17	15	18.632	9.704	138.655	0.633	1.920	0.521	0.805
318	22	26.364	10.158	2	44	18.485	1438	1864	7	4	6.588	4.252	175.161	0.809	1.550	0.645	0.880
319	171	32.023	13.656	1	77	53.355	621	1868	16	18	17.718	12.289	116.598	0.755	1.442	0.694	0.836
320	653	53.502	27.702	2	131	129.782	3431	1878	34	34	32.378	25.679	155.285	0.487	1.261	0.793	0.774
321	29	22.276	11.554	7	53	20.728	2980	1881	5	8	7.257	5.088	101.865	0.848	1.426	0.701	0.866
322	157	82.955	23.428	5	128	50.042	651	1884	17	13	17.648	11.327	157.793	0.788	1.558	0.642	0.892
323	73	25.151	8.632	8	48	34.385	1533	1887	10	11	10.012	9.284	86.159	0.776	1.078	0.927	0.830
324	29	17.000	8.876	2	34	19.314	2007	1887	7	5	7.248	5.094	160.001	0.977	1.423	0.703	0.921
325	4639	43.508	22.078	0	127	395.446	3064	1895	100	89	102.271	57.754	145.358	0.373	1.771	0.565	0.728
326	35	27.686	12.213	9	65	24.142	2177	1908	10	5	9.390	4.746	2.887	0.755	1.979	0.505	0.843
327	292	37.596	13.857	4	70	73.012	2427	1909	18	22	21.247	17.498	113.596	0.688	1.214	0.824	0.874
328	150	33.973	11.999	2	62	49.698	486	1927	16	13	15.457	12.356	17.835	0.763	1.251	0.799	0.867
329	1565	30.022	13.051	1	71	185.581	337	1929	51	48	50.340	39.583	23.035	0.571	1.272	0.786	0.855
330	680	58.034	29.183	1	136	106.468	1111	1935	30	34	34.275	25.260	118.974	0.754	1.357	0.737	0.897
331	64	53.312	12.138	15	82	30.627	2098	1938	9	11	11.773	6.921	127.230	0.857	1.701	0.588	0.865
332	54	31.741	13.163	6	58	30.627	816	1941	10	9	9.894	6.949	143.874	0.723	1.424	0.702	0.777
333	50	18.760	8.475	2	37	32.971	2005	1952	11	8	9.785	6.506	28.464	0.578	1.504	0.665	0.741
334	1383	23.354	10.833	0	58	174.309	1877	1953	56	41	52.115	33.788	175.762	0.572	1.542	0.648	0.856
335	719	39.292	17.772	2	89	122.711	1406	1955	47	23	46.590	19.649	171.248	0.600	2.371	0.422	0.877
336	1089	37.690	20.483	0	92	142.953	228	1965	46	33	45.071	30.764	162.395	0.670	1.465	0.683	0.892
337	46	50.652	16.353	9	79	27.213	1844	1970	9	9	8.106	7.226	124.157	0.781	1.122	0.891	0.780
338	27	15.148	7.236	1	31	35.799	3866	1971	7	13	9.470	3.630	63.660	0.265	2.609	0.383	0.505
339	31	25.903	10.015	5	45	22.385	3331	1972	9	6	8.614	4.582	32.056	0.777	1.880	0.532	0.795
340	25	35.280	11.422	9	50	19.314	1686	1977	7	5	6.309	5.045	159.924	0.842	1.251	0.800	0.877
341	75	36.560	14.054	3	64	34.385	104	1978	11	10	12.976	7.359	135.609	0.797	1.763	0.567	0.862
342	69	28.232	12.576	2	57	34.627	3049	1986	13	9	12.134	7.240	8.000	0.723	1.676	0.597	0.798
343	343	25.259	11.280	1	55	80.569	2960	1998	23	25	25.152	17.363	129.274	0.664	1.449	0.690	0.837
344	658	55.413	22.887	5	132	132.468	2731	2014	49	24	49.950	16.773	12.887	0.471	2.978	0.336	0.781
345	55	26.473	12.268	1	51	33.799	3729	2031	12	9	9.618	7.281	171.792	0.605	1.321	0.757	0.728
346	316	42.294	16.170	5	82	75.598	1526	2035	27	16	25.729	15.638	179.803	0.695	1.645	0.608	0.872
347	30	35.267	13.784	13	64	20.142	2069	2048	6	7	6.847	5.579	56.381	0.929	1.227	0.815	0.870
348	32	41.469	13.125	4	64	22.142	32	2058	7	7	7.271	5.604	42.785	0.820	1.297	0.771	0.810
349	55	50.891	12.258	9	73	28.971	1863	2062	10	8	9.441	7.417	177.312	0.823	1.273	0.786	0.859
350	33	31.576	8.551	12	51	22.971	2859	2065	7	7	6.934	6.059	15.760	0.786	1.144	0.874	0.815
351	123	49.366	15.383	10	78	44.284	3047	2067	16	12	14.718	10.641	174.485	0.788	1.383	0.723	0.879
352	46	41.457	11.688	19	66	25.314	3715	2070	8	7	8.290	7.065	19.864	0.902	1.173	0.852	0.911
353	534	40.629	15.305	2	88	98.326	3763	2072	31	26	28.803	23.606	20.332	0.694	1.220	0.820	0.867
354	1162	33.845	14.535	2	80	149.095	2567	2079	47	40	45.283	32.673	21.604	0.657	1.386	0.722	0.881
355	191	12.948	6.708	1	34	75.497	1493	2081	19	21	17.500	13.896	53.952	0.421	1.259	0.794	0.685
356	21	19.429	9.384	1	41	17.314	1848	2085	5	6	7.249	3.688	57.151	0.880	1.965	0.509	0.857
357	64	15.750	7.213	1	37	40.527	450	2086	11	12	10.242	7.956	126.576	0.490	1.287	0.777	0.681
358	25	13.240	6.078	3	27	28.385	2207	2089	10	8	7.181	4.433	24.362	0.390	1.620	0.617	0.521
359	937	24.830	11.546	1	65	141.439	3359	2111	50	28	48.539	24.579	164.650	0.589	1.975	0.506	0.878
360	25	12.440	8.032	2	36	35.213	9	2124	9	10	7.653	4.159	47.739	0.253	1.840	0.543	0.442
361	16	11.875	7.411	2	28	16.142	1575	2125	6	5	5.548	3.672	149.927	0.772	1.511	0.662	0.744
362	30	33.367	12.686	5	56	19.899	2221	2128	6	6	6.819	5.601	38.263	0.952	1.217	0.821	0.909
363	23	12.435	6.953	3	31	18.142	3668	2140	6	6	6.121	4.784	133.178	0.878	1.280	0.782	0.807
364	18	13.833	5.993	5	26	18.971	2462	2152	7	6	6.661	3.441	37.534	0.629	1.936	0.517	0.655
365	3375	40.213	23.245	0	122	323.747	1731	2153	88	79	80.613	53.306	30.516	0.405	1.512	0.661	0.752
366	1992	49.964	26.486	1	135	191.723	1962	2159	62	45	59.251	42.806	5.989	0.681	1.384	0.722	0.904
367	90	38.844	13.718	8	73	40.627	1514	2181	12	12	13.725	8.349	141.328	0.685	1.644	0.608	0.818
368	451	18.989	8.986	1	48	105.296	2384	2182	24	29	27.449	20.920	103.733	0.511	1.312	0.762	0.813
369	28	29.000	15.154	2	68	20.142	1547	2192	7	6	6.841	5.211	178.665	0.867	1.313	0.762	0.812
370	320	23.800	10.919	2	57	76.426	3910	2196	23	21	22.050	18.478	141.066	0.688	1.193	0.838	0.853
371	194	68.928	22.881	8	125	59.598	3550	2197	20	17	18.463	13.378	142.515	0.686	1.380	0.725	0.838
372	104	41.356	14.580	6	66	41.698	3201	2199	12	14	13.806	9.591	115.126	0.752	1.439	0.695	0.825
373	33	21.485	9.083	5	39	21.314	775	2201	7	6	8.032	5.232	152.954	0.913	1.535	0.651	0.892
374	212	21.090	10.012	3	58	59.598	1284	2201	20	18	19.134	14.107	147.525	0.750	1.356	0.737	0.853
375	194	35.144	17.367	2	75	58.426	2569	2202	19	17	17.410	14.188	20.816	0.714	1.227	0.815	0.843
376	63	30.444	10.563	8	52	30.728	3814	2202	9	9	10.146	7.906	165.253	0.838	1.283	0.779	0.887
377	17	17.235	6.379	7	28	17.314	140	2203	5	6	5.424	3.991	118.586	0.713	1.359	0.736	0.773
378	58	56.638	20.956	12	90	29.213	2479	2215	11	8	11.079	6.665	155.974	0.854	1.662	0.602	0.859
379	17	20.471	12.063	0	44	15.071	3609	2220	6	3	6.541	3.309	175.692	0.941	1.977	0.506	0.971
380	16	29.188	7.687	12	41	16.142	1789	2231	5	6	5.602	3.637	121.338	0.772	1.540	0.649	0.744
381	226	43.442	18.619	4	80	62.426	2182	2234	21	17	20.081	14.329	166.231	0.729	1.401	0.714	0.842
382	34	28.529	11.631	7	59	22.971	1813	2254	8	7	7.036	6.153	176.756	0.810	1.143	0.875	0.791
383	196	61.184	17.469	10	105	54.184	141	2259	18	17	16.534	15.093	36.929	0.839	1.095	0.913	0.877
384	25	41.280	12.381	21	67	18.142	2909	2259	7	5	6.682	4.764	170.216	0.954	1.403	0.713	0.862
385	549	43.135	18.825	2	101	102.912	430	2272	34	27	35.783	19.535	148.097	0.651	1.832	0.546	0.865
386	270	29.948	12.858	2	60	71.841	1183	2276	18	23	20.854	16.485	95.884	0.657	1.265	0.791	0.828
387	40	28.675	10.644	10	52	28.385	2002	2283	9	9	10.065	5.060	126.978	0.624	1.989	0.503	0.727
388	5731	29.254	14.747	0	80	382.960	842	2292	81	99	99.936	73.016	87.212	0.491	1.369	0.731	0.876
389	290	44.728	16.986	1	85	70.669	1681	2302	24	20	21.186	17.429	23.575	0.730	1.216	0.823	0.855
390	2779	28.524	12.492	1	72	267.120	1501	2305	59	71	71.190	49.703	108.029	0.489	1.432	0.698	0.876
391	19	20.842	9.281	3	41	19.314	2176	2308	8	4	7.578	3.192	170.525	0.640	2.374	0.421	0.776
392	1939	20.547	10.015	0	61	183.723	3764	2309	53	55	56.034	44.059	48.281	0.722	1.272	0.786	0.919
393	200	28.535	12.664	2	64	63.355	1636	2315	18	19	18.354	13.874	64.593	0.626	1.323	0.756	0.800
394	156	43.840	18.286	5	86	52.527	2821	2324	17	15	16.788	11.831	156.397	0.711	1.419	0.705	0.836
395	367	21.578	10.951	1	59	102.569	2460	2328	28	26	33.364	14.005	48.534	0.438	2.382	0.420	0.800
396	42	24.167	11.094	2	41	30.627	1394	2330	11	9	10.615	5.038	145.512	0.563	2.107	0.475	0.700
397	709	36.764	21.596	1	114	180.652	1394	2340	30	59	48.878	18.469	79.839	0.273	2.646	0.378	0.598
398	20	14.550	7.458	5	28	18.728	457	2343	8	4	7.305	3.486	9.170	0.717	2.096	0.477	0.800
399	39	18.769	9.756	4	43	29.213	1836	2351	10	9	9.340	5.316	142.185	0.574	1.757	0.569	0.655
400	32	24.000	8.409	8	41	20.485	3991	2352	7	5	7.841	5.196	169.446	0.958	1.509	0.663	0.955
401	24	11.917	5.437	4	25	24.142	1832	2358	9	6	7.407	4.125	148.297	0.517	1.796	0.557	0.686
402	21	21.571	9.672	1	35	19.314	435	2359	7	5	7.321	3.652	14.894	0.707	2.005	0.499	0.750
403	481	53.397	28.460	0	123	100.225	1666	2363	31	31	34.103	17.958	133.312	0.602	1.899	0.527	0.836
404	68	63.368	17.664	15	101	32.385	643	2368	12	8	11.498	7.530	171.019	0.815	1.527	0.655	0.883
405	26	29.615	10.863	10	51	20.385	156	2374	8	6	6.688	4.950	167.517	0.786	1.351	0.740	0.754
406	1093	27.230	12.987	1	69	201.380	436	2381	69	36	69.054	20.153	161.622	0.339	3.426	0.292	0.723
407	86	26.628	11.590	4	59	36.627	1825	2383	15	8	13.710	7.986	1.743	0.806	1.717	0.583	0.901
408	258	46.806	17.352	5	85	67.355	1849	2384	24	16	22.913	14.337	8.784	0.715	1.598	0.626	0.867
409	71	30.479	15.107	3	66	36.627	3858	2397	8	14	12.584	7.184	89.715	0.665	1.752	0.571	0.798
410	30	12.600	6.382	2	25	28.971	811	2416	6	11	8.474	4.508	84.867	0.449	1.880	0.532	0.652
411	41	18.756	7.375	5	35	33.799	2348	2416	12	7	10.837	4.817	164.569	0.451	2.249	0.445	0.701
412	28	27.429	9.643	8	45	21.556	2931	2426	9	5	7.789	4.577	173.736	0.757	1.702	0.588	0.812
413	8914	27.698	14.368	0	88	481.085	2393	2444	135	110	130.195	87.175	25.474	0.484	1.493	0.670	0.861
414	116	36.569	15.957	4	68	45.113	2307	2446	17	11	15.787	9.355	164.173	0.716	1.688	0.593	0.844
415	16	21.500	13.957	3	45	16.728	3028	2450	6	5	6.208	3.281	147.601	0.719	1.892	0.529	0.711
416	20	13.600	7.830	1	27	27.556	80	2470	9	6	7.841	3.248	158.540	0.331	2.414	0.414	0.506
417	24	11.292	6.383	1	25	18.728	663	2472	5	7	6.829	4.475	80.644	0.860	1.526	0.655	0.814
418	109	30.917	12.147	5	62	42.870	470	2477	16	11	16.231	8.550	155.491	0.745	1.898	0.527	0.852
419	124	40.024	16.922	8	87	42.527	2967	2501	14	14	14.252	11.078	131.922	0.862	1.287	0.777	0.867
420	49	17.571	8.677	4	38	41.456	3771	2513	10	15	14.185	4.398	118.615	0.358	3.225	0.310	0.645
421	105	15.571	8.190	0	47	54.770	2329	2518	18	12	15.542	8.602	3.866	0.440	1.807	0.553	0.673
422	29	13.310	6.182	1	27	35.213	1563	2526	9	9	8.050	4.587	40.355	0.294	1.755	0.570	0.483
423	108	30.222	12.780	2	55	47.698	17	2536	16	14	17.736	7.753	138.965	0.597	2.288	0.437	0.774
424	244	36.090	14.699	5	75	74.083	1947	2543	27	14	26.550	11.701	5.102	0.559	2.269	0.441	0.827
425	21	19.000	10.344	6	45	22.728	1836	2545	6	7	6.072	4.404	97.351	0.511	1.379	0.725	0.646
426	92	57.620	18.235	7	94	36.627	3966	2548	13	10	12.988	9.019	165.022	0.862	1.440	0.694	0.876
427	45	30.822	14.232	7	60	28.385	2804	2549	10	7	8.365	6.849	176.302	0.702	1.221	0.819	0.796
428	299	53.000	19.249	4	101	67.355	13	2555	22	19	21.737	17.514	170.739	0.828	1.241	0.806	0.905
429	251	76.900	23.053	6	117	62.184	3124	2565	22	16	19.865	16.088	2.396	0.816	1.235	0.810	0.888
430	27	31.222	9.581	15	53	22.142	3646	2566	8	6	7.013	4.902	140.862	0.692	1.431	0.699	0.750
431	4144	47.139	24.976	0	144	388.132	2249	2568	84	90	86.656	60.888	107.633	0.346	1.423	0.703	0.757
432	1687	36.810	17.536	1	90	247.179	1832	2574	92	44	89.669	23.954	16.272	0.347	3.743	0.267	0.787
433	38	21.842	10.683	5	46	23.556	2936	2576	7	8	8.014	6.037	56.191	0.861	1.327	0.753	0.844
434	207	27.531	13.142	2	62	70.426	1552	2605	25	18	26.229	10.048	141.783	0.524	2.610	0.383	0.804
435	5799	33.164	24.004	0	156	411.203	322	2611	124	76	122.505	60.271	14.023	0.431	2.033	0.492	0.818
436	468	34.201	15.330	2	88	98.468	1287	2616	35	25	36.278	16.425	148.505	0.607	2.209	0.453	0.850
437	80	14.900	8.669	0	38	51.941	1950	2620	11	14	11.762	8.660	105.638	0.373	1.358	0.736	0.650
438	28	33.786	10.214	14	50	20.142	1680	2624	7	6	6.760	5.274	161.565	0.867	1.282	0.780	0.812
439	128	51.445	15.333	14	91	46.284	1376	2632	15	14	15.958	10.213	144.697	0.751	1.563	0.640	0.839
440	52	39.635	13.583	7	73	26.385	2354	2633	9	8	8.640	7.663	1.589	0.939	1.128	0.887	0.867
441	30	16.833	9.649	3	41	24.385	3785	2648	7	8	6.818	5.603	42.992	0.634	1.217	0.822	0.706
442	47	26.638	10.178	10	52	28.142	3739	2655	9	8	8.956	6.682	19.236	0.746	1.340	0.746	0.803
443	164	46.341	14.851	7	76	51.113	2653	2674	16	16	18.788	11.114	136.743	0.789	1.690	0.592	0.886
444	18	21.667	9.720	3	41	18.142	1103	2681	7	4	7.262	3.156	0.000	0.687	2.301	0.435	0.735
445	598	20.896	10.235	0	52	108.569	2987	2683	28	30	30.699	24.802	57.408	0.638	1.238	0.808	0.868
446	18	23.944	9.527	7	43	15.899	3710	2715	6	4	6.129	3.739	158.863	0.895	1.639	0.610	0.857
447	139	21.734	10.676	4	58	88.811	269	2718	26	18	20.004	8.847	159.232	0.221	2.261	0.442	0.457
448	86	13.872	8.216	1	34	52.527	3218	2719	14	14	12.146	9.015	132.888	0.392	1.347	0.742	0.625
449	83	27.819	10.337	5	53	36.042	2372	2721	11	12	13.134	8.046	125.947	0.803	1.632	0.613	0.843
450	185	63.492	23.753	6	116	55.941	1445	2723	16	19	18.810	12.523	115.200	0.743	1.502	0.666	0.851
451	89	52.775	12.756	12	88	38.042	3875	2733	14	10	12.442	9.108	176.823	0.773	1.366	0.732	0.832
452	473	17.537	8.601	0	44	120.953	314	2751	30	28	27.766	21.690	37.911	0.406	1.280	0.781	0.779
453	1190	33.355	18.850	1	97	182.066	1153	2757	53	50	63.899	23.712	130.893	0.451	2.695	0.371	0.774
454	497	22.320	9.904	0	57	105.296	2431	2758	28	29	26.914	23.512	64.956	0.563	1.145	0.874	0.809
455	281	12.833	6.496	0	34	98.225	1945	2763	24	22	21.005	17.033	143.241	0.366	1.233	0.811	0.728
456	1586	41.953	23.619	0	114	183.238	3201	2763	52	55	59.464	33.959	130.242	0.594	1.751	0.571	0.847
457	66	30.470	14.280	4	64	34.627	1675	2795	12	10	11.791	7.127	143.112	0.692	1.654	0.604	0.795
458	63	17.571	8.844	3	41	48.870	3089	2798	16	7	13.138	6.105	175.434	0.331	2.152	0.465	0.670
459	27	12.593	6.778	1	27	33.213	1683	2811	11	6	9.914	3.468	177.985	0.308	2.859	0.350	0.491
460	2817	19.886	9.799	0	58	278.877	2627	2850	74	60	69.997	51.241	161.669	0.455	1.366	0.732	0.860
461	39	13.615	7.758	1	36	26.971	1682	2869	11	6	9.329	5.323	6.960	0.674	1.753	0.571	0.788
462	999	26.261	12.581	1	69	149.196	3579	2877	45	32	44.539	28.559	174.923	0.564	1.560	0.641	0.860
463	191	16.246	9.168	1	41	62.184	1355	2890	16	19	17.399	13.977	92.628	0.621	1.245	0.803	0.813
464	2906	37.423	19.296	0	101	278.392	3615	2891	59	86	79.472	46.557	74.173	0.471	1.707	0.586	0.827
465	34	16.029	7.179	4	33	26.385	1256	2899	8	9	10.023	4.319	122.869	0.614	2.321	0.431	0.694
466	4277	28.616	15.049	0	78	339.161	745	2902	97	78	102.469	53.144	34.197	0.467	1.928	0.519	0.857
467	34	41.882	9.698	18	59	23.556	2005	2908	8	7	7.034	6.155	138.142	0.770	1.143	0.875	0.791
468	42	32.095	12.993	3	64	25.314	2034	2909	7	7	7.769	6.883	141.857	0.824	1.129	0.886	0.894
469	1104	24.010	12.183	1	78	153.782	2902	2937	43	39	44.716	31.435	141.796	0.587	1.423	0.703	0.869
470	46	23.304	8.882	4	39	25.314	3375	2974	7	8	8.265	7.087	111.034	0.902	1.166	0.857	0.911
471	81	40.469	14.672	7	67	44.284	2702	2976	15	10	12.811	8.050	7.886	0.519	1.591	0.628	0.686
472	84	19.190	10.208	1	42	43.456	3570	2976	12	12	11.027	9.699	68.427	0.559	1.137	0.880	0.753
473	110	28.491	12.404	6	68	47.113	2586	2977	13	13	13.780	10.163	145.454	0.623	1.356	0.738	0.780
