 	Area	Mean	StdDev	Min	Max	Perim.	BX	BY	Width	Height	Major	Minor	Angle	Circ.	AR	Round	Solidity
1	1198	73.832	43.804	2	195	274.953	379	1	123	17	109.119	13.979	177.642	0.199	7.806	0.128	0.789
2	428	34.294	13.057	3	74	102.184	1709	1	42	15	37.403	14.570	178.333	0.515	2.567	0.390	0.894
3	20	43.550	11.569	22	70	33.071	2958	1	16	2	15.969	1.595	2.169	0.230	10.014	0.100	0.769
4	28	24.321	11.447	6	58	29.899	2593	5	14	3	14.765	2.415	179.980	0.394	6.115	0.164	0.800
5	31	36.581	11.221	7	60	21.556	1246	8	9	5	8.807	4.482	17.317	0.838	1.965	0.509	0.849
6	17	18.000	11.467	1	41	18.142	2887	8	7	5	6.462	3.350	158.005	0.649	1.929	0.518	0.708
7	41	17.829	9.810	4	45	37.799	2515	10	15	6	12.754	4.093	5.004	0.361	3.116	0.321	0.636
8	105	33.581	16.705	4	81	45.698	2352	18	19	9	17.048	7.842	173.329	0.632	2.174	0.460	0.811
9	120	67.767	39.788	3	152	50.870	1756	42	19	12	18.907	8.081	148.317	0.583	2.340	0.427	0.808
10	2670	37.416	17.160	0	91	251.321	3775	59	88	50	81.751	41.584	170.547	0.531	1.966	0.509	0.879
11	23	15.565	7.832	2	31	19.556	3184	60	8	5	6.617	4.426	174.637	0.756	1.495	0.669	0.754
12	26	34.692	12.386	13	58	22.142	987	62	9	5	7.850	4.217	177.751	0.666	1.862	0.537	0.743
13	3789	33.719	16.900	1	96	324.090	2004	65	115	52	111.435	43.292	170.238	0.453	2.574	0.388	0.886
14	87	44.782	18.245	7	80	50.284	184	78	21	7	18.159	6.100	1.267	0.432	2.977	0.336	0.747
15	63	60.651	25.990	3	124	36.142	2296	98	15	6	13.867	5.785	174.486	0.606	2.397	0.417	0.851
16	467	27.645	13.071	2	76	93.983	732	106	33	21	32.972	18.034	160.170	0.664	1.828	0.547	0.879
17	817	65.728	36.423	2	159	146.024	3477	107	56	30	53.671	19.382	157.769	0.481	2.769	0.361	0.848
18	16	43.625	13.667	23	66	19.314	1286	118	8	4	6.673	3.053	165.773	0.539	2.185	0.458	0.681
19	1113	29.465	12.695	0	70	154.510	901	136	46	40	38.493	36.815	18.494	0.586	1.046	0.956	0.849
20	23	29.348	15.438	4	58	20.728	1243	136	9	4	8.629	3.394	172.744	0.673	2.543	0.393	0.807
21	30	44.567	16.109	18	83	24.971	2304	140	10	5	9.406	4.061	2.517	0.605	2.316	0.432	0.741
22	151	73.040	29.541	8	151	57.113	1417	141	24	10	22.425	8.573	172.339	0.582	2.616	0.382	0.841
23	48	32.708	19.522	3	75	36.627	529	151	14	7	12.147	5.031	170.703	0.450	2.414	0.414	0.667
24	82	26.500	11.898	2	53	40.385	2132	155	17	7	15.358	6.798	173.412	0.632	2.259	0.443	0.854
25	115	48.104	22.861	2	118	46.627	473	172	18	9	17.532	8.352	5.077	0.665	2.099	0.476	0.849
26	2815	51.199	25.255	1	136	373.061	1345	178	138	60	127.635	28.081	159.896	0.254	4.545	0.220	0.649
27	22	61.364	12.450	33	85	17.899	51	188	7	4	6.801	4.119	179.165	0.863	1.651	0.606	0.898
28	258	48.899	21.062	3	114	65.698	945	196	22	16	21.036	15.616	170.512	0.751	1.347	0.742	0.893
29	84	104.714	41.625	7	184	36.971	1	197	15	7	15.128	7.070	3.819	0.772	2.140	0.467	0.913
30	16	40.812	10.968	25	59	21.899	2305	220	10	3	9.134	2.230	178.551	0.419	4.095	0.244	0.696
31	31	54.000	20.411	21	92	25.556	3896	230	11	5	9.521	4.146	166.467	0.596	2.297	0.435	0.775
32	172	15.953	8.593	1	43	71.841	1320	233	22	14	20.238	10.821	170.958	0.419	1.870	0.535	0.727
33	116	15.560	7.948	1	39	44.870	2362	238	14	14	15.042	9.819	47.528	0.724	1.532	0.653	0.832
34	24	40.958	9.607	23	55	21.556	2879	250	9	4	8.622	3.544	1.025	0.649	2.433	0.411	0.774
35	30	64.267	21.070	28	101	24.728	1302	254	10	4	10.116	3.776	174.305	0.617	2.679	0.373	0.833
36	32	16.906	8.066	5	43	28.142	1565	262	12	4	11.555	3.526	172.671	0.508	3.277	0.305	0.780
37	301	60.850	26.647	1	124	86.770	3733	272	34	14	32.315	11.860	174.892	0.502	2.725	0.367	0.808
38	81	32.247	16.615	1	74	47.213	3366	296	17	10	13.874	7.434	162.912	0.457	1.866	0.536	0.692
39	189	44.989	19.932	4	97	60.184	1717	316	17	18	17.518	13.737	51.249	0.656	1.275	0.784	0.809
40	34	48.500	15.735	17	76	26.728	2536	320	12	4	11.280	3.838	174.913	0.598	2.939	0.340	0.850
41	19	37.474	9.565	22	60	17.899	58	326	7	4	7.279	3.323	167.226	0.745	2.190	0.457	0.826
42	1043	46.935	27.835	0	140	231.966	3813	354	94	27	96.843	13.713	169.898	0.244	7.062	0.142	0.694
43	48	34.417	18.800	5	82	29.556	1643	356	12	6	10.738	5.692	165.407	0.690	1.887	0.530	0.814
44	81	66.333	33.110	6	129	47.213	677	360	21	6	20.880	4.939	174.938	0.457	4.227	0.237	0.802
45	200	40.185	17.854	4	87	65.941	215	362	23	15	22.286	11.427	165.484	0.578	1.950	0.513	0.818
46	18	46.500	18.212	23	88	23.314	1072	370	10	3	10.184	2.250	2.886	0.416	4.525	0.221	0.706
47	16	42.188	9.975	27	63	18.728	3804	370	8	4	6.997	2.912	165.689	0.573	2.403	0.416	0.696
48	128	23.539	10.763	4	52	50.770	305	375	17	14	14.600	11.162	6.074	0.624	1.308	0.765	0.771
49	53	36.849	18.800	1	72	31.799	52	376	12	8	12.780	5.280	151.682	0.659	2.420	0.413	0.822
50	61	49.033	17.190	12	75	34.971	3789	386	13	7	12.940	6.002	166.672	0.627	2.156	0.464	0.787
51	31	27.355	12.032	4	56	24.142	897	388	10	5	10.182	3.877	167.633	0.668	2.626	0.381	0.805
52	124	43.169	16.681	4	86	52.284	2903	390	20	9	20.030	7.882	177.158	0.570	2.541	0.394	0.813
53	2514	30.139	14.113	0	83	240.693	3333	398	76	54	73.418	43.599	161.774	0.545	1.684	0.594	0.869
54	875	25.262	10.966	1	59	134.953	1184	404	43	30	41.113	27.098	173.797	0.604	1.517	0.659	0.879
55	5410	33.726	17.343	0	102	434.517	2836	409	148	68	134.175	51.338	170.245	0.360	2.614	0.383	0.761
56	2013	49.903	30.073	0	175	227.522	334	418	85	40	79.763	32.133	165.543	0.489	2.482	0.403	0.841
57	9737	54.843	37.421	1	228	750.423	3402	451	249	111	229.202	54.090	162.384	0.217	4.237	0.236	0.726
58	19	32.632	15.460	8	64	28.142	3874	456	12	3	9.954	2.430	179.685	0.301	4.096	0.244	0.585
59	62	52.516	22.977	8	105	36.385	1111	459	15	7	14.752	5.351	157.195	0.589	2.757	0.363	0.827
60	385	69.364	35.995	1	157	97.255	3377	459	41	16	35.826	13.683	174.319	0.512	2.618	0.382	0.822
61	17	28.765	12.691	5	48	18.728	753	488	7	4	7.315	2.959	0.343	0.609	2.472	0.405	0.708
62	51	40.843	11.587	13	62	31.556	960	505	13	6	12.946	5.016	176.596	0.644	2.581	0.387	0.810
63	23	26.652	13.371	7	53	17.899	1247	510	6	5	6.496	4.508	15.330	0.902	1.441	0.694	0.868
64	268	20.925	10.858	1	61	79.497	3360	514	28	18	24.887	13.711	174.242	0.533	1.815	0.551	0.755
65	36	18.444	8.607	5	36	32.971	2006	518	11	7	10.368	4.421	179.438	0.416	2.345	0.426	0.632
66	293	41.737	19.050	5	92	86.426	695	526	36	13	33.459	11.150	177.105	0.493	3.001	0.333	0.837
67	101	30.198	12.599	3	58	44.284	2581	532	16	10	15.341	8.383	170.715	0.647	1.830	0.546	0.802
68	1940	53.604	31.805	0	165	200.794	959	534	66	52	57.125	43.240	148.450	0.605	1.321	0.757	0.855
69	499	50.255	27.134	3	128	119.882	3847	569	44	23	35.350	17.973	179.888	0.436	1.967	0.508	0.758
70	57	32.544	10.772	14	58	30.385	2754	584	10	9	10.483	6.923	147.139	0.776	1.514	0.660	0.832
71	18	37.444	11.142	18	56	19.314	2499	594	8	4	7.566	3.029	167.115	0.606	2.497	0.400	0.735
72	35	30.000	11.594	7	51	28.385	2855	600	10	6	9.023	4.939	9.624	0.546	1.827	0.547	0.714
73	75	36.347	16.171	5	80	35.213	3160	609	15	7	14.519	6.577	176.843	0.760	2.207	0.453	0.882
74	1572	28.571	13.929	0	68	209.380	1375	612	73	38	73.583	27.201	163.042	0.451	2.705	0.370	0.859
75	170	55.129	28.776	6	125	60.527	264	618	23	11	21.114	10.251	0.282	0.583	2.060	0.486	0.837
76	36	38.944	17.287	3	80	26.971	1118	621	11	6	9.872	4.643	174.194	0.622	2.126	0.470	0.727
77	27	31.630	7.806	11	46	21.314	1324	640	9	4	8.651	3.974	10.838	0.747	2.177	0.459	0.871
78	73	29.548	11.407	6	56	38.870	777	643	15	9	12.605	7.374	176.839	0.607	1.709	0.585	0.745
79	60	36.350	15.904	2	59	38.627	2587	646	16	7	15.012	5.089	169.171	0.505	2.950	0.339	0.723
80	97	67.010	23.874	5	117	43.456	2310	648	17	9	15.921	7.757	174.697	0.645	2.052	0.487	0.805
81	151	68.377	27.729	11	131	50.284	2192	652	20	11	18.707	10.277	0.024	0.750	1.820	0.549	0.878
82	60	56.567	20.865	14	94	30.971	1605	654	12	7	12.530	6.097	172.108	0.786	2.055	0.487	0.851
83	115	25.522	13.755	0	57	48.284	3295	664	16	13	16.516	8.865	141.183	0.620	1.863	0.537	0.796
84	64	81.344	27.504	15	148	32.627	3113	668	11	9	11.242	7.248	161.957	0.755	1.551	0.645	0.805
85	117	105.641	41.330	21	188	46.870	1141	678	19	9	18.611	8.004	173.490	0.669	2.325	0.430	0.851
86	120	36.925	20.457	4	86	51.698	2699	688	19	12	16.977	9.000	5.721	0.564	1.886	0.530	0.750
87	17410	45.081	31.181	0	201	753.193	1531	698	193	162	169.749	130.588	18.690	0.386	1.300	0.769	0.807
88	27	14.852	9.441	3	41	22.728	120	699	7	7	7.327	4.692	129.074	0.657	1.562	0.640	0.750
89	50	55.220	16.473	28	99	33.799	2995	699	14	6	14.087	4.519	172.275	0.550	3.117	0.321	0.781
90	78	14.385	7.986	1	37	64.426	3081	711	15	13	13.301	7.467	154.582	0.236	1.781	0.561	0.580
91	37	38.216	16.204	3	65	25.556	3599	722	10	6	9.223	5.108	154.891	0.712	1.806	0.554	0.813
92	34	48.882	16.660	13	83	27.556	801	740	12	5	11.640	3.719	167.626	0.563	3.130	0.320	0.782
93	52	44.808	12.637	20	68	32.385	2684	742	13	7	12.834	5.159	175.890	0.623	2.488	0.402	0.765
94	27	18.815	6.171	8	34	24.142	2681	752	6	8	7.463	4.606	68.261	0.582	1.620	0.617	0.711
95	23	22.957	8.839	6	41	18.142	3511	760	6	6	5.779	5.068	168.875	0.878	1.140	0.877	0.807
96	22	43.136	21.820	15	87	20.142	1255	762	8	5	7.635	3.669	6.052	0.681	2.081	0.480	0.721
97	529	40.718	18.676	1	86	100.912	3053	765	36	20	36.508	18.449	171.844	0.653	1.979	0.505	0.897
98	24	41.833	15.395	17	73	21.314	3416	765	9	4	9.586	3.188	167.265	0.664	3.007	0.333	0.814
99	92	30.511	14.409	7	69	37.213	3309	766	14	9	13.214	8.865	4.963	0.835	1.491	0.671	0.889
100	31	20.871	9.858	3	37	21.899	3497	778	9	4	9.160	4.309	176.542	0.812	2.126	0.470	0.925
101	58	86.879	25.844	39	136	33.213	3409	783	14	7	13.142	5.619	163.889	0.661	2.339	0.428	0.823
102	34	80.794	21.372	42	121	27.556	2955	798	12	4	11.585	3.737	0.360	0.563	3.100	0.323	0.810
103	23	46.261	23.113	11	95	21.899	2742	804	10	3	10.011	2.925	176.626	0.603	3.422	0.292	0.868
104	60	76.967	23.444	27	133	36.971	219	808	16	6	15.057	5.074	173.107	0.552	2.967	0.337	0.828
105	59	93.542	36.904	21	162	42.385	911	808	19	5	16.817	4.467	174.372	0.413	3.765	0.266	0.766
106	17	51.294	19.984	23	101	18.485	527	810	8	3	8.545	2.533	179.482	0.625	3.373	0.296	0.829
107	94	60.160	19.022	17	117	38.042	3444	820	14	10	12.778	9.367	2.474	0.816	1.364	0.733	0.847
108	351	59.453	28.815	3	137	97.983	747	824	37	16	32.891	13.587	1.866	0.459	2.421	0.413	0.771
109	228	52.237	36.836	2	169	65.941	1201	841	25	14	23.001	12.621	1.389	0.659	1.822	0.549	0.854
110	52	32.731	11.601	5	62	28.627	1540	850	11	8	9.860	6.715	26.597	0.797	1.468	0.681	0.832
111	144	46.340	19.051	10	92	55.113	806	854	21	12	19.714	9.300	166.678	0.596	2.120	0.472	0.804
112	799	23.029	10.011	1	53	123.539	2907	856	38	32	37.089	27.429	157.093	0.658	1.352	0.740	0.873
113	66	47.212	21.349	7	93	43.213	1532	862	18	7	16.653	5.046	176.441	0.444	3.300	0.303	0.746
114	2946	38.317	20.662	1	113	254.735	2645	867	80	65	77.109	48.645	153.897	0.571	1.585	0.631	0.857
115	508	47.325	28.116	0	126	97.397	1919	870	32	25	29.590	21.859	169.037	0.673	1.354	0.739	0.869
116	136	56.934	23.652	3	149	51.698	3144	897	21	9	20.852	8.304	175.925	0.639	2.511	0.398	0.861
117	323	69.653	32.260	4	167	85.255	614	899	35	15	31.771	12.944	171.569	0.558	2.454	0.407	0.843
118	2115	32.172	14.184	0	75	213.865	1314	899	70	45	69.474	38.761	167.750	0.581	1.792	0.558	0.900
119	298	26.205	10.480	0	51	81.497	258	900	26	18	23.403	16.212	157.785	0.564	1.444	0.693	0.813
120	226	47.566	21.387	6	101	69.255	1080	900	25	16	25.339	11.356	157.794	0.592	2.231	0.448	0.828
121	165	15.745	8.754	1	39	60.770	2635	910	22	13	20.835	10.083	178.076	0.561	2.066	0.484	0.789
122	32	60.688	31.253	9	111	24.142	1017	923	10	5	10.295	3.958	171.797	0.690	2.601	0.384	0.790
123	55	45.436	18.054	14	87	39.456	397	932	16	8	13.426	5.216	161.285	0.444	2.574	0.388	0.683
124	34	36.000	19.497	4	72	28.385	420	939	12	5	10.922	3.964	5.617	0.530	2.756	0.363	0.716
125	65	69.738	21.200	28	124	33.213	1988	948	13	8	12.623	6.556	158.724	0.740	1.925	0.519	0.839
126	572	69.708	38.909	3	187	172.711	3666	948	73	14	76.024	9.580	179.881	0.241	7.936	0.126	0.675
127	184	16.598	9.242	1	46	68.083	65	957	19	18	16.918	13.848	126.291	0.499	1.222	0.818	0.727
128	64	50.672	26.444	1	99	44.042	807	994	19	6	18.743	4.348	171.920	0.415	4.311	0.232	0.731
129	32	65.531	34.197	9	118	21.556	943	1003	9	5	8.832	4.613	170.646	0.865	1.914	0.522	0.865
130	16	63.125	20.819	36	91	15.071	360	1008	6	3	6.494	3.137	172.427	0.885	2.070	0.483	0.941
131	64	56.062	25.776	6	111	37.456	1615	1008	15	8	14.637	5.567	160.162	0.573	2.629	0.380	0.757
132	29	30.552	16.696	9	65	24.728	975	1015	11	4	10.706	3.449	173.072	0.596	3.104	0.322	0.806
133	2148	27.750	13.937	0	74	234.593	96	1026	64	52	61.877	44.199	157.656	0.490	1.400	0.714	0.871
134	420	41.207	16.087	3	87	90.184	3405	1062	36	17	37.259	14.353	169.456	0.649	2.596	0.385	0.910
135	24	20.250	11.888	1	52	23.899	975	1065	10	4	10.481	2.916	174.129	0.528	3.595	0.278	0.750
136	105	46.114	22.118	6	108	44.627	3014	1069	18	9	18.152	7.365	161.718	0.663	2.465	0.406	0.882
137	31	63.097	18.271	31	100	24.971	2492	1070	10	5	9.143	4.317	172.792	0.625	2.118	0.472	0.795
138	23	20.478	9.765	5	47	24.142	2105	1073	10	4	10.413	2.812	173.420	0.496	3.703	0.270	0.730
139	17	15.235	6.969	3	26	22.142	2117	1074	8	5	7.602	2.847	168.478	0.436	2.670	0.375	0.596
140	2335	33.985	14.387	1	81	208.936	523	1076	58	62	58.126	51.148	95.517	0.672	1.136	0.880	0.902
141	27	43.333	22.646	8	103	25.899	3779	1076	12	3	12.336	2.787	175.037	0.506	4.426	0.226	0.857
142	21	16.667	8.375	1	32	22.728	3374	1083	10	4	10.065	2.657	177.255	0.511	3.789	0.264	0.700
143	65	23.862	10.964	2	50	36.385	1202	1112	15	7	13.888	5.959	168.873	0.617	2.331	0.429	0.823
144	71	32.451	14.858	3	72	53.698	3271	1114	21	10	17.118	5.281	161.698	0.309	3.242	0.308	0.592
145	21	23.095	11.580	3	44	24.728	2335	1143	11	3	10.426	2.564	178.792	0.432	4.066	0.246	0.700
146	1123	29.676	12.179	2	72	160.752	1173	1147	44	37	43.161	33.129	151.474	0.546	1.303	0.768	0.890
147	43	29.628	11.187	7	67	32.385	1930	1148	11	7	10.613	5.159	7.141	0.515	2.057	0.486	0.672
148	16	9.500	5.978	2	25	15.314	2689	1149	6	4	5.795	3.515	172.089	0.857	1.648	0.607	0.800
149	19	49.789	12.182	33	79	20.728	343	1151	9	3	8.685	2.785	175.636	0.556	3.118	0.321	0.776
150	27	58.667	18.888	28	96	21.556	1542	1166	9	5	9.041	3.802	170.648	0.730	2.378	0.421	0.771
151	79	27.101	13.333	4	67	42.870	2954	1168	17	9	15.329	6.562	165.151	0.540	2.336	0.428	0.735
152	24	29.125	16.674	7	59	22.971	308	1178	9	6	7.171	4.261	170.240	0.572	1.683	0.594	0.667
153	22	25.500	12.861	6	51	19.899	951	1178	8	4	8.424	3.325	162.619	0.698	2.533	0.395	0.815
154	25	31.480	12.917	7	57	20.728	2666	1180	9	4	8.659	3.676	176.051	0.731	2.356	0.425	0.833
155	22	17.636	7.455	4	29	28.971	2726	1184	12	5	10.693	2.620	161.842	0.329	4.082	0.245	0.603
156	45	24.711	12.994	2	48	34.385	3387	1191	11	7	9.047	6.333	2.208	0.478	1.429	0.700	0.703
157	88	16.193	7.875	2	36	49.113	3269	1193	17	11	15.810	7.087	17.761	0.458	2.231	0.448	0.690
158	51	84.412	29.809	5	137	28.142	2346	1194	11	6	10.917	5.948	172.196	0.809	1.835	0.545	0.903
159	151	21.735	9.650	1	49	61.941	2434	1202	17	14	17.934	10.720	159.998	0.495	1.673	0.598	0.751
160	78	36.333	15.148	2	66	40.870	1715	1205	15	9	14.554	6.824	8.342	0.587	2.133	0.469	0.776
161	29	22.552	11.903	5	53	28.142	450	1210	8	7	7.750	4.764	19.246	0.460	1.627	0.615	0.659
162	540	57.061	31.438	2	146	107.983	3771	1216	35	25	31.798	21.623	167.576	0.582	1.471	0.680	0.829
163	35	40.371	13.209	8	68	22.971	3207	1225	8	7	8.204	5.432	154.598	0.834	1.510	0.662	0.795
164	25	14.200	6.212	4	33	31.799	3513	1235	10	7	7.506	4.241	169.107	0.311	1.770	0.565	0.490
165	47	45.319	18.197	9	89	29.799	27	1252	12	7	10.788	5.547	168.516	0.665	1.945	0.514	0.764
166	125	70.304	28.015	14	131	45.113	205	1258	16	12	15.861	10.034	160.346	0.772	1.581	0.633	0.847
167	22	16.955	8.915	4	33	18.728	949	1260	6	6	6.119	4.578	61.166	0.788	1.337	0.748	0.772
168	53	29.283	9.836	10	45	33.799	2548	1277	13	8	10.586	6.375	173.399	0.583	1.661	0.602	0.711
169	18	17.111	8.540	1	31	18.728	3863	1286	7	5	5.910	3.878	168.085	0.645	1.524	0.656	0.720
170	36	57.972	23.243	20	108	29.799	433	1290	12	6	11.382	4.027	164.055	0.509	2.826	0.354	0.735
171	29	23.862	10.134	7	45	29.799	3163	1292	12	6	11.340	3.256	160.326	0.410	3.482	0.287	0.624
172	8333	57.851	38.887	0	235	639.955	809	1294	251	90	235.341	45.083	164.281	0.256	5.220	0.192	0.746
173	19	18.632	10.521	1	38	19.314	3862	1294	8	4	7.566	3.197	10.509	0.640	2.367	0.423	0.760
174	118	19.119	9.781	1	46	49.941	3841	1298	15	13	13.369	11.238	11.470	0.595	1.190	0.841	0.784
175	103	82.583	37.791	4	159	45.799	1599	1306	19	8	19.233	6.819	177.268	0.617	2.821	0.355	0.837
176	548	27.905	11.708	1	71	97.740	2858	1307	33	25	32.883	21.219	26.975	0.721	1.550	0.645	0.893
177	166	66.114	32.469	13	146	55.456	3904	1311	21	11	21.457	9.850	170.138	0.678	2.178	0.459	0.862
178	47	68.936	22.836	29	119	32.385	3149	1314	13	7	13.115	4.563	169.988	0.563	2.874	0.348	0.752
179	151	27.874	12.729	0	57	53.698	1325	1317	17	13	17.015	11.299	161.374	0.658	1.506	0.664	0.823
180	193	17.378	7.459	1	35	69.841	2369	1323	22	17	16.670	14.742	10.839	0.497	1.131	0.884	0.755
181	1927	42.708	35.013	0	171	205.823	1966	1360	73	49	67.053	36.591	162.921	0.572	1.833	0.546	0.852
182	82	42.329	19.714	6	91	39.556	773	1371	16	7	15.764	6.623	6.789	0.659	2.380	0.420	0.882
183	32	33.094	11.374	13	54	21.899	1298	1374	9	4	9.496	4.290	172.612	0.838	2.213	0.452	0.955
184	44	52.273	19.493	15	95	28.142	217	1384	12	5	11.472	4.884	10.951	0.698	2.349	0.426	0.854
185	50	21.500	11.305	1	48	36.870	2711	1388	14	7	13.103	4.859	6.667	0.462	2.697	0.371	0.658
186	187	19.610	10.407	0	47	58.184	3031	1397	20	14	18.792	12.670	173.002	0.694	1.483	0.674	0.846
187	129	52.915	18.248	8	100	52.284	2330	1403	20	11	18.523	8.867	169.788	0.593	2.089	0.479	0.806
188	28	24.429	11.338	3	46	22.142	2708	1405	8	5	8.794	4.054	163.941	0.718	2.169	0.461	0.800
189	1064	53.440	29.801	1	150	148.024	215	1419	49	28	50.002	27.094	2.878	0.610	1.846	0.542	0.887
190	26	67.577	19.370	38	103	21.314	1133	1422	9	4	8.975	3.688	167.100	0.719	2.433	0.411	0.839
191	249	43.538	26.215	1	107	61.113	3148	1426	23	14	22.633	14.008	176.101	0.838	1.616	0.619	0.914
192	114	15.123	7.643	2	34	56.770	780	1467	18	13	14.213	10.212	6.656	0.445	1.392	0.719	0.710
193	21	68.714	26.974	21	112	18.728	3593	1474	8	4	8.029	3.330	171.627	0.752	2.411	0.415	0.808
194	208	29.188	11.132	2	60	59.941	305	1476	21	15	20.299	13.046	0.202	0.727	1.556	0.643	0.844
195	261	52.897	22.617	5	103	71.698	3979	1482	20	22	19.937	16.669	136.469	0.638	1.196	0.836	0.864
196	41	27.317	11.422	10	55	27.556	3075	1485	10	7	9.493	5.499	153.471	0.679	1.726	0.579	0.781
197	730	64.875	36.108	1	197	124.368	3296	1487	43	29	40.852	22.752	25.964	0.593	1.796	0.557	0.849
198	99	41.404	16.095	2	75	44.870	68	1492	18	9	17.277	7.296	172.637	0.618	2.368	0.422	0.822
199	21	42.571	12.879	18	65	17.556	386	1511	7	5	5.954	4.490	167.243	0.856	1.326	0.754	0.764
200	57	89.316	28.874	20	139	31.799	919	1516	13	7	11.565	6.275	11.853	0.708	1.843	0.543	0.814
201	20	19.850	10.859	3	37	21.314	1849	1528	8	5	8.240	3.091	164.162	0.553	2.666	0.375	0.741
202	206	28.932	11.564	2	55	64.426	734	1530	24	14	22.597	11.607	2.524	0.624	1.947	0.514	0.816
203	31	32.484	13.527	7	58	22.385	3124	1536	8	7	7.124	5.540	4.452	0.777	1.286	0.778	0.775
204	332	63.039	29.894	3	131	87.255	107	1537	35	15	32.029	13.198	0.739	0.548	2.427	0.412	0.822
205	77	62.519	26.138	14	121	48.284	1312	1542	18	12	17.883	5.482	155.359	0.415	3.262	0.307	0.706
206	36290	41.063	33.470	0	228	1392.680	2006	1544	410	172	338.834	136.367	166.378	0.235	2.485	0.402	0.804
207	16	31.688	11.487	13	48	22.971	2683	1548	8	4	6.542	3.114	4.140	0.381	2.101	0.476	0.561
208	553	65.844	35.098	3	162	113.983	447	1551	44	23	44.494	15.825	159.161	0.535	2.812	0.356	0.864
209	22	35.227	14.316	7	62	21.556	2284	1564	8	6	5.887	4.758	161.995	0.595	1.237	0.808	0.667
210	61	63.787	20.692	9	112	32.385	443	1570	11	8	11.123	6.982	7.340	0.731	1.593	0.628	0.824
211	29	43.207	11.797	14	62	21.899	692	1582	9	4	8.634	4.276	171.308	0.760	2.019	0.495	0.892
212	20	23.850	13.272	5	55	22.728	2637	1583	9	4	9.089	2.802	178.444	0.487	3.244	0.308	0.678
213	845	30.591	11.964	0	64	148.267	3547	1586	44	33	37.517	28.678	169.341	0.483	1.308	0.764	0.803
214	33	48.879	20.829	14	84	25.556	2465	1595	10	5	9.988	4.207	175.090	0.635	2.374	0.421	0.786
215	109	32.789	14.239	1	75	47.698	915	1600	16	13	18.349	7.563	142.355	0.602	2.426	0.412	0.804
216	16	15.625	9.237	4	34	23.556	3023	1603	8	6	6.164	3.305	17.974	0.362	1.865	0.536	0.516
217	48	11.583	5.500	2	26	33.213	1499	1607	13	6	12.229	4.998	164.718	0.547	2.447	0.409	0.733
218	50	13.280	5.904	2	30	41.456	1511	1608	11	11	8.752	7.274	86.102	0.366	1.203	0.831	0.578
219	26	16.885	7.680	4	31	19.314	3415	1611	6	6	6.163	5.371	25.202	0.876	1.147	0.872	0.852
220	838	38.949	17.863	0	99	152.024	2538	1615	59	24	56.196	18.987	169.209	0.456	2.960	0.338	0.834
221	38	32.974	13.875	6	68	23.556	885	1639	7	7	7.541	6.416	34.493	0.861	1.175	0.851	0.854
222	103	31.447	15.768	2	89	45.799	196	1648	19	8	17.704	7.408	172.685	0.617	2.390	0.418	0.873
223	18	25.833	7.270	12	43	17.314	686	1655	7	4	6.523	3.514	171.835	0.755	1.856	0.539	0.783
224	54	10.611	5.957	0	25	35.799	1773	1661	10	10	9.656	7.120	19.991	0.529	1.356	0.737	0.688
225	1158	39.801	21.943	0	112	162.610	1888	1662	60	27	60.457	24.388	171.440	0.550	2.479	0.403	0.901
226	14595	52.081	33.441	0	197	901.134	18	1674	299	106	255.400	72.760	9.263	0.226	3.510	0.285	0.720
227	1071	23.300	10.594	0	59	157.338	3457	1676	47	36	47.275	28.845	165.175	0.544	1.639	0.610	0.838
228	138	47.188	23.326	4	106	50.284	1344	1687	18	12	16.317	10.768	15.993	0.686	1.515	0.660	0.824
229	27	24.037	14.922	2	72	29.899	2717	1687	14	3	14.321	2.400	179.004	0.380	5.966	0.168	0.783
230	26	42.308	17.946	14	76	23.899	2337	1692	10	4	10.275	3.222	174.897	0.572	3.189	0.314	0.839
231	231	79.714	40.427	4	161	93.598	407	1710	40	14	40.988	7.176	166.924	0.331	5.712	0.175	0.731
232	37	16.054	7.814	3	34	28.385	2120	1716	11	6	10.064	4.681	173.281	0.577	2.150	0.465	0.733
233	20	49.350	20.381	16	79	21.899	2466	1730	9	3	9.274	2.746	175.544	0.524	3.377	0.296	0.816
234	33	65.818	23.694	9	97	23.556	250	1738	9	6	8.371	5.019	161.054	0.747	1.668	0.600	0.786
235	77	15.390	8.364	2	39	42.870	2837	1746	12	11	11.021	8.896	158.824	0.526	1.239	0.807	0.720
236	23	51.478	28.675	15	130	23.556	1586	1752	10	4	9.568	3.061	179.270	0.521	3.126	0.320	0.742
237	23	25.174	13.700	5	48	19.314	565	1756	7	5	7.920	3.697	151.236	0.775	2.142	0.467	0.807
238	63	62.460	26.053	10	116	32.385	2746	1757	13	7	12.204	6.573	176.134	0.755	1.857	0.539	0.846
239	9186	39.936	23.413	0	137	620.583	2804	1774	222	88	208.777	56.021	168.050	0.300	3.727	0.268	0.724
240	629	36.631	18.826	1	104	267.321	147	1782	102	52	71.742	11.163	28.978	0.111	6.427	0.156	0.368
241	769	41.127	24.178	1	113	144.267	1759	1782	50	26	47.828	20.472	164.945	0.464	2.336	0.428	0.830
242	19	56.579	20.724	11	97	18.485	2598	1786	8	3	8.062	3.001	171.112	0.699	2.687	0.372	0.884
243	25	54.800	15.389	31	93	19.899	1075	1802	8	4	7.566	4.207	172.973	0.793	1.798	0.556	0.877
244	43	67.233	20.998	19	107	29.213	2009	1804	11	7	11.430	4.790	155.616	0.633	2.386	0.419	0.796
245	18	25.722	11.229	5	43	17.556	2208	1823	7	5	5.655	4.053	155.896	0.734	1.395	0.717	0.706
246	1703	62.784	42.945	1	188	215.238	827	1824	79	36	76.027	28.521	7.209	0.462	2.666	0.375	0.800
247	42	82.024	22.505	31	122	25.556	3780	1841	9	7	9.361	5.712	164.866	0.808	1.639	0.610	0.832
248	125	20.920	11.248	2	64	44.042	3420	1846	16	11	16.268	9.783	168.627	0.810	1.663	0.601	0.877
249	648	75.315	43.871	1	216	103.255	1	1850	32	28	33.724	24.465	148.469	0.764	1.378	0.725	0.916
250	32	47.281	19.341	4	80	28.385	2524	1864	12	6	10.457	3.896	166.053	0.499	2.684	0.373	0.674
251	2175	47.247	23.307	2	126	220.309	348	1872	83	40	83.669	33.098	168.998	0.563	2.528	0.396	0.899
252	308	54.231	24.810	7	113	90.326	3309	1877	38	14	34.654	11.316	178.387	0.474	3.062	0.327	0.809
253	48	50.979	17.736	5	87	32.971	1126	1902	13	7	11.974	5.104	156.801	0.555	2.346	0.426	0.768
254	99	44.333	17.126	3	95	42.870	963	1908	15	12	15.285	8.247	145.929	0.677	1.853	0.540	0.843
255	127	51.307	21.780	3	101	49.113	3523	1910	19	12	17.754	9.108	155.122	0.662	1.949	0.513	0.806
256	22	28.455	10.368	8	56	22.142	1019	1911	9	5	8.398	3.335	9.974	0.564	2.518	0.397	0.721
257	2604	25.436	13.488	0	84	308.434	1089	1912	83	68	80.039	41.424	30.851	0.344	1.932	0.518	0.774
258	74	35.014	21.969	2	101	47.941	3147	1913	18	13	19.444	4.846	148.348	0.405	4.013	0.249	0.667
259	19	20.684	10.061	4	39	20.728	2505	1916	9	4	7.950	3.043	177.434	0.556	2.613	0.383	0.704
260	73	24.205	13.463	3	61	39.213	3718	1934	14	9	12.769	7.279	172.738	0.597	1.754	0.570	0.753
261	1279	33.605	15.561	0	81	203.380	1792	1949	72	33	63.299	25.727	173.292	0.389	2.460	0.406	0.790
262	2093	56.904	32.057	0	162	233.380	3126	1962	85	41	77.670	34.311	171.961	0.483	2.264	0.442	0.849
263	55	22.291	11.729	1	46	30.971	3505	1970	11	8	12.732	5.500	149.885	0.721	2.315	0.432	0.840
264	54	62.685	34.381	7	137	40.385	2515	1972	18	6	17.374	3.957	169.312	0.416	4.390	0.228	0.755
265	30	44.467	18.693	10	82	21.899	2394	1982	9	4	9.471	4.033	171.191	0.786	2.348	0.426	0.938
266	256	41.035	19.919	2	95	65.941	2277	2010	21	17	20.860	15.625	158.818	0.740	1.335	0.749	0.875
267	34	28.853	16.695	1	65	28.971	1092	2014	12	5	11.751	3.684	172.384	0.509	3.190	0.313	0.739
268	82	27.390	13.059	2	58	51.355	613	2021	20	9	15.855	6.585	1.204	0.391	2.408	0.415	0.664
269	27	21.296	12.545	4	50	35.799	2800	2025	15	6	14.510	2.369	164.295	0.265	6.124	0.163	0.519
270	82	49.671	23.918	1	110	50.627	151	2031	22	8	18.162	5.749	176.989	0.402	3.159	0.317	0.704
271	108	42.981	19.826	3	89	50.870	1352	2031	20	10	19.265	7.138	164.436	0.524	2.699	0.370	0.774
272	241	24.888	12.194	1	72	82.669	890	2046	32	13	32.327	9.492	169.418	0.443	3.406	0.294	0.791
273	16	32.625	15.582	4	62	16.728	3928	2063	7	4	6.524	3.123	0.769	0.719	2.089	0.479	0.744
274	20	24.450	6.278	9	36	17.899	366	2065	8	3	7.868	3.236	2.828	0.784	2.431	0.411	0.930
275	54	43.333	17.178	2	79	33.799	2984	2066	14	7	12.713	5.408	176.393	0.594	2.351	0.425	0.750
276	854	24.792	10.661	0	59	141.439	2833	2067	36	38	37.291	29.158	48.005	0.536	1.279	0.782	0.850
277	55	70.709	28.135	13	139	38.627	2254	2068	15	7	14.365	4.875	166.965	0.463	2.947	0.339	0.714
278	32	31.625	16.588	5	64	26.385	2361	2070	10	6	9.324	4.370	163.592	0.578	2.134	0.469	0.719
279	17	30.882	13.388	11	49	20.142	2664	2096	8	4	6.853	3.159	3.143	0.527	2.170	0.461	0.667
280	1242	53.909	27.067	1	138	177.238	2109	2097	63	34	60.456	26.157	10.814	0.497	2.311	0.433	0.827
281	24	64.792	18.257	38	90	23.314	3346	2098	10	4	9.064	3.371	177.592	0.555	2.688	0.372	0.774
282	137	54.686	23.194	8	107	51.456	1274	2099	20	10	20.278	8.602	169.264	0.650	2.357	0.424	0.856
283	24	39.042	16.667	7	75	20.385	3872	2100	8	6	8.981	3.402	145.850	0.726	2.640	0.379	0.750
284	248	20.673	10.323	2	55	73.012	1415	2126	26	18	23.893	13.216	158.713	0.585	1.808	0.553	0.809
285	25	17.920	7.889	5	35	23.556	2664	2129	9	6	9.261	3.437	157.973	0.566	2.694	0.371	0.704
286	46	45.870	18.691	9	87	30.142	2616	2137	13	5	13.072	4.481	170.555	0.636	2.917	0.343	0.852
287	39	91.872	34.141	26	171	32.142	1073	2142	14	4	13.511	3.675	173.401	0.474	3.676	0.272	0.804
288	40	70.825	19.441	32	104	29.556	282	2149	12	6	11.434	4.454	165.246	0.575	2.567	0.390	0.769
289	56	59.196	24.689	15	105	40.385	3485	2152	18	6	17.764	4.014	164.537	0.431	4.426	0.226	0.800
290	126	50.984	19.098	19	98	46.870	2741	2154	15	12	14.930	10.745	159.087	0.721	1.389	0.720	0.851
291	34	41.412	15.190	2	64	22.728	3870	2170	9	5	9.444	4.584	175.735	0.827	2.060	0.485	0.861
292	88	64.580	31.879	7	141	40.042	1301	2173	16	9	16.259	6.891	165.240	0.690	2.359	0.424	0.826
293	53	79.302	22.105	37	147	31.799	205	2177	13	7	12.661	5.330	178.888	0.659	2.376	0.421	0.774
294	2368	34.891	16.836	1	89	222.108	1547	2189	67	46	66.900	45.068	172.656	0.603	1.484	0.674	0.901
295	27	50.519	20.401	7	82	27.556	3572	2196	12	4	10.298	3.338	169.610	0.447	3.085	0.324	0.720
296	17	36.765	15.197	7	61	19.899	3028	2206	9	3	8.771	2.468	176.277	0.539	3.554	0.281	0.791
297	48	31.500	10.106	6	50	33.456	1692	2215	11	9	9.017	6.778	175.954	0.539	1.330	0.752	0.681
298	45	26.289	12.571	1	68	27.799	1191	2216	11	7	9.741	5.882	7.531	0.732	1.656	0.604	0.776
299	607	54.807	27.223	5	149	127.882	750	2217	48	27	42.998	17.974	151.235	0.466	2.392	0.418	0.762
300	2826	30.467	15.241	1	93	273.463	1040	2220	78	69	88.477	40.668	36.387	0.475	2.176	0.460	0.829
301	38	22.211	12.449	4	64	26.385	1363	2224	10	6	10.202	4.743	161.791	0.686	2.151	0.465	0.784
302	19	29.632	14.229	5	59	22.485	1454	2228	10	3	10.209	2.370	177.040	0.472	4.308	0.232	0.776
303	883	55.644	26.272	0	125	147.823	1969	2231	57	37	60.252	18.660	151.795	0.508	3.229	0.310	0.854
304	34	28.735	17.001	3	77	35.556	3058	2231	15	5	15.122	2.863	1.008	0.338	5.282	0.189	0.567
305	38	52.684	25.991	2	104	32.042	2173	2233	13	8	13.520	3.579	146.671	0.465	3.778	0.265	0.710
306	39	54.564	22.662	18	96	32.971	884	2242	13	7	12.687	3.914	158.608	0.451	3.242	0.308	0.672
307	22	46.818	16.265	16	72	21.314	2448	2242	9	4	8.104	3.457	162.797	0.609	2.344	0.427	0.759
308	1117	30.070	12.916	1	70	155.681	2203	2244	43	37	41.423	34.334	2.317	0.579	1.206	0.829	0.865
309	298	24.077	12.287	2	67	95.154	3656	2259	31	17	29.323	12.939	11.748	0.414	2.266	0.441	0.777
310	38	21.579	10.088	3	43	24.385	2607	2270	9	7	9.515	5.085	153.295	0.803	1.871	0.534	0.826
311	49	43.224	17.013	10	79	30.385	1462	2274	12	6	11.926	5.231	173.561	0.667	2.280	0.439	0.824
312	473	21.042	10.548	0	61	100.811	1096	2290	28	28	29.240	20.597	41.251	0.585	1.420	0.704	0.829
313	1310	40.104	23.571	1	134	167.338	502	2292	50	42	50.352	33.126	137.048	0.588	1.520	0.658	0.845
314	6254	35.538	19.367	0	102	408.416	768	2296	140	75	142.751	55.781	166.611	0.471	2.559	0.391	0.875
315	27	45.370	19.809	5	75	25.556	2227	2316	11	4	10.624	3.236	171.132	0.519	3.283	0.305	0.740
316	837	20.969	11.298	0	68	149.539	3607	2320	51	26	45.733	23.303	173.991	0.470	1.963	0.510	0.827
317	40	33.025	11.515	7	59	27.556	313	2327	11	5	11.398	4.468	175.687	0.662	2.551	0.392	0.833
318	519	58.160	26.652	5	144	109.255	54	2338	44	18	42.898	15.404	7.451	0.546	2.785	0.359	0.859
319	157	36.656	14.379	2	69	55.355	3007	2358	19	13	17.484	11.433	8.476	0.644	1.529	0.654	0.811
320	17	30.941	13.562	4	57	14.728	1145	2367	6	4	5.596	3.868	13.838	0.985	1.447	0.691	0.850
321	40	40.750	17.409	10	81	30.385	3330	2417	12	7	11.075	4.599	154.764	0.544	2.408	0.415	0.727
322	57	31.000	14.526	2	65	30.385	2387	2422	11	8	11.730	6.187	18.624	0.776	1.896	0.527	0.838
323	33	23.333	9.681	5	51	29.556	2733	2434	13	5	13.415	3.132	170.827	0.475	4.283	0.233	0.742
324	67	91.731	32.538	10	148	34.142	834	2468	14	6	14.334	5.952	8.338	0.722	2.408	0.415	0.905
325	168	71.018	34.625	4	162	60.770	2743	2472	25	11	23.231	9.208	172.819	0.572	2.523	0.396	0.834
326	2282	38.233	19.164	0	101	253.806	1492	2476	71	62	73.354	39.610	135.354	0.445	1.852	0.540	0.782
327	41	57.805	24.448	10	110	25.556	353	2478	9	7	8.458	6.172	169.963	0.789	1.370	0.730	0.812
328	19	34.789	15.736	8	66	21.556	3263	2485	9	5	9.423	2.567	151.729	0.514	3.671	0.272	0.679
329	210	34.600	17.161	1	87	67.255	441	2486	19	20	20.161	13.262	131.306	0.583	1.520	0.658	0.787
330	43	27.535	11.158	8	49	24.142	325	2520	9	6	9.342	5.860	1.123	0.927	1.594	0.627	0.905
331	44	48.341	13.851	15	82	29.556	897	2520	12	6	10.707	5.232	166.341	0.633	2.046	0.489	0.800
332	5218	40.266	21.932	0	121	468.801	61	2525	167	59	149.302	44.499	172.115	0.298	3.355	0.298	0.771
333	16	26.250	12.493	3	46	16.485	3948	2531	7	3	6.831	2.982	1.559	0.740	2.291	0.437	0.865
334	22	20.227	9.517	5	41	18.142	346	2533	7	5	7.246	3.866	156.546	0.840	1.874	0.533	0.815
335	290	18.945	9.693	0	45	75.255	2035	2533	27	19	26.266	14.058	27.962	0.643	1.868	0.535	0.824
336	781	57.378	27.805	1	158	152.368	3057	2545	55	25	49.478	20.098	171.653	0.423	2.462	0.406	0.737
337	41	91.073	22.791	51	133	26.385	926	2547	11	6	10.720	4.870	173.337	0.740	2.201	0.454	0.804
338	18	19.278	9.354	7	36	18.728	3776	2574	7	5	6.506	3.522	166.850	0.645	1.847	0.541	0.692
339	604	30.190	14.304	1	70	103.740	1431	2581	35	24	33.562	22.914	179.026	0.705	1.465	0.683	0.897
340	17	16.941	8.415	3	31	17.314	2137	2585	7	3	7.627	2.838	176.667	0.713	2.688	0.372	0.829
341	382	30.848	17.465	2	79	99.598	3264	2588	43	14	37.227	13.065	0.333	0.484	2.849	0.351	0.831
342	43	12.581	6.280	1	27	45.213	2858	2591	9	10	9.307	5.882	120.291	0.264	1.582	0.632	0.577
343	363	58.317	31.834	5	142	90.669	664	2621	33	18	28.987	15.944	166.619	0.555	1.818	0.550	0.820
344	75	15.373	9.342	2	46	34.142	614	2628	12	8	12.316	7.754	173.249	0.809	1.588	0.630	0.888
345	22	56.591	15.386	36	92	18.728	3943	2647	7	5	6.523	4.294	169.589	0.788	1.519	0.658	0.800
346	37	24.135	10.379	3	44	26.971	2657	2652	11	6	11.338	4.155	155.422	0.639	2.729	0.366	0.796
347	21	51.810	23.246	11	90	19.071	1167	2663	8	3	8.212	3.256	2.165	0.726	2.522	0.396	0.933
348	31	15.677	7.582	1	30	25.556	2898	2665	9	7	9.327	4.232	148.707	0.596	2.204	0.454	0.713
349	1801	63.477	39.759	1	181	228.208	279	2671	84	42	80.136	28.615	159.283	0.435	2.800	0.357	0.845
350	1777	51.708	30.500	0	145	253.480	2393	2684	97	34	98.383	22.997	173.079	0.348	4.278	0.234	0.736
351	104	59.519	20.628	21	111	44.284	979	2701	16	11	14.558	9.096	177.244	0.666	1.601	0.625	0.782
352	83	42.241	14.459	10	73	40.627	3828	2708	14	10	14.822	7.130	160.720	0.632	2.079	0.481	0.806
353	1723	25.031	11.926	0	68	224.350	467	2715	79	38	70.096	31.297	164.661	0.430	2.240	0.446	0.835
354	30	44.433	16.008	7	85	26.728	706	2720	12	4	12.053	3.169	173.521	0.528	3.803	0.263	0.833
355	104	44.423	31.156	3	107	75.456	1	2744	34	5	31.869	4.155	0.023	0.230	7.670	0.130	0.707
356	32	30.125	11.918	11	54	24.971	2065	2746	10	6	9.798	4.158	14.315	0.645	2.356	0.424	0.736
357	33	40.970	16.556	3	67	24.142	2674	2754	10	5	9.582	4.385	160.101	0.711	2.185	0.458	0.846
358	251	17.116	9.319	0	43	77.255	1972	2762	26	15	24.178	13.218	10.679	0.528	1.829	0.547	0.818
359	22	47.409	20.736	15	88	21.899	3343	2781	10	3	10.198	2.747	176.873	0.576	3.713	0.269	0.846
360	105	32.733	11.687	4	61	50.527	3104	2782	20	10	17.679	7.562	178.290	0.517	2.338	0.428	0.753
361	125	57.352	20.916	19	100	46.627	209	2792	19	9	18.509	8.599	1.385	0.722	2.153	0.465	0.893
362	16	20.812	7.129	8	36	15.314	587	2803	5	5	5.717	3.563	47.382	0.857	1.605	0.623	0.780
363	24	17.625	9.545	3	39	29.314	875	2806	13	3	13.323	2.294	177.796	0.351	5.808	0.172	0.727
364	16	21.875	8.024	11	43	17.657	3439	2806	8	2	9.027	2.257	0.000	0.645	4.000	0.250	1.000
365	56	27.804	14.291	2	67	29.799	3193	2821	11	8	9.302	7.665	6.251	0.792	1.214	0.824	0.812
366	2653	40.661	23.963	0	127	254.250	3859	2821	90	57	80.186	42.126	155.226	0.516	1.903	0.525	0.850
367	736	25.402	11.134	1	57	132.024	3956	2828	42	24	41.524	22.568	170.321	0.531	1.840	0.543	0.858
368	133	46.195	23.475	2	120	67.698	2780	2829	29	9	26.756	6.329	7.792	0.365	4.227	0.237	0.741
369	38	67.553	19.013	28	98	29.314	3369	2840	13	4	11.806	4.098	173.954	0.556	2.881	0.347	0.854
370	894	26.129	10.743	1	61	134.368	2262	2843	39	34	41.116	27.684	154.140	0.622	1.485	0.673	0.881
371	53	44.377	21.169	3	88	42.627	2031	2868	18	7	18.389	3.670	162.470	0.367	5.011	0.200	0.731
372	158	34.101	18.513	1	85	70.770	3362	2900	29	10	27.235	7.386	169.510	0.396	3.687	0.271	0.756
373	52	21.327	11.142	4	43	38.042	2411	2907	11	9	9.309	7.112	137.647	0.452	1.309	0.764	0.680
374	280	32.846	13.500	4	74	77.255	1775	2913	29	15	28.861	12.353	175.413	0.590	2.336	0.428	0.835
375	92	56.565	23.817	3	112	53.456	1024	2940	22	10	23.027	5.087	159.375	0.405	4.527	0.221	0.692
376	39	73.487	30.073	11	117	26.385	3012	2944	11	6	10.303	4.820	164.956	0.704	2.138	0.468	0.772
377	59	40.610	13.368	12	73	33.556	3133	2960	14	6	14.047	5.348	8.714	0.658	2.627	0.381	0.837
378	20	16.000	7.011	2	30	17.899	1751	2968	5	6	6.183	4.118	141.080	0.784	1.501	0.666	0.800
379	49	33.224	14.805	4	70	33.456	2065	2968	13	8	11.997	5.200	163.963	0.550	2.307	0.433	0.705
380	54	55.852	25.423	12	105	36.385	1417	2969	16	6	14.766	4.656	168.064	0.513	3.171	0.315	0.771
381	17	22.824	10.406	4	47	19.556	2055	2980	7	5	7.217	2.999	158.099	0.559	2.406	0.416	0.630
