 	Area	Mean	StdDev	Min	Max	Perim.	BX	BY	Width	Height	Major	Minor	Angle	Circ.	AR	Round	Solidity
1	34	26.559	8.979	4	45	40.142	2108	1	18	4	16.848	2.569	2.970	0.265	6.557	0.153	0.667
2	48	21.167	10.869	3	49	28.627	2492	1	10	9	10.954	5.579	133.499	0.736	1.963	0.509	0.793
3	208	19.337	9.353	1	44	73.255	186	6	19	17	18.641	14.207	159.415	0.487	1.312	0.762	0.768
4	156	17.814	8.034	1	40	52.284	1182	9	17	15	15.733	12.625	142.516	0.717	1.246	0.802	0.819
5	98	23.531	11.342	4	58	45.456	2979	15	15	11	14.608	8.542	176.324	0.596	1.710	0.585	0.775
6	38	34.605	11.979	8	54	25.556	2018	21	9	7	9.103	5.315	148.707	0.731	1.713	0.584	0.792
7	17	21.353	9.656	4	35	15.314	3574	30	6	4	5.418	3.995	169.020	0.911	1.356	0.737	0.850
8	51	52.118	17.360	5	84	27.799	2865	34	10	8	10.533	6.165	148.051	0.829	1.709	0.585	0.872
9	40	49.975	18.196	4	84	26.385	3447	34	11	6	9.863	5.164	167.590	0.722	1.910	0.524	0.825
10	625	42.483	16.455	2	83	107.296	371	37	33	31	36.375	21.877	139.722	0.682	1.663	0.601	0.868
11	29	30.897	10.675	8	45	22.142	3906	40	9	5	7.495	4.927	178.873	0.743	1.521	0.657	0.784
12	166	14.681	7.448	1	38	83.012	939	44	20	17	17.271	12.237	163.446	0.303	1.411	0.709	0.647
13	361	25.335	11.894	2	61	89.154	181	46	23	28	28.683	16.025	120.956	0.571	1.790	0.559	0.821
14	424	69.467	26.813	4	126	86.669	2428	48	29	22	27.884	19.360	169.806	0.709	1.440	0.694	0.864
15	28	40.536	12.960	10	69	21.556	2720	59	9	5	8.450	4.219	167.317	0.757	2.003	0.499	0.824
16	1822	54.192	28.614	1	155	218.208	2992	94	74	49	60.344	38.444	3.057	0.481	1.570	0.637	0.763
17	3484	32.517	14.694	0	92	290.635	2444	96	79	66	73.246	60.563	22.764	0.518	1.209	0.827	0.882
18	21	16.667	8.817	3	31	18.485	3932	101	7	4	6.961	3.841	3.904	0.772	1.812	0.552	0.857
19	4473	32.331	15.217	0	86	311.262	3251	102	98	65	95.713	59.503	4.886	0.580	1.609	0.622	0.915
20	22	22.455	8.672	5	41	18.728	2750	110	8	4	7.374	3.798	179.293	0.788	1.941	0.515	0.830
21	62	18.097	8.606	3	42	45.698	3484	112	10	14	11.417	6.914	102.225	0.373	1.651	0.606	0.605
22	110	20.418	10.010	0	49	52.527	545	126	12	16	14.710	9.521	103.090	0.501	1.545	0.647	0.728
23	38	21.868	9.963	4	43	24.971	1160	127	9	7	8.607	5.621	0.191	0.766	1.531	0.653	0.792
24	23	25.391	11.284	4	47	20.142	1490	128	7	5	7.074	4.140	170.024	0.712	1.709	0.585	0.767
25	204	33.520	13.926	2	63	59.598	257	135	19	18	17.551	14.799	22.817	0.722	1.186	0.843	0.831
26	21	35.476	18.373	3	74	18.728	3626	136	7	5	6.234	4.289	29.386	0.752	1.454	0.688	0.764
27	16	11.188	7.626	0	31	14.485	434	146	4	5	4.846	4.204	98.677	0.958	1.153	0.868	0.889
28	40	24.850	11.630	4	43	26.971	3671	146	10	6	10.092	5.046	163.373	0.691	2.000	0.500	0.816
29	1004	19.129	9.817	0	53	153.439	661	151	48	37	46.929	27.240	31.093	0.536	1.723	0.580	0.847
30	739	21.451	10.229	1	75	153.338	2662	151	43	37	41.018	22.939	148.930	0.395	1.788	0.559	0.769
31	425	35.922	12.639	3	81	99.154	857	178	31	24	31.182	17.354	152.190	0.543	1.797	0.557	0.833
32	47	45.745	15.785	14	81	26.385	527	185	9	7	9.311	6.427	166.250	0.848	1.449	0.690	0.870
33	70	29.800	13.405	8	55	32.870	788	211	12	10	10.435	8.542	160.925	0.814	1.222	0.819	0.805
34	578	25.851	10.823	2	59	110.225	3688	218	36	24	34.505	21.328	164.480	0.598	1.618	0.618	0.856
35	157	63.898	20.536	5	103	51.113	2917	225	18	14	16.691	11.977	173.443	0.755	1.394	0.718	0.835
36	1172	42.427	20.599	0	104	176.167	1911	228	44	54	44.853	33.270	70.320	0.475	1.348	0.742	0.770
37	70	42.957	18.541	1	73	35.213	1677	232	13	9	14.212	6.271	156.249	0.709	2.266	0.441	0.833
38	28	24.750	10.617	4	49	19.556	1219	235	7	6	6.120	5.826	117.984	0.920	1.050	0.952	0.812
39	18	27.611	12.253	5	53	17.071	2000	236	6	4	5.650	4.056	153.999	0.776	1.393	0.718	0.857
40	1115	41.299	21.140	1	110	160.267	1854	237	54	38	54.480	26.058	152.728	0.546	2.091	0.478	0.849
41	1792	24.116	10.227	0	60	204.451	2456	240	49	52	49.979	45.652	120.845	0.539	1.095	0.913	0.875
42	124	48.532	15.605	21	86	44.284	1017	241	15	12	13.930	11.334	5.541	0.795	1.229	0.814	0.852
43	27	35.000	12.676	13	60	18.728	809	244	6	6	6.941	4.953	36.894	0.967	1.401	0.714	0.900
44	53	28.151	10.354	7	51	31.799	3129	249	11	8	10.591	6.372	157.282	0.659	1.662	0.602	0.785
45	284	51.655	17.240	5	90	68.770	406	254	21	20	22.641	15.971	144.873	0.755	1.418	0.705	0.875
46	172	28.384	10.950	2	55	60.770	676	262	20	14	17.436	12.560	172.092	0.585	1.388	0.720	0.817
47	728	49.573	21.323	3	106	112.711	77	273	34	32	33.741	27.472	35.398	0.720	1.228	0.814	0.891
48	38	33.579	9.093	14	55	24.971	3935	281	10	5	10.002	4.837	2.778	0.766	2.068	0.484	0.844
49	187	44.797	20.101	3	87	82.184	2003	291	33	12	32.902	7.237	179.246	0.348	4.547	0.220	0.647
50	24	30.042	9.778	7	44	17.556	3339	293	6	6	7.227	4.228	140.690	0.978	1.709	0.585	0.857
51	16	21.312	8.577	8	35	17.314	3353	305	7	4	5.783	3.522	3.388	0.671	1.642	0.609	0.727
52	22	36.318	9.459	19	52	19.314	3242	311	7	5	6.805	4.116	3.913	0.741	1.653	0.605	0.772
53	1151	39.387	16.433	1	97	145.196	3846	333	46	37	45.629	32.118	151.972	0.686	1.421	0.704	0.907
54	980	64.122	29.587	2	145	144.267	957	334	52	29	49.272	25.324	176.626	0.592	1.946	0.514	0.854
55	63	15.540	7.785	3	32	44.870	790	336	15	11	10.828	7.408	148.961	0.393	1.462	0.684	0.597
56	444	28.347	11.103	3	63	97.740	835	341	29	23	25.615	22.070	15.124	0.584	1.161	0.862	0.835
57	55	21.036	11.185	1	51	31.556	3454	341	12	6	12.465	5.618	173.755	0.694	2.219	0.451	0.866
58	595	42.543	16.916	1	94	104.225	1027	344	38	24	36.754	20.612	167.122	0.688	1.783	0.561	0.881
59	142	22.099	10.703	1	54	55.941	3685	346	18	12	18.380	9.837	8.117	0.570	1.869	0.535	0.796
60	55	25.800	11.331	7	58	36.042	2343	385	13	9	12.046	5.813	167.633	0.532	2.072	0.483	0.675
61	19	34.737	10.154	15	55	17.071	348	406	7	3	7.562	3.199	174.596	0.819	2.364	0.423	0.950
62	24	32.625	14.755	6	56	20.142	3431	407	8	5	7.169	4.262	172.652	0.743	1.682	0.595	0.814
63	29	40.448	11.413	12	68	22.728	526	408	9	5	8.578	4.304	179.530	0.705	1.993	0.502	0.829
64	327	35.028	11.856	4	71	81.740	599	422	29	17	26.692	15.598	170.517	0.615	1.711	0.584	0.852
65	99	56.283	10.794	15	80	40.627	1344	424	11	13	11.326	11.129	140.698	0.754	1.018	0.983	0.839
66	43	12.140	7.373	1	36	30.385	3886	430	8	10	10.220	5.357	117.502	0.585	1.908	0.524	0.711
67	3895	41.962	26.260	0	141	320.635	1671	446	110	58	93.791	52.876	168.919	0.476	1.774	0.564	0.832
68	303	51.485	18.074	7	97	69.598	1172	454	20	20	20.715	18.623	112.628	0.786	1.112	0.899	0.890
69	3002	57.209	32.768	0	173	312.049	793	459	111	49	104.566	36.554	169.827	0.387	2.861	0.350	0.774
70	107	42.103	16.417	7	75	45.113	2361	469	16	13	16.370	8.322	148.948	0.661	1.967	0.508	0.790
71	34	27.059	11.515	6	46	22.142	2573	470	6	8	7.565	5.722	86.790	0.871	1.322	0.756	0.861
72	46	23.804	9.892	2	39	29.213	3380	474	11	8	11.320	5.174	139.969	0.677	2.188	0.457	0.793
73	332	23.154	10.807	3	57	98.225	3332	476	31	21	26.915	15.706	157.463	0.432	1.714	0.584	0.748
74	40	25.125	10.183	5	41	26.971	3876	478	7	8	8.331	6.113	109.317	0.691	1.363	0.734	0.784
75	122	77.467	25.317	4	131	44.627	343	480	15	12	16.603	9.356	153.034	0.770	1.775	0.564	0.871
76	18	28.556	11.778	2	49	16.728	3550	492	7	4	7.271	3.152	160.843	0.808	2.307	0.433	0.818
77	30	46.867	14.207	21	74	19.556	240	493	7	6	7.605	5.023	147.291	0.986	1.514	0.660	0.882
78	175	15.903	8.151	1	38	57.598	3631	496	18	15	16.214	13.742	172.234	0.663	1.180	0.848	0.816
79	20	32.200	11.510	11	53	16.728	1831	500	6	5	5.671	4.490	168.299	0.898	1.263	0.792	0.816
80	1022	37.476	17.117	1	84	143.681	3801	514	48	36	44.553	29.207	29.492	0.622	1.525	0.656	0.868
81	99	51.061	18.775	10	103	39.213	382	519	13	11	12.455	10.121	148.334	0.809	1.231	0.813	0.872
82	7752	40.124	26.084	0	132	492.642	2246	524	118	126	132.834	74.304	138.288	0.401	1.788	0.559	0.827
83	170	33.371	13.072	4	66	53.113	2463	530	19	13	20.139	10.748	156.956	0.757	1.874	0.534	0.879
84	154	70.052	24.469	7	134	53.113	2579	533	16	14	14.631	13.401	38.026	0.686	1.092	0.916	0.830
85	59	26.559	9.658	6	50	29.799	1843	537	11	8	9.815	7.653	20.247	0.835	1.282	0.780	0.837
86	41	41.122	12.720	12	63	30.385	936	545	10	7	8.970	5.820	157.832	0.558	1.541	0.649	0.739
87	16	22.125	8.995	6	41	19.314	161	562	6	6	5.146	3.959	120.516	0.539	1.300	0.769	0.653
88	54	30.704	11.843	7	52	30.385	3651	562	10	8	9.815	7.005	5.843	0.735	1.401	0.714	0.818
89	245	30.686	14.335	1	73	68.426	1103	566	25	18	26.714	11.677	149.016	0.658	2.288	0.437	0.849
90	16	22.562	8.334	6	37	18.728	2779	585	5	6	5.438	3.746	67.115	0.573	1.452	0.689	0.653
91	20	12.650	7.520	1	26	25.799	1205	603	6	9	7.633	3.336	102.898	0.378	2.288	0.437	0.519
92	37	15.892	8.818	3	37	28.728	2853	606	9	7	7.565	6.228	135.456	0.563	1.215	0.823	0.718
93	108	49.769	17.116	4	85	42.284	1658	610	15	12	16.209	8.483	145.282	0.759	1.911	0.523	0.861
94	88	32.477	12.523	8	61	40.284	3132	611	14	12	12.245	9.150	141.427	0.681	1.338	0.747	0.779
95	926	14.082	7.082	0	41	174.894	1083	612	42	45	50.520	23.338	130.396	0.380	2.165	0.462	0.777
96	21	14.381	8.363	1	37	22.142	1229	615	7	6	6.867	3.894	18.815	0.538	1.763	0.567	0.656
97	651	21.716	9.653	1	52	119.782	3425	622	34	32	32.229	25.718	28.115	0.570	1.253	0.798	0.825
98	36	50.389	19.947	13	95	22.728	1257	626	8	6	8.542	5.366	152.683	0.876	1.592	0.628	0.867
99	351	58.712	33.472	2	128	80.326	592	628	31	19	30.905	14.461	158.908	0.684	2.137	0.468	0.883
100	115	42.800	17.458	3	91	41.698	750	633	15	12	13.440	10.894	176.776	0.831	1.234	0.811	0.836
101	481	53.651	23.054	2	102	95.255	2497	633	33	20	31.761	19.283	172.582	0.666	1.647	0.607	0.883
102	17	34.765	8.250	16	50	18.142	3221	641	7	4	6.231	3.474	175.433	0.649	1.794	0.557	0.723
103	91	49.418	17.731	12	99	41.456	1202	656	15	11	11.754	9.858	173.774	0.665	1.192	0.839	0.774
104	19	26.684	10.478	8	45	18.142	347	658	5	7	6.068	3.986	112.126	0.725	1.522	0.657	0.745
105	341	16.563	8.765	1	46	111.882	190	663	27	26	24.927	17.418	131.754	0.342	1.431	0.699	0.728
106	172	24.581	11.376	4	53	57.355	281	673	20	16	17.222	12.716	155.459	0.657	1.354	0.738	0.785
107	31	44.710	11.305	22	65	20.728	3027	679	8	5	7.568	5.216	164.913	0.907	1.451	0.689	0.886
108	370	62.189	22.964	8	127	86.326	3467	695	28	18	27.751	16.976	0.646	0.624	1.635	0.612	0.871
109	286	14.524	7.719	0	37	103.296	2996	696	27	23	21.558	16.892	144.944	0.337	1.276	0.784	0.677
110	19	25.211	9.756	9	43	18.728	1178	698	6	6	7.283	3.321	139.426	0.681	2.193	0.456	0.760
111	723	24.264	9.850	2	60	127.439	966	716	36	31	32.757	28.102	12.379	0.559	1.166	0.858	0.846
112	24	12.375	6.149	5	24	22.971	192	721	7	7	7.202	4.243	48.998	0.572	1.697	0.589	0.640
113	22	14.227	5.485	5	28	17.314	1487	724	6	5	6.266	4.470	17.024	0.922	1.402	0.713	0.863
114	98	42.898	16.995	13	81	41.698	168	734	14	13	15.663	7.966	134.943	0.708	1.966	0.509	0.813
115	159	58.635	17.503	8	96	50.770	3278	742	17	16	15.732	12.869	51.319	0.775	1.222	0.818	0.850
116	24	17.333	8.079	7	39	18.142	2721	744	6	6	6.528	4.681	33.887	0.916	1.395	0.717	0.828
117	47	31.957	10.644	12	61	28.971	3620	764	10	7	9.283	6.446	176.010	0.704	1.440	0.694	0.810
118	17	14.882	8.536	3	30	19.556	2621	773	7	6	6.397	3.384	135.000	0.559	1.891	0.529	0.607
119	28	27.179	12.320	6	49	19.899	1655	781	7	5	8.055	4.426	162.808	0.889	1.820	0.549	0.889
120	16	20.062	10.624	4	40	15.071	1302	822	6	3	6.103	3.338	174.220	0.885	1.828	0.547	0.941
121	954	36.540	21.127	0	106	147.539	2956	823	40	37	40.789	29.779	41.399	0.551	1.370	0.730	0.831
122	44	30.682	10.067	4	49	26.971	2916	839	10	7	10.579	5.295	27.596	0.760	1.998	0.501	0.846
123	33	31.182	11.235	5	50	22.142	2779	852	9	5	8.941	4.699	163.628	0.846	1.903	0.526	0.868
124	173	50.526	23.314	4	101	56.527	3067	860	22	12	20.853	10.563	168.254	0.680	1.974	0.507	0.874
125	40	52.950	18.673	2	89	24.971	574	868	9	7	9.070	5.615	0.578	0.806	1.615	0.619	0.808
126	61	27.197	12.356	1	58	35.456	3173	896	13	9	11.704	6.636	153.091	0.610	1.764	0.567	0.753
127	23	14.696	9.494	1	32	23.556	132	905	5	9	9.030	3.243	74.399	0.521	2.784	0.359	0.687
128	17	20.176	6.560	11	35	15.899	1933	909	5	5	5.933	3.648	137.118	0.845	1.626	0.615	0.829
129	2868	50.992	28.846	0	134	269.078	3465	922	89	63	73.364	49.774	172.782	0.498	1.474	0.678	0.826
130	95	12.989	6.534	2	32	50.284	1769	924	19	9	16.514	7.325	179.305	0.472	2.254	0.444	0.739
131	82	36.915	13.448	2	67	35.799	1611	928	14	8	13.748	7.595	176.214	0.804	1.810	0.552	0.877
132	1059	40.864	19.316	2	103	158.995	3745	928	36	57	54.060	24.942	71.540	0.526	2.167	0.461	0.783
133	22	31.045	15.280	5	53	18.485	2095	931	7	4	7.101	3.945	165.041	0.809	1.800	0.555	0.880
134	26	37.808	10.859	13	57	20.971	2812	931	8	6	7.401	4.473	161.173	0.743	1.655	0.604	0.754
135	37	33.378	10.738	7	55	22.728	936	935	9	5	9.098	5.178	4.269	0.900	1.757	0.569	0.914
136	35	32.943	10.594	5	62	24.142	938	959	7	8	7.573	5.885	135.933	0.755	1.287	0.777	0.805
137	167	30.982	12.192	3	65	53.113	3035	959	20	13	18.474	11.510	1.588	0.744	1.605	0.623	0.852
138	199	38.688	13.130	9	68	57.113	1	962	20	15	21.344	11.871	148.462	0.767	1.798	0.556	0.881
139	66	21.727	11.086	2	46	33.213	863	997	10	11	10.054	8.358	72.888	0.752	1.203	0.831	0.790
140	26	32.462	10.955	8	55	20.142	3282	1005	8	5	7.556	4.381	173.439	0.805	1.725	0.580	0.800
141	45	46.178	12.320	11	69	26.142	3471	1006	10	6	9.946	5.761	4.418	0.827	1.727	0.579	0.900
142	331	78.148	37.675	1	158	72.184	454	1010	25	19	23.591	17.865	170.230	0.798	1.321	0.757	0.901
143	590	55.536	25.775	4	117	122.024	2423	1017	44	27	42.466	17.690	159.435	0.498	2.401	0.417	0.798
144	40	39.900	16.459	11	72	26.971	830	1018	10	7	10.041	5.072	156.774	0.691	1.980	0.505	0.777
145	107	80.103	21.147	22	121	41.213	1256	1020	15	10	14.672	9.286	170.823	0.792	1.580	0.633	0.870
146	26	27.385	12.215	5	53	20.142	2850	1021	8	5	7.850	4.217	175.375	0.805	1.862	0.537	0.812
147	35	35.800	14.693	8	65	21.556	952	1022	8	6	7.635	5.836	0.504	0.947	1.308	0.764	0.864
148	123	33.496	14.247	1	64	53.012	3517	1022	18	17	22.068	7.097	136.386	0.550	3.110	0.322	0.755
149	95	47.779	14.215	4	76	39.698	3733	1046	15	11	13.808	8.760	154.503	0.758	1.576	0.634	0.830
150	81	27.568	13.579	5	60	46.870	1365	1052	17	8	15.275	6.752	173.242	0.463	2.262	0.442	0.720
151	29	14.690	6.130	1	29	21.556	2240	1053	8	6	7.923	4.660	145.914	0.784	1.700	0.588	0.829
152	1645	24.229	10.088	2	65	207.622	1290	1055	55	60	67.784	30.900	132.487	0.480	2.194	0.456	0.853
153	172	22.983	12.629	1	59	57.941	907	1058	22	13	19.774	11.075	166.232	0.644	1.785	0.560	0.839
154	39	27.103	11.318	7	53	24.142	3249	1061	9	6	9.124	5.442	2.305	0.841	1.677	0.596	0.867
155	28	22.071	11.241	0	48	22.971	64	1062	8	7	7.030	5.071	29.154	0.667	1.386	0.721	0.709
156	51	52.471	13.802	23	81	27.799	3740	1068	10	8	9.950	6.526	158.403	0.829	1.524	0.656	0.823
157	29	23.172	10.546	5	39	20.142	2993	1080	8	5	7.579	4.872	160.443	0.898	1.556	0.643	0.879
158	5809	43.930	23.477	0	126	554.843	2730	1112	161	105	161.706	45.739	144.277	0.237	3.535	0.283	0.654
159	43	24.419	10.060	8	44	29.556	185	1133	8	9	9.512	5.756	52.120	0.619	1.653	0.605	0.775
160	210	25.571	13.334	2	67	59.355	1797	1159	21	16	19.953	13.400	151.830	0.749	1.489	0.672	0.868
161	487	40.345	15.180	4	101	87.497	3145	1162	25	28	27.888	22.234	105.486	0.799	1.254	0.797	0.895
162	2016	29.000	12.709	0	69	217.865	1092	1166	59	58	62.614	40.995	125.863	0.534	1.527	0.655	0.862
163	1976	38.230	21.166	0	116	221.823	1257	1166	81	42	78.571	32.021	160.365	0.505	2.454	0.408	0.862
164	118	25.975	11.361	0	49	47.456	794	1176	16	12	15.622	9.617	156.020	0.658	1.624	0.616	0.817
165	141	29.333	12.198	6	62	51.698	2171	1184	18	14	16.599	10.816	36.179	0.663	1.535	0.652	0.799
166	7622	32.170	17.695	0	108	673.796	789	1186	194	112	170.881	56.792	152.774	0.211	3.009	0.332	0.664
167	82	15.951	9.241	0	39	37.456	3325	1209	12	12	14.511	7.195	129.527	0.734	2.017	0.496	0.820
168	624	26.840	12.606	2	65	119.882	1498	1211	33	34	28.449	27.927	95.937	0.546	1.019	0.982	0.798
169	16	9.812	5.128	4	24	17.899	162	1215	7	4	5.727	3.557	155.157	0.628	1.610	0.621	0.727
170	118	23.788	10.518	3	49	47.698	1654	1233	15	15	18.547	8.101	135.850	0.652	2.290	0.437	0.828
171	172	64.302	25.252	1	110	53.113	1036	1253	20	12	19.589	11.179	173.698	0.766	1.752	0.571	0.873
172	426	16.979	9.266	0	50	105.296	2121	1257	27	30	25.534	21.242	53.836	0.483	1.202	0.832	0.789
173	36	25.167	12.963	5	62	31.213	3773	1257	12	7	11.820	3.878	163.039	0.464	3.048	0.328	0.661
174	62	35.532	14.949	9	69	36.971	3559	1263	16	6	14.760	5.348	173.946	0.570	2.760	0.362	0.821
175	243	45.012	20.274	1	115	69.255	1648	1285	18	23	23.599	13.110	115.884	0.637	1.800	0.556	0.806
176	29	30.172	9.251	13	47	22.971	2954	1286	8	7	8.875	4.160	146.156	0.691	2.133	0.469	0.763
177	43	50.628	15.123	16	82	26.971	3494	1299	10	7	8.915	6.141	159.422	0.743	1.452	0.689	0.843
178	37	14.568	7.140	4	39	44.042	58	1340	10	11	8.425	5.592	78.691	0.240	1.507	0.664	0.468
179	1087	33.753	14.902	2	79	137.924	1900	1351	47	39	42.497	32.567	165.170	0.718	1.305	0.766	0.890
180	5102	39.217	23.225	0	134	345.647	971	1360	105	69	98.000	66.286	175.505	0.537	1.478	0.676	0.874
181	71	31.423	10.202	1	50	32.627	1730	1365	12	9	10.348	8.736	1.503	0.838	1.185	0.844	0.850
182	21	38.667	14.172	5	66	17.314	484	1374	7	4	7.722	3.463	162.812	0.880	2.230	0.448	0.875
183	91	32.527	13.224	3	69	37.799	3622	1388	13	9	13.114	8.835	4.373	0.800	1.484	0.674	0.879
184	159	47.591	29.532	3	115	77.598	2912	1399	32	9	30.773	6.579	2.904	0.332	4.678	0.214	0.684
185	26	34.577	10.863	18	56	20.728	3261	1407	7	6	6.418	5.158	24.893	0.760	1.244	0.804	0.800
186	175	42.394	16.998	5	94	64.184	1948	1408	14	22	21.933	10.159	110.103	0.534	2.159	0.463	0.773
187	28	19.214	8.057	1	32	22.142	1257	1415	8	6	6.914	5.156	169.843	0.718	1.341	0.746	0.767
188	16	25.750	12.482	8	51	15.314	1842	1416	6	4	5.167	3.943	0.000	0.857	1.310	0.763	0.800
189	100	16.440	8.770	1	42	50.284	1710	1430	15	12	12.863	9.898	8.502	0.497	1.300	0.770	0.702
190	33	19.576	9.915	4	41	22.385	2779	1432	8	7	8.395	5.005	145.562	0.828	1.677	0.596	0.815
191	92	32.967	11.211	1	56	38.627	2906	1434	11	12	11.981	9.777	67.738	0.775	1.225	0.816	0.860
192	66	32.712	10.464	9	54	31.456	3459	1444	12	9	10.964	7.665	4.253	0.838	1.430	0.699	0.825
193	30	13.800	7.294	0	27	22.728	964	1447	8	6	8.961	4.263	164.982	0.730	2.102	0.476	0.811
194	345	34.429	13.186	0	66	112.426	1	1461	13	45	37.946	11.576	90.607	0.343	3.278	0.305	0.804
195	59	19.407	8.410	3	37	34.385	1510	1462	13	8	12.286	6.114	19.857	0.627	2.009	0.498	0.771
196	58	34.000	13.732	7	70	28.385	80	1463	10	8	9.864	7.487	144.339	0.905	1.318	0.759	0.879
197	107	16.607	8.335	1	40	67.012	665	1463	15	15	12.223	11.146	14.844	0.299	1.097	0.912	0.628
198	12046	41.322	23.106	0	137	849.619	1745	1464	152	167	148.806	103.070	114.189	0.210	1.444	0.693	0.669
199	30	32.500	11.416	10	52	20.142	1952	1480	7	6	7.090	5.387	3.438	0.929	1.316	0.760	0.870
200	33	33.909	11.254	4	54	21.314	3944	1486	7	6	7.217	5.822	134.912	0.913	1.239	0.807	0.892
201	31	26.710	9.328	4	39	23.556	123	1489	7	8	7.545	5.231	120.920	0.702	1.442	0.693	0.756
202	53	44.849	15.611	21	75	29.799	3859	1489	11	8	9.991	6.754	9.670	0.750	1.479	0.676	0.797
203	20	14.500	6.436	2	25	22.971	1327	1501	9	5	8.414	3.027	165.401	0.476	2.780	0.360	0.635
204	43	15.930	8.738	2	34	39.456	2720	1508	14	10	11.957	4.579	18.662	0.347	2.611	0.383	0.512
205	76	49.487	15.961	10	82	33.213	2364	1510	12	9	11.591	8.349	176.142	0.866	1.388	0.720	0.859
206	343	35.300	14.515	1	70	93.255	2267	1518	30	26	37.551	11.630	143.118	0.496	3.229	0.310	0.757
207	86	26.756	11.702	4	56	51.799	2972	1521	23	6	21.420	5.112	179.243	0.403	4.190	0.239	0.775
208	509	49.426	25.354	0	112	93.154	1405	1544	28	30	35.039	18.496	130.238	0.737	1.894	0.528	0.903
209	66	15.045	8.312	2	38	34.627	2824	1553	13	7	12.860	6.535	176.046	0.692	1.968	0.508	0.820
210	283	26.647	14.263	0	63	74.326	3154	1563	26	20	27.271	13.213	148.141	0.644	2.064	0.485	0.839
211	23	19.957	8.099	2	32	18.142	2436	1570	6	6	5.963	4.911	104.769	0.878	1.214	0.824	0.793
212	34	39.824	13.420	9	63	23.314	1026	1587	9	5	8.132	5.323	175.152	0.786	1.528	0.655	0.872
213	874	27.214	11.966	1	70	140.853	1983	1594	48	28	43.094	25.823	178.036	0.554	1.669	0.599	0.864
214	29	49.862	15.595	22	77	20.971	778	1600	8	6	6.634	5.566	171.098	0.829	1.192	0.839	0.795
215	392	31.416	17.735	1	84	111.640	3680	1607	35	24	30.467	16.382	146.339	0.395	1.860	0.538	0.683
216	84	34.690	16.290	2	64	38.870	416	1609	14	11	13.540	7.899	156.573	0.699	1.714	0.583	0.789
217	64	18.859	10.479	2	40	30.627	1856	1610	12	8	11.134	7.319	12.467	0.857	1.521	0.657	0.859
218	87	58.460	20.238	10	102	40.284	3949	1621	13	13	11.805	9.383	146.722	0.674	1.258	0.795	0.787
219	430	47.060	21.187	1	95	169.581	255	1634	70	33	73.731	7.426	156.221	0.188	9.929	0.101	0.611
220	136	21.662	9.644	3	52	49.941	994	1635	17	14	14.501	11.941	154.449	0.685	1.214	0.823	0.807
221	21	13.000	6.066	4	23	22.142	3027	1635	5	8	8.000	3.342	99.602	0.538	2.393	0.418	0.667
222	43	37.953	13.205	12	71	26.728	707	1648	8	8	8.505	6.437	136.423	0.756	1.321	0.757	0.843
223	33	32.030	13.480	4	53	21.556	3286	1650	9	5	8.841	4.753	167.652	0.892	1.860	0.538	0.868
224	289	15.522	8.533	1	45	76.669	3589	1658	22	22	22.821	16.124	129.176	0.618	1.415	0.707	0.810
225	18	22.944	11.112	3	44	17.314	2647	1670	5	6	5.954	3.849	120.099	0.755	1.547	0.646	0.783
226	1949	35.498	16.273	1	93	216.693	1473	1675	55	60	60.341	41.125	121.450	0.522	1.467	0.682	0.852
227	61	23.459	11.120	2	53	34.385	1743	1677	8	12	11.943	6.503	71.019	0.648	1.836	0.545	0.813
228	85	92.259	22.730	22	128	35.799	3093	1680	13	9	12.431	8.706	14.485	0.833	1.428	0.700	0.885
229	50	36.000	14.194	4	64	28.385	2404	1684	8	9	9.686	6.572	121.986	0.780	1.474	0.679	0.826
230	22	13.273	5.565	5	27	22.142	2498	1687	9	4	8.931	3.136	169.895	0.564	2.848	0.351	0.721
231	288	49.257	20.701	5	106	91.497	511	1688	34	20	33.397	10.980	22.981	0.432	3.042	0.329	0.705
232	44	26.818	11.180	4	52	30.971	240	1692	13	6	11.402	4.913	3.682	0.576	2.321	0.431	0.772
233	21	25.000	10.588	7	45	18.142	921	1699	6	6	6.293	4.249	155.546	0.802	1.481	0.675	0.792
234	492	46.364	20.528	2	99	99.397	1977	1703	31	27	28.432	22.033	30.270	0.626	1.290	0.775	0.819
235	3991	32.048	16.393	0	92	304.090	1404	1706	85	82	101.199	50.213	140.379	0.542	2.015	0.496	0.886
236	18	12.778	6.709	5	28	20.142	1761	1727	8	5	7.821	2.930	163.264	0.558	2.669	0.375	0.679
237	40	66.525	19.226	16	99	24.142	1164	1730	9	6	9.610	5.300	159.737	0.862	1.813	0.552	0.889
238	306	22.575	11.564	0	52	79.255	2824	1734	24	22	24.776	15.725	139.532	0.612	1.576	0.635	0.807
239	231	46.641	20.832	4	99	62.770	3488	1743	24	15	22.035	13.348	171.118	0.737	1.651	0.606	0.872
240	18	11.111	5.989	2	26	21.314	2802	1752	5	8	8.177	2.803	120.474	0.498	2.917	0.343	0.667
241	421	18.390	8.988	0	46	106.711	1213	1762	30	24	27.777	19.298	163.735	0.465	1.439	0.695	0.777
242	25	22.840	13.309	3	48	23.556	3524	1764	6	8	8.032	3.963	132.128	0.566	2.027	0.493	0.704
243	3991	26.887	17.902	0	118	323.647	2201	1794	73	90	90.025	56.446	112.878	0.479	1.595	0.627	0.869
244	21	27.429	12.500	3	48	22.971	3643	1806	8	5	6.657	4.016	173.184	0.500	1.657	0.603	0.636
245	18	27.944	6.512	19	41	18.728	2877	1811	7	5	5.825	3.935	2.959	0.645	1.480	0.676	0.706
246	80	47.587	17.059	7	79	36.042	280	1815	13	10	12.333	8.259	160.250	0.774	1.493	0.670	0.833
247	2685	55.956	30.817	1	165	297.120	3298	1816	79	66	66.916	51.089	162.601	0.382	1.310	0.763	0.726
248	62	54.113	17.451	3	89	33.799	1417	1819	11	10	10.913	7.233	163.403	0.682	1.509	0.663	0.780
249	797	39.886	18.694	1	94	143.924	3620	1830	49	35	51.981	19.522	155.577	0.484	2.663	0.376	0.787
250	43	23.047	11.828	5	50	29.799	2531	1850	12	6	12.441	4.401	160.149	0.609	2.827	0.354	0.768
251	40	39.950	11.500	11	61	24.142	321	1866	9	6	8.905	5.719	16.459	0.862	1.557	0.642	0.879
252	284	44.165	17.410	6	95	69.841	848	1876	23	18	20.781	17.401	2.652	0.732	1.194	0.837	0.855
253	60	75.983	18.555	24	105	29.799	1277	1879	10	9	9.548	8.001	149.193	0.849	1.193	0.838	0.845
254	44	39.091	11.005	17	61	26.971	2237	1890	10	7	8.890	6.302	179.336	0.760	1.411	0.709	0.786
255	138	59.442	20.683	8	106	44.627	745	1907	14	13	14.105	12.457	138.714	0.871	1.132	0.883	0.911
256	221	65.923	22.493	8	119	60.426	2839	1908	21	17	22.230	12.658	148.298	0.761	1.756	0.569	0.867
257	25	12.440	6.097	2	29	21.314	1012	1919	6	7	7.032	4.527	113.057	0.692	1.553	0.644	0.769
258	21	29.762	8.252	14	48	16.728	3416	1925	6	5	5.476	4.883	159.077	0.943	1.122	0.892	0.840
259	56	30.714	14.131	5	55	38.627	2672	1936	11	10	10.337	6.898	155.499	0.472	1.499	0.667	0.691
260	78	67.551	19.375	8	101	35.799	1701	1941	14	8	14.361	6.915	163.532	0.765	2.077	0.482	0.857
261	176	69.068	23.317	8	115	49.698	3037	1944	15	16	15.185	14.758	91.101	0.895	1.029	0.972	0.907
262	29	16.931	7.792	4	37	30.142	285	1948	12	6	10.508	3.514	160.321	0.401	2.991	0.334	0.624
263	25	40.120	12.367	19	65	20.142	2706	1961	6	7	5.790	5.497	139.545	0.774	1.053	0.949	0.758
264	35	30.600	15.010	3	54	34.142	2947	1961	15	4	14.956	2.980	175.701	0.377	5.020	0.199	0.753
265	75	58.267	18.221	1	94	33.213	76	1972	11	10	11.482	8.317	166.746	0.854	1.381	0.724	0.872
266	1390	36.673	14.864	0	83	175.581	201	1974	58	38	60.164	29.416	157.091	0.567	2.045	0.489	0.891
267	58	34.569	8.221	7	50	28.385	737	1988	9	9	9.480	7.789	120.899	0.905	1.217	0.822	0.879
268	89	30.798	10.189	8	54	39.213	2328	1988	13	10	12.101	9.364	178.868	0.727	1.292	0.774	0.817
269	134	42.963	12.708	9	70	46.284	1948	1996	15	13	14.700	11.607	162.345	0.786	1.267	0.790	0.862
270	18	21.167	11.305	7	44	17.899	1686	2007	8	3	7.373	3.109	176.307	0.706	2.372	0.422	0.878
271	76	13.184	6.653	0	31	49.698	3904	2021	12	11	11.625	8.324	31.953	0.387	1.397	0.716	0.704
272	24	21.167	6.844	8	35	19.556	3191	2027	7	6	5.982	5.108	163.594	0.789	1.171	0.854	0.762
273	20	34.550	12.717	12	61	18.728	620	2028	7	5	6.646	3.831	155.503	0.717	1.735	0.576	0.769
274	42	21.857	11.757	2	45	30.385	2905	2028	8	10	8.237	6.492	112.796	0.572	1.269	0.788	0.706
275	182	60.786	22.873	5	108	55.698	2885	2035	17	15	18.657	12.421	143.658	0.737	1.502	0.666	0.869
276	50	14.440	7.686	1	32	29.799	861	2042	8	11	10.507	6.059	118.693	0.708	1.734	0.577	0.787
277	235	19.902	8.682	1	45	65.841	2119	2044	21	18	19.589	15.275	10.612	0.681	1.282	0.780	0.835
278	127	38.598	15.728	7	81	48.870	2621	2044	16	12	14.220	11.371	164.923	0.668	1.251	0.800	0.819
279	145	26.766	11.664	2	55	49.113	298	2048	17	14	16.016	11.527	140.331	0.755	1.389	0.720	0.833
280	20	29.550	10.211	13	53	18.142	2819	2072	6	6	6.736	3.780	143.258	0.764	1.782	0.561	0.755
281	69	19.130	9.778	5	47	37.799	301	2074	13	10	12.147	7.232	27.725	0.607	1.680	0.595	0.762
282	32	10.844	5.448	0	22	37.456	3820	2088	11	9	7.213	5.649	53.938	0.287	1.277	0.783	0.489
283	22	34.955	11.261	17	62	19.899	3210	2122	7	5	6.026	4.648	166.980	0.698	1.296	0.771	0.772
284	28	31.321	12.022	8	51	20.142	889	2126	7	6	7.999	4.457	149.278	0.867	1.795	0.557	0.848
285	22	19.318	8.032	4	32	19.899	1744	2134	6	6	5.993	4.674	152.450	0.698	1.282	0.780	0.786
286	117	35.641	13.342	9	73	45.698	232	2136	17	12	14.736	10.109	160.379	0.704	1.458	0.686	0.804
287	126	14.802	7.120	0	34	49.698	2559	2137	15	15	15.692	10.223	139.658	0.641	1.535	0.651	0.795
288	80	36.462	13.306	2	70	38.042	867	2150	14	10	12.884	7.906	19.035	0.695	1.630	0.614	0.796
289	120	11.633	6.707	1	31	51.355	2880	2159	16	15	13.160	11.610	124.606	0.572	1.133	0.882	0.743
290	40	31.825	11.117	4	51	26.142	4	2167	9	7	8.427	6.044	171.130	0.736	1.394	0.717	0.800
291	18	17.667	8.971	5	33	23.556	2684	2194	7	6	5.825	3.935	7.343	0.408	1.480	0.676	0.562
292	25	18.320	9.668	5	37	17.899	1121	2204	5	6	6.404	4.970	114.831	0.981	1.289	0.776	0.909
293	1704	53.284	23.007	1	122	171.924	221	2208	56	45	52.611	41.239	164.116	0.724	1.276	0.784	0.912
294	34	21.941	9.629	4	38	26.971	2123	2227	11	6	8.854	4.889	4.804	0.587	1.811	0.552	0.739
295	53	51.075	13.968	4	79	32.627	3747	2234	12	9	11.349	5.946	22.812	0.626	1.909	0.524	0.736
296	134	21.597	9.406	2	51	52.184	1825	2238	17	14	15.131	11.276	155.139	0.618	1.342	0.745	0.784
297	1010	34.402	15.315	2	93	155.338	2203	2257	50	34	48.179	26.691	156.911	0.526	1.805	0.554	0.819
298	62	14.887	6.895	2	32	35.213	1090	2261	12	10	11.601	6.805	136.379	0.628	1.705	0.587	0.734
299	55	58.945	16.962	2	94	28.728	3567	2264	11	6	10.690	6.551	175.562	0.837	1.632	0.613	0.917
300	94	76.947	23.656	7	122	38.627	538	2271	14	10	14.411	8.305	154.568	0.792	1.735	0.576	0.879
301	96	25.479	11.549	5	58	45.113	96	2275	16	13	13.964	8.753	140.767	0.593	1.595	0.627	0.753
302	78	38.538	11.899	3	62	40.870	42	2294	14	10	12.196	8.143	163.740	0.587	1.498	0.668	0.746
303	29	33.828	11.530	7	62	21.556	2496	2313	9	5	8.359	4.417	164.431	0.784	1.893	0.528	0.829
304	223	66.422	26.580	11	135	59.941	3891	2314	23	14	22.461	12.641	171.312	0.780	1.777	0.563	0.894
305	31	11.419	6.222	1	27	25.556	3649	2319	7	7	6.795	5.809	129.220	0.596	1.170	0.855	0.721
306	37	24.135	10.419	8	57	27.799	2724	2323	6	10	9.655	4.880	90.934	0.602	1.979	0.505	0.725
307	25	31.760	11.879	6	53	21.314	1502	2334	8	4	7.908	4.025	175.537	0.692	1.965	0.509	0.833
308	136	30.515	12.776	1	66	54.284	3735	2335	16	15	15.484	11.183	167.134	0.580	1.385	0.722	0.766
309	147	61.667	22.408	13	118	47.941	1904	2349	17	14	17.502	10.694	153.739	0.804	1.637	0.611	0.860
310	2472	45.112	24.382	1	136	255.279	2594	2356	86	49	78.707	39.989	1.837	0.477	1.968	0.508	0.835
311	57	44.368	14.086	13	74	30.142	3489	2357	11	7	11.400	6.366	171.555	0.788	1.791	0.558	0.870
312	543	18.098	8.120	1	42	112.225	1674	2363	30	30	32.712	21.135	52.337	0.542	1.548	0.646	0.813
313	30	27.933	13.383	1	56	24.971	395	2369	8	8	8.977	4.255	136.991	0.605	2.110	0.474	0.750
314	32	33.562	13.657	8	55	22.971	81	2371	7	7	7.275	5.600	138.451	0.762	1.299	0.770	0.771
315	179	37.564	14.306	2	72	54.527	2202	2383	15	18	17.554	12.984	126.297	0.757	1.352	0.740	0.871
316	21	49.952	11.156	16	63	18.142	182	2393	7	5	6.390	4.184	145.975	0.802	1.527	0.655	0.808
317	62	59.565	17.997	18	98	33.799	1897	2394	13	8	10.789	7.317	7.505	0.682	1.474	0.678	0.816
318	44	56.182	13.894	18	82	26.142	1835	2399	9	7	8.508	6.585	30.030	0.809	1.292	0.774	0.830
319	41	24.634	9.518	9	52	29.213	2289	2408	9	9	8.073	6.467	125.297	0.604	1.248	0.801	0.726
320	4416	36.656	20.440	0	118	373.789	3289	2409	96	89	100.125	56.156	38.822	0.397	1.783	0.561	0.764
321	19	17.947	11.697	1	46	16.485	2484	2418	6	4	5.767	4.195	3.962	0.879	1.375	0.727	0.884
322	18	19.722	8.777	5	38	19.556	9	2435	7	5	6.207	3.692	17.039	0.591	1.681	0.595	0.643
323	245	20.837	10.565	1	51	88.326	1865	2447	27	17	25.144	12.406	17.563	0.395	2.027	0.493	0.726
324	203	12.527	6.326	1	33	61.841	3791	2453	20	19	17.577	14.705	41.465	0.667	1.195	0.837	0.791
325	41	40.585	12.791	7	64	24.728	50	2464	8	6	8.736	5.976	163.691	0.843	1.462	0.684	0.891
326	787	18.436	9.486	0	50	156.167	2364	2464	43	41	52.573	19.060	137.241	0.406	2.758	0.363	0.787
327	52	11.596	5.785	3	30	30.385	2561	2467	10	9	10.660	6.211	132.650	0.708	1.716	0.583	0.794
328	456	33.857	15.087	2	70	89.397	1405	2478	28	26	25.677	22.611	165.974	0.717	1.136	0.881	0.858
329	51	32.647	14.693	5	67	32.627	1141	2490	11	10	13.068	4.969	137.454	0.602	2.630	0.380	0.761
330	86	14.872	7.800	1	41	40.042	3877	2490	11	14	15.034	7.284	128.387	0.674	2.064	0.484	0.808
331	142	20.380	9.390	2	51	57.355	512	2493	18	15	15.176	11.913	171.680	0.542	1.274	0.785	0.747
332	38	17.553	6.985	3	31	36.042	1294	2495	10	8	7.565	6.396	126.170	0.368	1.183	0.845	0.589
333	33	20.515	8.860	7	42	22.971	2126	2495	7	8	7.226	5.814	145.669	0.786	1.243	0.805	0.776
334	20	14.900	6.248	2	32	22.142	1232	2504	9	5	9.322	2.732	158.261	0.513	3.413	0.293	0.690
335	16	11.562	7.202	1	26	18.142	16	2505	5	6	5.164	3.945	109.918	0.611	1.309	0.764	0.681
336	29	41.759	18.001	2	72	20.728	1561	2518	7	6	6.939	5.321	161.657	0.848	1.304	0.767	0.841
337	23805	40.736	26.687	0	163	1226.379	450	2529	308	147	277.355	109.280	178.404	0.199	2.538	0.394	0.679
338	56	40.893	12.380	8	67	28.385	3060	2530	10	8	9.161	7.783	148.646	0.873	1.177	0.850	0.875
339	1858	33.621	18.917	0	92	196.894	2823	2536	55	53	57.261	41.314	45.779	0.602	1.386	0.722	0.861
340	32	44.625	20.075	6	75	20.728	2016	2539	8	5	7.859	5.184	167.882	0.936	1.516	0.660	0.889
341	39	19.538	10.015	1	42	42.284	78	2540	10	11	9.946	4.992	131.517	0.274	1.992	0.502	0.503
342	36	10.278	5.715	1	25	23.314	1045	2540	6	8	7.814	5.866	85.228	0.832	1.332	0.751	0.857
343	22	15.000	9.928	1	37	26.385	1054	2541	7	7	5.618	4.986	11.138	0.397	1.127	0.888	0.564
344	38	25.184	13.005	5	61	32.627	1859	2542	13	6	13.009	3.719	165.873	0.449	3.498	0.286	0.691
345	570	19.640	9.442	1	50	134.610	2925	2549	40	33	38.736	18.736	148.218	0.395	2.068	0.484	0.748
346	190	18.500	11.447	0	68	101.154	70	2552	20	24	23.290	10.387	122.594	0.233	2.242	0.446	0.592
347	142	19.394	9.316	2	42	55.355	2467	2556	15	16	14.340	12.608	45.565	0.582	1.137	0.879	0.778
348	19	22.895	10.790	3	39	15.899	3082	2556	5	5	5.405	4.475	114.808	0.944	1.208	0.828	0.864
349	40	38.300	12.613	11	60	23.899	233	2571	8	6	8.920	5.710	14.572	0.880	1.562	0.640	0.909
350	513	19.813	10.172	1	53	135.924	75	2599	34	30	32.225	20.269	25.900	0.349	1.590	0.629	0.695
351	90	63.256	21.329	6	105	41.456	3899	2603	15	10	13.951	8.214	169.661	0.658	1.699	0.589	0.783
352	20	40.850	17.379	8	64	18.728	2759	2612	6	6	6.456	3.944	155.784	0.717	1.637	0.611	0.714
353	104	33.731	14.265	4	68	40.627	3465	2624	14	11	13.639	9.709	8.462	0.792	1.405	0.712	0.863
354	291	21.337	10.885	2	51	80.669	111	2627	24	20	22.810	16.243	161.932	0.562	1.404	0.712	0.784
355	49	42.776	14.837	10	70	29.799	3330	2628	10	9	9.497	6.569	143.353	0.693	1.446	0.692	0.790
356	21	15.095	8.729	2	33	18.728	378	2635	6	6	5.707	4.686	26.469	0.752	1.218	0.821	0.737
357	30	27.633	10.467	7	46	26.142	78	2645	7	9	7.146	5.346	109.319	0.552	1.337	0.748	0.682
358	2404	46.128	26.203	1	130	298.576	1607	2648	81	50	77.979	39.253	169.368	0.339	1.987	0.503	0.751
359	186	27.726	14.533	3	71	55.941	1948	2672	19	15	17.535	13.506	163.461	0.747	1.298	0.770	0.847
360	16	13.375	5.188	1	21	18.142	1680	2695	6	6	6.898	2.953	50.635	0.611	2.336	0.428	0.653
361	18	13.833	8.417	2	29	20.728	190	2733	5	7	5.826	3.934	136.355	0.526	1.481	0.675	0.655
362	2743	46.258	26.577	0	154	248.735	2170	2733	71	73	76.213	45.825	118.606	0.557	1.663	0.601	0.836
363	307	31.388	13.242	2	66	79.740	9	2739	27	20	27.795	14.063	146.032	0.607	1.976	0.506	0.849
364	79	15.709	8.093	3	38	36.284	2695	2744	13	10	12.745	7.892	34.878	0.754	1.615	0.619	0.814
365	27	14.889	7.546	2	31	22.728	3535	2745	6	8	8.579	4.007	47.177	0.657	2.141	0.467	0.750
366	1290	38.177	17.750	1	94	148.267	2469	2750	47	39	45.331	36.233	9.760	0.737	1.251	0.799	0.906
367	110	17.073	8.521	0	40	47.941	2820	2767	13	15	13.844	10.117	65.675	0.601	1.368	0.731	0.780
368	23	41.174	13.096	12	65	18.728	3477	2769	7	5	7.031	4.165	167.158	0.824	1.688	0.592	0.807
369	19	28.684	9.707	4	47	17.314	981	2787	6	5	5.798	4.172	9.697	0.796	1.390	0.720	0.776
370	1458	35.126	15.811	0	82	160.853	243	2788	49	43	50.512	36.751	150.702	0.708	1.374	0.728	0.908
371	24	12.208	4.987	1	20	27.799	759	2806	8	7	6.593	4.635	30.039	0.390	1.422	0.703	0.578
372	25	28.520	11.468	7	49	19.556	3077	2821	6	7	6.428	4.952	106.802	0.821	1.298	0.770	0.781
373	180	46.328	17.225	14	88	51.355	1547	2840	18	14	17.850	12.839	164.374	0.858	1.390	0.719	0.896
374	31	35.710	13.370	12	62	20.142	763	2867	7	6	7.417	5.321	159.898	0.960	1.394	0.717	0.861
375	22	43.000	16.435	8	66	19.314	1107	2873	7	5	6.306	4.442	2.161	0.741	1.420	0.704	0.800
376	44	55.886	20.971	8	91	25.799	3783	2883	10	7	9.817	5.707	152.918	0.831	1.720	0.581	0.830
377	113	15.522	7.806	1	37	58.527	3673	2899	16	14	15.566	9.243	153.242	0.415	1.684	0.594	0.631
378	74	58.257	17.723	17	109	33.213	664	2904	12	9	11.956	7.881	161.671	0.843	1.517	0.659	0.871
379	77	21.740	9.376	4	41	36.627	1310	2906	14	9	13.796	7.107	17.223	0.721	1.941	0.515	0.832
380	29	30.793	10.758	15	57	22.142	2907	2906	9	5	9.597	3.848	161.641	0.743	2.494	0.401	0.817
381	60	27.267	10.552	10	50	31.213	1342	2915	13	7	12.294	6.214	165.133	0.774	1.979	0.505	0.851
382	80	16.225	8.316	1	40	38.284	2248	2919	13	11	10.979	9.278	1.711	0.686	1.183	0.845	0.792
383	85	35.247	17.883	4	78	50.284	152	2922	19	11	20.639	5.244	152.599	0.422	3.936	0.254	0.667
384	53	26.547	11.747	4	52	36.042	1414	2922	13	8	12.675	5.324	156.604	0.513	2.381	0.420	0.711
385	31	25.387	12.244	1	52	25.556	690	2924	9	6	9.783	4.035	163.473	0.596	2.425	0.412	0.721
386	50	35.160	12.432	7	59	29.556	1428	2924	11	7	11.765	5.411	151.286	0.719	2.174	0.460	0.840
387	32	18.344	9.428	2	39	23.213	3002	2924	9	7	7.814	5.214	167.788	0.746	1.498	0.667	0.727
388	17	20.647	10.416	2	48	14.728	3774	2930	5	5	5.910	3.663	40.543	0.985	1.613	0.620	0.850
389	31	39.484	11.558	14	69	25.556	593	2934	10	6	9.392	4.203	159.239	0.596	2.235	0.447	0.729
390	520	48.619	22.145	3	118	99.154	3965	2938	26	32	33.915	19.522	123.096	0.665	1.737	0.576	0.881
391	368	57.889	29.110	0	115	74.770	1350	2961	24	21	25.319	18.506	147.148	0.827	1.368	0.731	0.903
392	100	35.080	17.240	2	74	49.213	1820	2988	14	11	12.259	10.386	72.844	0.519	1.180	0.847	0.743
