 	Area	Mean	StdDev	Min	Max	Perim.	BX	BY	Width	Height	Major	Minor	Angle	Circ.	AR	Round	Solidity
1	16948	37.642	22.746	0	125	984.448	325	1	226	137	192.551	112.068	3.953	0.220	1.718	0.582	0.655
2	138	28.391	10.773	7	59	63.799	1188	1	27	8	25.615	6.859	5.332	0.426	3.734	0.268	0.819
3	2147	30.539	14.564	1	82	221.823	1258	1	69	46	63.546	43.018	1.030	0.548	1.477	0.677	0.898
4	43	23.535	11.145	6	51	33.213	1989	1	7	10	9.300	5.887	95.416	0.490	1.580	0.633	0.677
5	200	44.990	19.165	0	89	74.284	1999	1	29	12	26.172	9.730	166.463	0.455	2.690	0.372	0.802
6	45	25.467	9.878	2	42	28.385	3944	1	10	7	9.464	6.054	1.907	0.702	1.563	0.640	0.804
7	150	52.933	16.641	10	89	48.385	3987	2	12	16	16.378	11.661	90.583	0.805	1.405	0.712	0.909
8	53	21.226	9.496	3	49	34.284	3912	10	11	10	9.898	6.818	147.685	0.567	1.452	0.689	0.707
9	824	23.311	12.205	0	63	189.480	2729	12	47	43	44.770	23.434	28.001	0.288	1.910	0.523	0.620
10	18	22.833	7.672	12	41	16.142	469	16	6	5	5.932	3.863	35.378	0.868	1.536	0.651	0.766
11	59	30.203	15.283	5	65	33.456	3879	16	11	10	9.688	7.754	0.961	0.662	1.249	0.800	0.756
12	371	18.817	8.721	1	44	86.326	849	21	21	27	25.560	18.481	99.422	0.626	1.383	0.723	0.846
13	32	24.469	5.412	17	38	23.556	1673	22	8	6	8.022	5.079	19.694	0.725	1.579	0.633	0.762
14	68	18.029	8.135	0	41	33.799	3665	25	10	10	10.083	8.586	85.509	0.748	1.174	0.852	0.810
15	946	55.735	24.710	1	106	127.640	3232	29	41	32	42.807	28.137	21.945	0.730	1.521	0.657	0.914
16	13643	29.287	16.137	0	117	869.460	2569	43	157	206	191.189	90.857	122.012	0.227	2.104	0.475	0.659
17	326	42.190	15.630	2	90	74.426	1202	44	17	26	24.471	16.962	87.174	0.740	1.443	0.693	0.888
18	228	24.303	10.725	2	54	59.113	2034	44	19	17	18.663	15.555	159.876	0.820	1.200	0.833	0.882
19	110	27.800	10.874	3	50	44.284	1107	52	14	12	14.443	9.697	138.348	0.705	1.489	0.671	0.849
20	48	13.812	6.489	1	30	46.527	1746	55	11	11	8.429	7.251	94.021	0.279	1.162	0.860	0.522
21	55	25.909	14.727	2	59	27.799	3815	58	8	10	9.978	7.018	117.853	0.894	1.422	0.703	0.873
22	22	20.273	11.170	4	46	16.728	3634	63	5	6	6.259	4.475	104.720	0.988	1.399	0.715	0.863
23	1349	38.004	17.038	1	96	186.309	2012	82	33	65	64.073	26.807	79.883	0.488	2.390	0.418	0.815
24	683	33.548	15.494	1	74	108.468	660	87	34	33	35.503	24.494	138.217	0.730	1.449	0.690	0.880
25	402	37.831	19.563	1	91	100.083	2497	87	32	24	31.739	16.126	147.168	0.504	1.968	0.508	0.782
26	33	19.242	8.588	4	39	27.556	2861	95	10	6	8.179	5.137	164.316	0.546	1.592	0.628	0.702
27	468	19.160	9.249	0	45	111.296	2298	97	31	25	27.743	21.478	8.995	0.475	1.292	0.774	0.803
28	67	44.910	12.300	7	75	30.971	1661	98	9	10	9.823	8.684	96.216	0.878	1.131	0.884	0.882
29	38	21.000	10.860	1	39	24.728	3171	101	7	8	9.056	5.343	112.347	0.781	1.695	0.590	0.826
30	64	32.859	10.342	4	53	31.556	3827	101	10	8	10.645	7.655	19.320	0.808	1.391	0.719	0.889
31	86	21.942	10.178	0	45	46.870	3044	103	15	11	13.432	8.152	7.229	0.492	1.648	0.607	0.708
32	421	25.646	11.648	1	56	89.497	3874	103	25	26	25.013	21.430	32.707	0.660	1.167	0.857	0.858
33	134	23.910	10.281	3	50	44.284	3508	106	13	15	13.882	12.290	74.546	0.859	1.130	0.885	0.865
34	114	11.842	6.665	1	27	71.255	1373	115	18	13	13.495	10.756	168.998	0.282	1.255	0.797	0.600
35	39	25.462	9.725	7	50	25.213	3556	119	9	8	7.809	6.359	15.969	0.771	1.228	0.814	0.757
36	39	44.487	17.496	8	76	23.556	2952	141	8	7	9.011	5.510	145.384	0.883	1.635	0.611	0.867
37	28	27.321	11.281	4	48	22.142	1830	142	6	8	8.000	4.456	107.416	0.718	1.795	0.557	0.778
38	26	27.192	8.944	11	48	20.142	1478	180	7	6	5.829	5.680	106.647	0.805	1.026	0.974	0.788
39	452	58.887	22.092	2	112	97.983	377	183	28	33	37.068	15.525	52.840	0.592	2.388	0.419	0.794
40	53	25.415	8.937	2	39	32.042	2965	191	11	10	11.467	5.885	134.800	0.649	1.949	0.513	0.768
41	2567	33.492	16.618	0	92	255.321	1657	193	69	68	81.452	40.127	135.707	0.495	2.030	0.493	0.843
42	349	70.593	24.270	4	128	72.426	2779	219	22	21	21.754	20.427	174.974	0.836	1.065	0.939	0.906
43	2399	25.748	12.017	0	70	230.007	749	227	71	55	62.592	48.801	12.108	0.570	1.283	0.780	0.891
44	1836	25.291	11.034	0	66	213.279	2180	231	41	64	62.447	37.434	105.459	0.507	1.668	0.599	0.889
45	66	41.136	14.893	1	70	29.556	906	241	8	10	10.387	8.090	94.419	0.949	1.284	0.779	0.930
46	35	24.200	11.177	2	48	23.556	3680	243	9	6	8.799	5.065	170.893	0.793	1.737	0.576	0.805
47	626	24.920	11.206	1	63	113.539	2119	257	37	32	37.740	21.119	147.994	0.610	1.787	0.560	0.831
48	24	17.958	9.024	4	38	18.728	999	258	5	7	6.751	4.527	125.737	0.860	1.491	0.671	0.842
49	43	25.186	11.554	0	48	26.971	690	259	7	10	9.647	5.676	66.377	0.743	1.700	0.588	0.811
50	16	13.000	6.250	3	27	17.899	2081	260	5	5	5.680	3.587	24.183	0.628	1.583	0.632	0.727
51	215	20.898	8.965	2	46	70.426	1998	277	22	16	21.654	12.642	155.927	0.545	1.713	0.584	0.792
52	1163	40.327	16.381	3	89	180.066	1627	283	38	56	53.770	27.539	85.748	0.451	1.952	0.512	0.764
53	61	24.803	9.723	2	44	35.456	2856	288	11	9	9.676	8.027	164.290	0.610	1.205	0.830	0.739
54	2191	25.880	12.528	0	67	218.693	37	289	51	70	68.078	40.978	112.991	0.576	1.661	0.602	0.890
55	30	12.167	6.742	2	31	35.799	2680	308	8	10	8.378	4.559	104.569	0.294	1.837	0.544	0.480
56	41	33.244	10.305	11	54	23.556	570	309	8	7	7.583	6.884	32.718	0.928	1.102	0.908	0.863
57	307	49.443	15.496	5	83	67.012	3330	315	20	21	21.865	17.877	115.853	0.859	1.223	0.818	0.900
58	267	50.775	16.399	6	91	64.184	593	324	16	23	22.271	15.264	84.475	0.814	1.459	0.685	0.899
59	345	19.768	9.853	1	48	100.569	348	327	22	23	22.833	19.238	112.985	0.429	1.187	0.843	0.802
60	165	23.067	11.277	1	55	53.113	1812	335	17	15	16.239	12.937	5.763	0.735	1.255	0.797	0.840
61	46	25.957	9.946	2	55	25.556	2830	340	9	7	8.680	6.747	143.906	0.885	1.287	0.777	0.868
62	45	26.356	11.976	8	53	27.799	3333	345	9	8	9.363	6.119	36.194	0.732	1.530	0.654	0.789
63	26	18.423	8.860	4	34	18.971	1134	347	7	6	6.739	4.912	37.954	0.908	1.372	0.729	0.800
64	19	15.947	8.423	2	28	17.314	3115	349	6	5	6.450	3.751	19.913	0.796	1.720	0.582	0.792
65	3409	41.518	20.335	1	110	350.818	2666	350	95	67	83.598	51.921	1.209	0.348	1.610	0.621	0.716
66	2463	38.541	27.059	0	123	295.605	2023	352	73	64	78.752	39.821	30.360	0.354	1.978	0.506	0.789
67	29	21.103	11.245	2	46	20.142	1248	355	5	8	7.566	4.880	79.023	0.898	1.550	0.645	0.866
68	435	14.972	7.894	0	38	107.054	298	361	23	27	25.622	21.617	72.049	0.477	1.185	0.844	0.829
69	2023	29.648	13.081	0	70	233.179	1144	364	62	53	66.864	38.523	143.850	0.468	1.736	0.576	0.882
70	22	13.955	7.128	4	28	20.142	373	370	8	5	8.013	3.496	171.080	0.681	2.292	0.436	0.710
71	34	20.324	7.784	2	36	24.385	3361	379	8	8	7.499	5.773	39.002	0.719	1.299	0.770	0.747
72	76	23.342	10.343	7	48	38.042	1085	380	8	13	13.413	7.214	87.697	0.660	1.859	0.538	0.817
73	162	20.321	9.745	1	43	53.598	240	385	16	17	15.377	13.414	56.554	0.709	1.146	0.872	0.829
74	696	40.467	18.746	3	97	122.569	3642	388	41	25	40.339	21.968	168.737	0.582	1.836	0.545	0.845
75	27	18.259	9.003	1	38	24.142	1396	393	9	6	7.388	4.653	30.550	0.582	1.588	0.630	0.692
76	94	35.957	12.820	8	65	37.213	2129	403	10	13	12.275	9.751	74.492	0.853	1.259	0.794	0.879
77	1861	37.269	17.238	1	94	184.066	2858	403	63	44	60.159	39.387	178.616	0.690	1.527	0.655	0.911
78	1930	32.150	14.734	0	79	223.179	427	420	69	41	66.979	36.688	174.423	0.487	1.826	0.548	0.871
79	86	22.500	9.915	2	47	36.627	2831	420	12	11	11.692	9.366	147.253	0.806	1.248	0.801	0.851
80	123	36.285	9.772	7	63	44.870	3562	428	14	14	13.499	11.601	169.614	0.768	1.164	0.859	0.812
81	83	26.819	13.325	2	62	52.284	2542	435	17	10	16.141	6.547	9.095	0.382	2.465	0.406	0.636
82	18	26.000	6.562	16	41	19.899	3120	437	5	5	5.311	4.315	167.241	0.571	1.231	0.812	0.735
83	25	19.280	10.362	3	40	20.971	1198	438	7	6	6.937	4.588	157.247	0.714	1.512	0.661	0.746
84	1050	53.395	23.616	1	107	175.137	2403	441	56	31	55.919	23.908	178.136	0.430	2.339	0.428	0.734
85	46	21.957	10.046	3	42	28.971	3353	467	7	10	9.674	6.055	90.638	0.689	1.598	0.626	0.793
86	20	22.250	12.468	6	56	18.142	1899	475	7	5	6.375	3.995	172.609	0.764	1.596	0.627	0.755
87	21	22.429	9.780	5	38	18.142	1760	484	5	7	6.810	3.926	109.476	0.802	1.735	0.577	0.750
88	79	25.671	13.980	3	58	43.456	3561	486	14	12	13.442	7.483	26.699	0.526	1.796	0.557	0.681
89	225	26.280	10.453	1	52	62.426	1074	488	19	20	18.034	15.886	130.151	0.726	1.135	0.881	0.827
90	498	53.916	21.564	4	106	85.255	2734	490	27	25	28.304	22.402	35.622	0.861	1.263	0.791	0.925
91	452	31.100	14.217	2	90	93.983	2764	492	35	22	32.437	17.742	16.346	0.643	1.828	0.547	0.859
92	2671	44.043	26.246	1	138	336.777	3912	495	87	66	90.869	37.426	153.839	0.296	2.428	0.412	0.692
93	11770	30.747	16.773	0	118	608.624	1176	496	163	124	159.523	93.943	163.422	0.399	1.698	0.589	0.838
94	38	12.105	6.951	1	30	34.627	1748	506	6	11	9.877	4.899	97.615	0.398	2.016	0.496	0.639
95	2021	49.171	25.147	1	124	233.522	3336	512	40	82	82.555	31.170	101.717	0.466	2.649	0.378	0.842
96	7673	31.827	16.635	0	103	533.227	2156	514	106	124	113.874	85.792	75.478	0.339	1.327	0.753	0.759
97	2144	27.787	12.570	1	73	267.463	3887	523	42	81	74.123	36.828	99.317	0.377	2.013	0.497	0.841
98	133	41.737	13.784	4	70	44.870	3264	527	12	16	15.077	11.232	86.932	0.830	1.342	0.745	0.884
99	9499	35.643	19.206	0	117	591.754	144	532	143	126	125.196	96.604	165.612	0.341	1.296	0.772	0.763
100	343	32.082	11.190	0	59	78.083	676	536	20	25	25.091	17.406	87.067	0.707	1.442	0.694	0.864
101	329	27.900	12.073	1	55	101.640	3314	544	22	31	30.926	13.545	112.974	0.400	2.283	0.438	0.729
102	17	15.706	8.417	4	35	18.142	307	545	6	6	4.996	4.333	88.939	0.649	1.153	0.867	0.642
103	36	21.028	8.700	0	37	23.556	3522	549	7	7	7.107	6.449	175.263	0.815	1.102	0.907	0.837
104	31	21.226	9.076	5	38	24.142	2932	568	9	6	8.280	4.767	13.586	0.668	1.737	0.576	0.775
105	73	20.137	10.145	2	49	41.456	2950	568	15	8	13.385	6.944	2.649	0.534	1.928	0.519	0.716
106	71	40.493	15.517	5	69	32.971	3665	570	9	11	11.402	7.929	61.627	0.821	1.438	0.695	0.861
107	70	20.386	9.657	3	48	40.284	2986	571	9	15	13.070	6.819	69.678	0.542	1.917	0.522	0.718
108	83	31.711	12.147	10	61	36.042	413	578	12	10	11.581	9.125	153.217	0.803	1.269	0.788	0.838
109	3326	23.138	10.961	0	63	312.777	1580	593	64	92	82.873	51.100	69.850	0.427	1.622	0.617	0.845
110	53	28.547	8.613	11	46	29.799	1790	597	10	9	8.833	7.640	154.836	0.750	1.156	0.865	0.779
111	3447	31.144	14.024	0	83	320.475	3551	598	102	50	101.325	43.315	174.504	0.422	2.339	0.427	0.860
112	262	22.802	10.772	1	54	68.184	493	599	22	16	22.179	15.041	178.255	0.708	1.475	0.678	0.858
113	19	19.000	9.701	5	38	20.728	3793	600	7	5	5.981	4.045	11.412	0.556	1.479	0.676	0.691
114	26	12.615	5.994	4	25	23.556	1166	602	8	6	6.566	5.042	0.812	0.589	1.302	0.768	0.693
115	362	23.072	9.571	1	53	82.326	1327	606	23	25	23.108	19.946	117.920	0.671	1.158	0.863	0.847
116	210	46.110	16.565	7	81	58.527	3805	606	21	14	20.963	12.755	6.216	0.770	1.644	0.608	0.892
117	867	25.361	11.414	1	73	143.581	2985	639	37	37	37.868	29.151	139.027	0.528	1.299	0.770	0.858
118	26	20.500	11.350	5	47	24.971	3806	640	10	5	8.802	3.761	177.083	0.524	2.340	0.427	0.684
119	668	20.885	9.405	1	54	129.782	793	643	28	38	34.678	24.526	96.157	0.498	1.414	0.707	0.811
120	27	20.481	9.705	6	40	18.728	2823	651	6	6	6.217	5.530	163.363	0.967	1.124	0.890	0.871
121	520	32.654	15.737	1	73	96.426	232	667	26	27	27.889	23.740	47.732	0.703	1.175	0.851	0.883
122	19	13.000	5.588	2	22	16.728	736	671	5	6	5.800	4.171	69.615	0.853	1.390	0.719	0.776
123	993	30.343	13.310	0	71	197.137	3841	678	30	55	47.691	26.511	87.985	0.321	1.799	0.556	0.762
124	10032	35.494	18.568	0	110	619.938	751	688	162	121	138.750	92.059	7.262	0.328	1.507	0.663	0.725
125	3551	35.710	17.540	0	89	339.765	1	689	43	127	115.579	39.118	85.228	0.387	2.955	0.338	0.866
126	35	45.229	11.423	17	67	22.142	750	691	6	8	8.133	5.479	67.826	0.897	1.484	0.674	0.864
127	29	29.793	9.294	8	55	23.556	3734	698	7	7	7.798	4.735	138.716	0.657	1.647	0.607	0.744
128	659	40.085	18.320	2	94	114.468	662	719	34	30	33.709	24.892	31.818	0.632	1.354	0.738	0.872
129	32	23.062	10.537	3	44	26.142	3803	723	6	10	8.382	4.861	79.804	0.588	1.724	0.580	0.719
130	77	48.558	11.227	12	73	31.799	1055	726	9	11	11.417	8.587	65.827	0.957	1.330	0.752	0.901
131	283	66.131	22.489	3	112	67.598	474	738	23	18	22.514	16.005	175.527	0.778	1.407	0.711	0.873
132	330	45.873	20.654	3	100	84.669	2816	738	21	26	24.937	16.849	100.272	0.578	1.480	0.676	0.799
133	40	14.000	7.282	0	28	38.870	325	740	10	11	8.394	6.067	89.244	0.333	1.384	0.723	0.526
134	2274	34.666	17.236	0	97	261.563	323	740	53	78	73.736	39.266	69.665	0.418	1.878	0.533	0.803
135	37	26.811	12.854	4	50	23.556	3940	742	7	7	7.619	6.183	136.609	0.838	1.232	0.812	0.860
136	39	13.846	6.858	2	25	29.556	3153	762	8	10	11.379	4.364	113.267	0.561	2.608	0.383	0.696
137	2700	29.895	13.901	0	76	334.919	1257	767	75	66	65.937	52.137	159.673	0.302	1.265	0.791	0.727
138	1379	22.286	10.189	1	62	192.894	3863	772	55	36	54.413	32.268	176.418	0.466	1.686	0.593	0.830
139	2604	27.636	12.467	0	80	274.635	511	776	83	59	86.966	38.124	26.482	0.434	2.281	0.438	0.829
140	7117	38.431	22.422	0	116	449.286	3603	776	91	130	121.136	74.806	104.006	0.443	1.619	0.618	0.873
141	18	17.944	7.272	10	34	15.899	2074	788	5	5	5.228	4.384	54.360	0.895	1.192	0.839	0.857
142	35	16.429	8.427	0	37	23.314	1544	790	8	6	8.325	5.353	2.138	0.809	1.555	0.643	0.864
143	29	11.103	6.190	2	21	23.556	1235	798	7	8	8.077	4.572	46.297	0.657	1.767	0.566	0.716
144	961	45.247	19.309	3	108	152.510	3744	801	41	40	42.897	28.524	27.657	0.519	1.504	0.665	0.784
145	308	45.623	16.770	5	87	69.355	3087	826	19	22	20.510	19.120	89.613	0.805	1.073	0.932	0.901
146	69	42.551	13.379	11	76	33.213	1010	828	9	12	10.673	8.231	113.019	0.786	1.297	0.771	0.826
147	37	37.243	12.783	14	70	24.971	1035	829	10	6	8.245	5.714	0.891	0.746	1.443	0.693	0.787
148	43	28.953	11.994	4	57	28.627	3003	830	8	10	8.853	6.184	103.509	0.659	1.431	0.699	0.761
149	1109	51.889	24.157	0	120	175.238	3218	832	61	39	57.923	24.377	163.642	0.454	2.376	0.421	0.708
150	91	19.967	9.208	3	43	40.042	1097	856	11	13	12.483	9.282	98.033	0.713	1.345	0.744	0.809
151	80	32.950	10.646	5	57	36.042	671	861	12	11	12.884	7.906	40.793	0.774	1.630	0.614	0.838
152	263	44.863	17.236	4	81	69.841	2612	870	21	21	21.361	15.677	145.512	0.678	1.363	0.734	0.840
153	50	18.180	9.783	1	48	36.627	3702	876	9	12	9.697	6.565	77.790	0.468	1.477	0.677	0.637
154	209	20.100	9.381	3	46	64.184	860	877	18	19	16.687	15.947	35.957	0.638	1.046	0.956	0.816
155	152	23.836	10.798	4	53	48.284	54	885	14	16	15.359	12.600	105.124	0.819	1.219	0.820	0.854
156	1411	32.247	15.184	0	83	195.380	367	891	53	51	59.958	29.963	33.908	0.464	2.001	0.500	0.796
157	2262	29.594	14.182	1	75	227.622	3392	893	69	48	70.455	40.878	11.154	0.549	1.724	0.580	0.853
158	470	41.911	15.978	6	88	92.669	3244	899	30	24	28.307	21.140	176.818	0.688	1.339	0.747	0.844
159	20	15.550	7.112	5	33	17.314	1664	900	5	6	5.450	4.672	70.406	0.838	1.167	0.857	0.800
160	180	52.044	15.376	9	79	54.284	86	912	13	20	18.314	12.514	93.633	0.768	1.463	0.683	0.876
161	112	19.661	10.057	2	49	54.527	247	914	15	13	14.074	10.132	168.737	0.473	1.389	0.720	0.739
162	378	22.648	11.252	2	70	91.255	1366	937	28	20	26.886	17.901	169.779	0.570	1.502	0.666	0.843
163	35	28.971	10.804	2	52	24.971	2649	940	7	8	7.905	5.638	34.243	0.705	1.402	0.713	0.778
164	12292	26.438	14.853	0	84	649.411	2342	943	189	121	189.083	82.771	165.420	0.366	2.284	0.438	0.787
165	25	16.240	8.248	5	37	21.556	980	945	7	6	6.526	4.878	1.468	0.676	1.338	0.747	0.735
166	544	47.149	21.529	1	100	96.326	3713	948	33	24	31.564	21.944	169.610	0.737	1.438	0.695	0.895
167	764	34.925	15.967	2	79	117.054	1573	950	42	28	39.962	24.342	179.022	0.701	1.642	0.609	0.882
168	860	20.036	9.204	1	56	145.439	3289	950	31	43	38.141	28.709	77.107	0.511	1.329	0.753	0.819
169	113	27.248	12.003	3	53	44.870	2293	952	14	13	13.979	10.292	147.737	0.705	1.358	0.736	0.810
170	297	30.239	13.323	3	64	78.326	1688	961	28	19	25.075	15.081	10.278	0.608	1.663	0.601	0.791
171	41	34.268	11.305	14	65	27.799	3189	964	10	8	9.205	5.671	152.930	0.667	1.623	0.616	0.745
172	188	69.883	19.813	3	114	55.941	2199	981	16	19	21.300	11.238	123.440	0.755	1.895	0.528	0.879
173	61	13.295	7.811	1	32	49.456	3281	984	17	10	16.231	4.785	154.684	0.313	3.392	0.295	0.592
174	147	44.129	15.047	0	81	47.698	2064	993	14	15	14.941	12.527	109.846	0.812	1.193	0.838	0.870
175	123	25.829	8.322	11	47	44.284	2783	997	14	14	13.065	11.986	110.514	0.788	1.090	0.917	0.842
176	915	20.850	10.452	0	59	143.924	2551	1009	38	40	42.143	27.645	48.889	0.555	1.524	0.656	0.864
177	136	40.949	12.546	7	79	44.284	3353	1009	14	14	14.101	12.280	139.954	0.871	1.148	0.871	0.872
178	694	18.473	8.739	1	48	119.054	1202	1012	31	32	31.623	27.943	41.430	0.615	1.132	0.884	0.865
179	71	21.620	10.942	1	46	47.113	1928	1024	10	17	15.441	5.855	106.028	0.402	2.637	0.379	0.648
180	113	37.027	12.373	1	67	42.042	2230	1035	11	15	14.267	10.085	101.984	0.803	1.415	0.707	0.859
181	19	20.579	13.631	3	46	18.728	3991	1043	6	6	5.730	4.222	112.216	0.681	1.357	0.737	0.717
182	43	26.884	8.517	9	49	24.142	2922	1056	8	7	8.841	6.193	36.245	0.927	1.428	0.700	0.905
183	52	30.192	11.378	3	47	26.385	2226	1057	9	8	9.364	7.070	148.910	0.939	1.324	0.755	0.889
184	637	28.454	12.296	0	65	114.125	1495	1059	34	31	31.390	25.838	16.011	0.615	1.215	0.823	0.841
185	97	24.041	10.776	2	49	46.870	2648	1059	18	10	16.888	7.313	10.903	0.555	2.309	0.433	0.746
186	61	45.279	12.237	8	66	28.971	546	1067	9	9	9.580	8.107	117.045	0.913	1.182	0.846	0.891
187	43	18.279	6.438	7	35	26.385	2315	1076	11	6	9.885	5.538	178.703	0.776	1.785	0.560	0.835
188	100	43.190	16.444	5	79	41.113	533	1078	14	13	14.637	8.699	142.254	0.743	1.683	0.594	0.837
189	291	36.869	12.660	4	67	74.669	652	1080	18	25	24.185	15.320	74.273	0.656	1.579	0.633	0.850
190	25	24.960	12.591	5	45	19.899	889	1087	6	6	6.131	5.192	1.468	0.793	1.181	0.847	0.833
191	25	21.800	11.751	5	45	19.314	3075	1090	5	7	6.705	4.747	107.965	0.842	1.412	0.708	0.847
192	1825	43.297	20.404	1	103	196.066	2991	1095	48	56	56.223	41.330	105.237	0.597	1.360	0.735	0.852
193	16	11.562	6.995	4	32	22.971	3047	1099	5	9	8.211	2.481	117.640	0.381	3.310	0.302	0.571
194	58	33.534	12.954	11	58	30.971	2057	1101	7	12	11.942	6.184	84.250	0.760	1.931	0.518	0.853
195	2190	24.302	10.820	0	65	236.593	2749	1105	53	70	68.684	40.597	108.826	0.492	1.692	0.591	0.849
196	506	20.897	9.514	1	51	105.983	1038	1106	28	28	27.877	23.111	38.030	0.566	1.206	0.829	0.838
197	510	39.145	13.555	1	78	99.054	2010	1113	28	30	27.994	23.196	45.310	0.653	1.207	0.829	0.863
198	627	42.901	22.893	2	118	124.711	3040	1123	23	46	47.475	16.815	76.430	0.507	2.823	0.354	0.851
199	72	21.847	8.741	5	42	42.870	1543	1129	12	13	11.743	7.806	39.028	0.492	1.504	0.665	0.673
200	1729	40.881	16.865	0	88	191.037	125	1133	51	55	54.099	40.693	124.613	0.595	1.329	0.752	0.864
201	617	18.348	8.264	1	47	111.740	1182	1134	29	30	30.927	25.401	68.187	0.621	1.218	0.821	0.868
202	384	30.453	13.096	1	67	86.083	2072	1135	25	22	24.397	20.040	163.911	0.651	1.217	0.821	0.851
203	482	21.749	10.388	2	57	131.539	3177	1148	29	32	28.786	21.319	124.461	0.350	1.350	0.741	0.740
204	46	21.543	9.897	2	45	28.385	318	1152	8	9	8.775	6.674	75.837	0.717	1.315	0.761	0.767
205	17	24.765	11.060	5	40	17.314	787	1156	4	7	5.798	3.733	97.322	0.713	1.553	0.644	0.773
206	82	50.390	12.570	11	80	33.213	30	1165	10	11	11.283	9.254	122.417	0.934	1.219	0.820	0.901
207	1507	21.898	10.235	0	69	186.652	658	1167	37	58	55.948	34.296	82.117	0.544	1.631	0.613	0.894
208	25	16.200	8.665	2	35	21.556	795	1169	5	8	6.954	4.577	86.006	0.676	1.519	0.658	0.746
209	321	32.819	13.025	2	64	94.083	3524	1169	28	22	24.113	16.950	25.034	0.456	1.423	0.703	0.731
210	217	12.829	6.900	1	42	95.640	3955	1172	21	21	18.130	15.240	123.085	0.298	1.190	0.841	0.660
211	2153	54.965	29.714	1	157	225.380	2980	1174	57	69	71.567	38.304	48.074	0.533	1.868	0.535	0.850
212	20	14.150	8.431	2	31	16.142	3204	1181	5	6	5.403	4.713	60.381	0.965	1.147	0.872	0.800
213	1035	27.334	12.875	1	76	156.409	1209	1187	37	47	43.780	30.101	114.683	0.532	1.454	0.688	0.826
214	3124	24.362	10.860	0	68	264.635	2710	1193	68	66	69.818	56.971	37.507	0.561	1.225	0.816	0.904
215	56	15.554	8.453	2	39	35.213	3181	1206	11	9	9.323	7.648	6.852	0.568	1.219	0.820	0.718
216	23	16.391	6.199	4	30	20.728	1006	1213	5	8	7.365	3.976	60.147	0.673	1.852	0.540	0.767
217	94	27.277	12.806	2	60	42.870	999	1224	15	12	15.194	7.877	28.344	0.643	1.929	0.518	0.825
218	450	62.353	31.032	1	119	85.497	713	1228	24	29	25.363	22.590	119.843	0.774	1.123	0.891	0.885
219	1499	31.907	14.224	0	75	167.338	3406	1231	51	44	52.498	36.356	35.458	0.673	1.444	0.693	0.898
220	1058	28.461	13.674	1	69	145.439	293	1232	41	42	45.387	29.680	46.467	0.629	1.529	0.654	0.878
221	17	24.294	10.775	4	44	19.899	640	1243	4	8	6.981	3.101	94.413	0.539	2.251	0.444	0.708
222	112	40.455	15.221	5	64	39.799	3580	1255	11	13	14.522	9.820	62.256	0.889	1.479	0.676	0.918
223	16	17.812	10.400	4	38	15.899	3347	1260	5	5	5.832	3.493	60.945	0.795	1.669	0.599	0.780
224	362	41.903	14.884	5	92	79.255	370	1261	23	25	26.378	17.474	59.159	0.724	1.510	0.662	0.861
225	1420	31.601	14.790	1	87	177.823	1394	1267	41	54	54.755	33.020	108.349	0.564	1.658	0.603	0.875
226	134	40.276	14.285	3	73	49.355	3057	1268	17	12	16.177	10.547	174.734	0.691	1.534	0.652	0.817
227	43	15.977	8.140	3	36	31.799	872	1272	9	9	8.483	6.454	44.091	0.534	1.314	0.761	0.699
228	322	38.944	13.646	4	71	77.841	3545	1273	26	17	26.213	15.640	175.297	0.668	1.676	0.597	0.860
229	94	19.936	10.782	3	53	57.113	1076	1275	21	10	17.544	6.822	3.764	0.362	2.572	0.389	0.589
230	28	8.357	5.173	2	20	35.456	2253	1279	11	10	8.062	4.422	48.456	0.280	1.823	0.548	0.459
231	1667	45.743	21.630	1	117	172.409	2888	1287	55	44	55.381	38.325	160.429	0.705	1.445	0.692	0.905
232	21	14.190	7.353	2	32	19.314	3992	1289	7	5	7.834	3.413	27.187	0.707	2.295	0.436	0.778
233	65	35.308	10.706	9	56	36.142	3992	1296	7	14	11.578	7.148	97.762	0.625	1.620	0.617	0.839
234	33	15.788	8.429	4	35	28.627	221	1305	7	9	8.315	5.053	101.946	0.506	1.645	0.608	0.641
235	26	27.154	10.475	8	47	20.971	3252	1318	7	7	6.631	4.992	51.838	0.743	1.328	0.753	0.743
236	130	17.269	8.094	2	41	53.941	226	1332	17	13	15.471	10.699	8.840	0.561	1.446	0.692	0.783
237	1153	25.774	12.120	1	67	140.853	577	1354	41	42	40.572	36.183	70.219	0.730	1.121	0.892	0.903
238	167	26.066	13.005	4	58	56.527	3056	1365	15	17	16.086	13.219	81.449	0.657	1.217	0.822	0.819
239	25	12.520	4.736	5	22	22.385	802	1374	9	5	7.807	4.077	1.402	0.627	1.915	0.522	0.725
240	16	14.312	7.162	3	31	18.728	3665	1377	4	6	6.148	3.314	91.755	0.573	1.855	0.539	0.696
241	1825	38.679	18.239	0	104	210.652	3470	1387	57	50	52.674	44.114	143.922	0.517	1.194	0.837	0.841
242	581	19.396	8.760	1	42	111.882	3627	1394	27	31	27.913	26.502	90.703	0.583	1.053	0.949	0.849
243	185	17.211	8.403	2	41	61.941	1583	1398	18	16	17.117	13.761	156.230	0.606	1.244	0.804	0.791
244	4622	33.884	16.474	1	90	366.233	3167	1402	119	77	110.214	53.395	167.027	0.433	2.064	0.484	0.805
245	23	19.130	7.394	5	32	27.556	3259	1404	7	6	7.248	4.040	37.921	0.381	1.794	0.557	0.657
246	748	29.948	12.797	2	72	142.610	743	1411	36	35	35.622	26.736	137.397	0.462	1.332	0.751	0.780
247	3586	32.584	16.129	0	96	382.517	2013	1416	117	65	97.651	46.756	3.365	0.308	2.089	0.479	0.719
248	44	25.591	10.630	5	47	28.142	1702	1418	7	10	9.062	6.182	77.395	0.698	1.466	0.682	0.800
249	5028	25.838	14.873	0	92	433.630	2729	1419	111	93	98.139	65.232	143.651	0.336	1.504	0.665	0.759
250	904	19.096	9.509	0	53	160.510	133	1427	33	44	41.392	27.807	67.923	0.441	1.489	0.672	0.822
251	514	21.187	9.328	1	53	111.882	3014	1432	27	30	27.868	23.484	120.499	0.516	1.187	0.843	0.829
252	229	28.528	13.014	2	58	61.012	1457	1433	18	21	19.119	15.250	116.877	0.773	1.254	0.798	0.858
253	213	22.423	10.963	2	49	75.598	1489	1443	28	15	23.606	11.488	172.221	0.468	2.055	0.487	0.759
254	1765	30.965	15.920	0	89	212.652	2160	1445	42	75	76.332	29.441	105.080	0.490	2.593	0.386	0.805
255	114	17.482	8.608	0	38	46.870	2339	1451	15	13	13.228	10.973	163.445	0.652	1.205	0.830	0.797
256	32	25.812	11.787	7	54	26.971	1531	1455	6	9	8.664	4.703	97.338	0.553	1.842	0.543	0.703
257	10315	36.447	19.871	0	115	673.495	2868	1459	155	142	125.856	104.353	53.076	0.286	1.206	0.829	0.660
258	46	33.913	14.609	1	67	26.385	911	1464	9	7	8.848	6.619	2.351	0.830	1.337	0.748	0.852
259	34	19.676	9.553	3	40	26.971	66	1473	8	7	7.084	6.111	36.547	0.587	1.159	0.863	0.723
260	62	16.516	7.036	3	33	34.627	657	1479	10	10	9.247	8.537	20.688	0.650	1.083	0.923	0.775
261	302	33.758	15.352	2	77	90.326	2436	1488	24	26	23.560	16.321	36.714	0.465	1.444	0.693	0.752
262	39	21.718	7.553	10	38	23.556	3181	1497	6	9	8.240	6.026	89.698	0.883	1.367	0.731	0.857
263	166	46.904	18.829	2	95	52.870	470	1510	11	21	20.596	10.262	95.259	0.746	2.007	0.498	0.890
264	2007	43.477	22.655	0	115	208.551	396	1511	74	39	71.005	35.989	2.854	0.580	1.973	0.507	0.870
265	262	25.962	12.433	1	62	67.012	2667	1520	20	21	19.932	16.736	60.632	0.733	1.191	0.840	0.848
266	25	27.520	7.456	13	41	20.142	366	1526	6	7	5.728	5.557	81.204	0.774	1.031	0.970	0.794
267	94	33.468	14.796	2	61	43.456	520	1529	15	12	16.150	7.411	28.734	0.626	2.179	0.459	0.783
268	357	18.496	10.494	0	50	171.238	1130	1546	30	30	25.424	17.878	46.610	0.153	1.422	0.703	0.540
269	59	22.492	8.514	4	42	28.385	1924	1550	10	8	9.821	7.649	178.487	0.920	1.284	0.779	0.887
270	357	26.048	11.666	1	66	95.397	3481	1552	28	28	29.585	15.364	42.837	0.493	1.926	0.519	0.736
271	93	20.441	10.943	2	56	52.870	2547	1558	10	19	19.281	6.141	104.917	0.418	3.140	0.319	0.713
272	111	36.820	13.208	5	64	41.698	2248	1565	12	14	13.035	10.843	69.335	0.802	1.202	0.832	0.844
273	372	22.898	11.678	2	53	101.054	907	1571	21	29	27.070	17.497	92.489	0.458	1.547	0.646	0.785
274	42	38.167	13.898	5	68	26.971	475	1578	9	8	8.239	6.491	175.487	0.726	1.269	0.788	0.764
275	500	37.768	15.719	1	79	97.397	1376	1582	28	27	28.106	22.651	45.186	0.662	1.241	0.806	0.858
276	57	33.684	12.027	5	60	32.042	3524	1599	11	9	10.037	7.231	148.776	0.698	1.388	0.720	0.776
277	311	13.865	7.599	0	38	134.610	94	1600	20	33	29.479	13.433	83.016	0.216	2.195	0.456	0.631
278	455	15.209	7.760	0	41	120.468	2751	1604	30	25	26.347	21.988	20.397	0.394	1.198	0.835	0.758
279	64	36.984	12.158	2	60	35.799	435	1613	12	9	11.230	7.256	167.262	0.628	1.548	0.646	0.766
280	41	17.634	10.290	2	40	27.213	3117	1617	9	8	8.072	6.467	6.855	0.696	1.248	0.801	0.739
281	908	44.454	20.982	2	114	159.338	696	1622	37	51	46.388	24.923	104.351	0.449	1.861	0.537	0.724
282	4109	35.370	18.633	0	105	486.801	2094	1622	86	127	91.840	56.966	115.424	0.218	1.612	0.620	0.596
283	2392	24.441	12.081	0	96	251.563	2567	1635	68	63	61.163	49.795	2.732	0.475	1.228	0.814	0.828
284	33	25.485	9.385	7	48	31.556	2912	1636	7	11	9.678	4.341	79.569	0.416	2.229	0.449	0.611
285	32	16.188	7.541	2	33	22.971	3965	1646	8	7	8.446	4.824	145.492	0.762	1.751	0.571	0.771
286	81	39.975	10.354	16	64	38.870	3819	1649	13	11	11.322	9.109	32.386	0.674	1.243	0.805	0.786
287	39	25.256	12.015	4	48	27.213	3780	1654	8	10	8.670	5.727	95.097	0.662	1.514	0.661	0.709
288	323	25.653	12.111	1	63	106.468	2901	1655	27	33	35.352	11.633	124.972	0.358	3.039	0.329	0.695
289	18	23.778	10.762	3	41	17.314	3401	1657	5	6	5.926	3.868	90.000	0.755	1.532	0.653	0.750
290	78	39.821	14.880	13	76	38.870	742	1673	13	12	15.226	6.522	146.460	0.649	2.334	0.428	0.800
291	22	15.182	8.483	2	37	17.899	2277	1677	7	4	6.901	4.059	167.859	0.863	1.700	0.588	0.898
292	877	19.312	9.908	1	54	155.581	1137	1681	44	37	45.237	24.684	146.355	0.455	1.833	0.546	0.812
293	41	17.902	8.665	4	41	25.556	1366	1688	7	9	8.260	6.320	76.717	0.789	1.307	0.765	0.828
294	1245	37.165	19.532	1	96	158.853	3632	1690	46	44	46.493	34.095	136.608	0.620	1.364	0.733	0.882
295	388	46.198	18.144	2	93	78.426	2795	1693	26	22	26.248	18.821	152.867	0.793	1.395	0.717	0.907
296	50	26.780	10.871	5	59	30.385	922	1697	9	10	9.590	6.638	76.754	0.681	1.445	0.692	0.758
297	159	27.314	10.700	0	56	48.870	3405	1699	16	14	15.460	13.095	25.652	0.837	1.181	0.847	0.883
298	1281	17.361	8.846	0	52	204.208	690	1703	41	63	57.741	28.247	120.311	0.386	2.044	0.489	0.772
299	40	17.475	9.446	2	45	29.556	2362	1706	10	8	9.364	5.439	32.552	0.575	1.722	0.581	0.708
300	53	26.396	9.828	5	45	29.799	2971	1706	10	9	10.266	6.573	151.963	0.750	1.562	0.640	0.779
301	56	34.339	11.402	2	53	29.799	3510	1717	9	9	9.520	7.490	142.095	0.792	1.271	0.787	0.836
302	42	29.524	9.562	8	47	25.556	1753	1720	7	9	7.968	6.712	62.232	0.808	1.187	0.842	0.824
303	113	15.062	7.966	2	40	54.184	3796	1729	18	13	17.218	8.356	162.230	0.484	2.061	0.485	0.689
304	525	17.941	9.070	1	43	118.953	3125	1736	28	30	27.104	24.663	148.734	0.466	1.099	0.910	0.791
305	298	39.779	14.448	1	77	73.841	2345	1739	18	25	23.985	15.819	100.381	0.687	1.516	0.660	0.855
306	38	14.500	7.500	0	33	29.799	3279	1747	10	7	9.036	5.354	161.338	0.538	1.688	0.593	0.710
307	18	17.778	8.413	1	34	15.314	3750	1747	5	5	5.472	4.188	133.737	0.965	1.307	0.765	0.857
308	16	13.438	4.546	5	24	16.485	996	1750	5	5	5.666	3.596	58.554	0.740	1.576	0.635	0.821
309	877	52.895	26.181	2	106	123.539	40	1751	41	34	39.278	28.429	27.830	0.722	1.382	0.724	0.898
310	881	17.573	8.339	0	48	149.581	2717	1751	34	40	36.829	30.458	106.111	0.495	1.209	0.827	0.840
311	25	13.480	6.397	1	26	22.142	2695	1754	9	5	8.039	3.960	17.751	0.641	2.030	0.493	0.735
312	1669	24.519	11.324	1	73	199.723	3289	1755	44	54	52.353	40.590	102.639	0.526	1.290	0.775	0.870
313	738	19.309	9.758	1	59	128.368	845	1757	36	33	37.838	24.834	38.983	0.563	1.524	0.656	0.837
314	558	33.229	14.183	1	73	93.740	1190	1758	28	28	26.832	26.478	75.403	0.798	1.013	0.987	0.901
315	6122	31.773	16.732	0	97	415.387	1586	1778	123	90	109.766	71.013	174.728	0.446	1.546	0.647	0.828
316	18	25.222	7.026	11	35	17.314	888	1783	4	7	7.318	3.132	102.594	0.755	2.337	0.428	0.800
317	16	21.250	7.038	10	37	17.899	61	1790	4	6	6.706	3.038	97.770	0.628	2.207	0.453	0.744
318	91	19.637	10.815	2	47	40.042	2751	1797	11	13	11.477	10.095	70.680	0.713	1.137	0.880	0.802
319	22	29.773	8.535	17	51	20.142	2145	1811	6	7	5.644	4.963	78.374	0.681	1.137	0.879	0.698
320	379	56.628	18.830	4	101	76.426	766	1813	23	23	22.318	21.622	67.894	0.815	1.032	0.969	0.900
321	1269	43.545	18.554	1	89	163.095	1894	1820	39	53	52.405	30.832	121.175	0.599	1.700	0.588	0.874
322	6851	33.591	17.443	0	102	453.872	3793	1821	136	92	131.449	66.360	163.820	0.418	1.981	0.505	0.812
323	17	13.882	7.305	2	30	20.142	3514	1825	5	8	7.405	2.923	70.846	0.527	2.533	0.395	0.680
324	953	27.092	14.239	1	83	212.693	2982	1826	38	60	51.938	23.362	81.880	0.265	2.223	0.450	0.606
325	30	21.333	12.363	0	44	26.142	2751	1830	9	7	6.592	5.794	13.470	0.552	1.138	0.879	0.667
326	21	28.190	9.053	7	44	16.485	2385	1839	5	5	5.568	4.802	102.732	0.971	1.159	0.862	0.913
327	2456	39.634	18.803	1	104	244.108	400	1853	78	52	72.494	43.135	7.879	0.518	1.681	0.595	0.835
328	102	29.804	11.503	7	62	42.284	2654	1853	14	13	11.844	10.965	34.746	0.717	1.080	0.926	0.776
329	19	20.895	9.427	5	36	16.728	3047	1855	6	5	5.955	4.063	137.412	0.853	1.466	0.682	0.809
330	48	39.229	10.832	14	59	27.556	3446	1859	8	9	8.627	7.084	77.630	0.794	1.218	0.821	0.814
331	6280	26.586	13.055	0	80	457.671	3614	1859	84	134	118.253	67.617	112.201	0.377	1.749	0.572	0.817
332	1862	18.939	9.406	0	62	210.451	2818	1874	57	50	55.054	43.063	24.735	0.528	1.278	0.782	0.862
333	70	30.314	10.291	11	54	35.213	2022	1881	13	9	11.045	8.070	176.692	0.709	1.369	0.731	0.795
334	66	45.818	12.360	8	72	30.627	2625	1888	9	11	10.375	8.100	120.029	0.884	1.281	0.781	0.846
335	101	30.574	10.992	4	55	40.870	2744	1892	14	12	12.158	10.577	36.588	0.760	1.149	0.870	0.821
336	336	43.277	13.383	3	74	70.770	246	1898	22	20	22.666	18.875	154.624	0.843	1.201	0.833	0.924
337	16	21.375	9.926	5	36	15.314	2315	1899	6	4	5.977	3.408	168.245	0.857	1.754	0.570	0.800
338	34	22.912	8.229	8	43	21.899	1294	1905	6	7	7.517	5.759	104.668	0.891	1.305	0.766	0.919
339	67	28.418	13.077	4	49	37.213	3241	1916	9	13	12.439	6.858	116.799	0.608	1.814	0.551	0.775
340	48	17.708	9.221	4	44	39.698	793	1921	12	11	13.057	4.681	36.031	0.383	2.790	0.358	0.608
341	2419	30.970	17.441	0	94	272.635	3497	1931	67	66	63.465	48.530	138.841	0.409	1.308	0.765	0.790
342	764	39.695	21.009	0	104	127.196	1530	1941	28	44	40.552	23.988	96.810	0.593	1.691	0.592	0.847
343	38	19.868	9.682	4	45	26.385	3246	1941	7	10	8.369	5.781	105.287	0.686	1.448	0.691	0.745
344	1328	32.483	12.602	2	79	176.894	60	1945	36	54	51.304	32.957	88.409	0.533	1.557	0.642	0.877
345	5644	25.976	13.451	0	79	430.902	703	1965	109	107	128.731	55.823	130.936	0.382	2.306	0.434	0.769
346	71	26.352	10.279	1	49	34.627	1193	1971	8	13	12.527	7.216	93.345	0.744	1.736	0.576	0.850
347	56	33.696	10.303	9	54	30.385	2255	1971	8	11	10.582	6.738	116.558	0.762	1.570	0.637	0.824
348	98	17.092	8.359	1	40	53.941	763	1972	13	14	13.191	9.460	136.844	0.423	1.394	0.717	0.698
349	1736	16.666	8.615	0	47	230.108	1471	1974	69	45	73.340	30.138	161.584	0.412	2.433	0.411	0.795
350	10674	28.444	16.072	0	97	798.690	832	1976	128	153	130.755	103.939	51.600	0.210	1.258	0.795	0.710
351	422	56.244	21.142	3	106	84.912	3443	1981	21	28	27.347	19.648	88.159	0.736	1.392	0.718	0.886
352	161	59.627	16.891	20	94	48.527	1170	1986	16	15	14.710	13.936	1.805	0.859	1.056	0.947	0.880
353	142	21.373	9.731	1	48	65.355	2317	1992	16	18	21.278	8.497	131.987	0.418	2.504	0.399	0.745
354	16	16.312	6.740	4	29	16.142	306	2005	6	5	5.202	3.916	37.027	0.772	1.328	0.753	0.727
355	918	26.416	10.229	2	61	143.924	85	2008	33	41	38.698	30.204	87.421	0.557	1.281	0.781	0.856
356	42	30.357	12.897	1	55	26.971	317	2011	8	8	8.061	6.634	92.100	0.726	1.215	0.823	0.792
357	266	15.605	7.685	1	40	136.267	3119	2015	24	32	24.556	13.792	114.419	0.180	1.780	0.562	0.476
358	1305	22.462	10.791	0	59	179.823	1712	2024	38	55	49.365	33.659	55.073	0.507	1.467	0.682	0.841
359	440	39.411	16.090	4	82	85.740	3968	2026	23	28	26.116	21.452	90.018	0.752	1.217	0.821	0.888
360	133	21.068	8.871	1	41	47.698	674	2048	14	14	13.612	12.441	135.397	0.735	1.094	0.914	0.834
361	55	14.709	7.070	3	29	36.042	2377	2062	10	13	12.242	5.720	67.107	0.532	2.140	0.467	0.683
362	22	20.091	5.871	10	29	17.314	3075	2068	6	5	6.323	4.430	136.575	0.922	1.427	0.701	0.863
363	39	40.487	8.790	20	61	24.385	2709	2075	8	8	7.455	6.661	156.827	0.824	1.119	0.893	0.788
364	508	18.400	8.645	1	46	102.225	960	2083	26	29	31.014	20.855	125.377	0.611	1.487	0.672	0.868
365	91	14.165	7.811	1	34	46.627	3205	2091	12	13	12.592	9.202	119.236	0.526	1.368	0.731	0.749
366	46	27.543	9.761	6	51	31.213	3383	2107	8	9	7.924	7.392	149.401	0.593	1.072	0.933	0.730
367	2338	34.831	19.665	0	113	228.350	1470	2109	57	70	61.294	48.567	115.769	0.563	1.262	0.792	0.861
368	415	31.024	14.082	2	71	99.740	2595	2109	27	29	28.556	18.504	139.849	0.524	1.543	0.648	0.792
369	69	26.826	10.537	3	49	34.042	2627	2109	10	12	10.927	8.040	62.801	0.748	1.359	0.736	0.807
370	17	23.471	11.495	7	45	18.728	1813	2117	6	5	5.364	4.035	176.015	0.609	1.330	0.752	0.708
371	395	16.023	8.559	1	41	116.610	1849	2123	28	28	25.839	19.464	124.760	0.365	1.328	0.753	0.746
372	724	17.380	8.783	0	52	135.196	3373	2125	40	32	43.070	21.403	26.872	0.498	2.012	0.497	0.813
373	143	47.909	16.492	4	96	47.698	1547	2127	14	15	14.156	12.862	75.834	0.790	1.101	0.909	0.859
374	1142	21.511	10.764	1	65	168.995	2362	2132	47	41	46.763	31.094	143.158	0.502	1.504	0.665	0.844
375	1187	19.639	9.876	1	52	192.108	532	2162	47	45	41.707	36.237	10.135	0.404	1.151	0.869	0.797
376	69	25.275	9.622	5	44	31.213	875	2170	10	10	10.146	8.659	154.225	0.890	1.172	0.853	0.868
377	208	24.168	10.475	1	46	95.983	2430	2174	22	25	25.674	10.315	50.821	0.284	2.489	0.402	0.622
378	953	24.817	11.804	0	59	153.924	3788	2181	33	46	45.804	26.491	68.644	0.505	1.729	0.578	0.849
379	1163	25.135	13.607	1	80	149.924	1410	2188	32	51	49.023	30.206	92.513	0.650	1.623	0.616	0.906
380	551	16.040	8.103	1	45	113.539	312	2194	33	26	29.363	23.892	11.785	0.537	1.229	0.814	0.832
381	76	21.605	9.581	5	46	34.627	2114	2200	12	10	11.990	8.070	152.829	0.796	1.486	0.673	0.835
382	1669	36.324	16.452	0	87	195.622	256	2201	53	54	52.441	40.522	131.714	0.548	1.294	0.773	0.889
383	33	26.424	10.075	9	48	21.556	3325	2202	7	7	7.363	5.707	54.174	0.892	1.290	0.775	0.825
384	647	43.569	19.162	1	95	122.811	2521	2208	41	26	42.869	19.216	169.011	0.539	2.231	0.448	0.815
385	41	27.732	9.968	4	46	27.799	3032	2208	8	9	8.277	6.307	41.293	0.667	1.312	0.762	0.745
386	4894	24.962	11.436	0	69	379.304	66	2220	96	80	101.842	61.185	155.566	0.427	1.664	0.601	0.879
387	66	21.152	11.895	1	52	35.456	1126	2220	10	12	12.626	6.656	123.583	0.660	1.897	0.527	0.776
388	592	17.150	8.975	0	48	126.953	2804	2221	31	34	30.322	24.859	29.626	0.462	1.220	0.820	0.794
389	2876	40.040	22.310	1	124	299.706	1138	2228	90	67	87.950	41.636	145.909	0.402	2.112	0.473	0.751
390	116	37.655	15.566	5	71	43.799	2577	2237	12	14	14.835	9.956	69.375	0.760	1.490	0.671	0.872
391	123	29.593	10.282	10	51	43.213	3017	2239	14	12	14.282	10.965	168.492	0.828	1.302	0.768	0.875
392	67	20.030	10.050	3	49	37.799	2780	2240	11	10	10.179	8.381	16.639	0.589	1.215	0.823	0.761
393	869	70.231	37.208	3	146	119.640	303	2249	35	36	36.666	30.176	127.618	0.763	1.215	0.823	0.904
394	2020	29.380	13.629	1	84	196.066	3896	2250	61	51	60.649	42.407	15.451	0.660	1.430	0.699	0.884
395	2197	42.451	26.402	0	111	211.279	1905	2251	52	62	64.498	43.370	117.579	0.618	1.487	0.672	0.907
396	22	15.318	6.557	4	31	21.556	2415	2255	6	8	5.998	4.670	84.345	0.595	1.284	0.779	0.638
397	26	20.462	6.790	9	33	22.142	925	2262	6	8	7.102	4.661	122.719	0.666	1.524	0.656	0.743
398	362	42.566	16.858	2	84	83.255	755	2263	22	25	23.582	19.545	106.334	0.656	1.207	0.829	0.846
399	763	20.917	10.331	1	56	127.539	3770	2263	33	40	32.368	30.014	111.375	0.589	1.078	0.927	0.833
400	39	21.769	8.591	5	34	23.556	850	2272	7	8	8.092	6.136	137.964	0.883	1.319	0.758	0.848
401	170	48.959	17.692	11	95	51.698	2443	2272	16	16	17.861	12.119	142.250	0.799	1.474	0.678	0.867
402	64	19.391	8.561	1	37	54.527	3457	2279	17	7	15.724	5.182	0.564	0.271	3.034	0.330	0.624
403	17	37.882	12.539	17	63	20.728	337	2282	6	7	5.878	3.682	39.162	0.497	1.596	0.626	0.586
404	1023	31.357	15.414	0	88	157.439	1812	2298	55	33	49.060	26.549	171.488	0.519	1.848	0.541	0.808
405	53	34.019	11.528	12	56	31.213	2827	2302	8	11	9.850	6.851	91.467	0.684	1.438	0.695	0.757
406	13083	26.516	15.507	0	90	626.281	651	2312	124	179	174.201	95.624	106.233	0.419	1.822	0.549	0.850
407	417	41.453	15.900	4	78	97.640	1632	2340	25	32	25.481	20.837	100.446	0.550	1.223	0.818	0.812
408	174	17.592	9.914	1	49	61.941	3135	2341	15	17	17.218	12.867	119.495	0.570	1.338	0.747	0.825
409	47	26.447	10.342	3	52	28.385	589	2345	7	10	9.582	6.245	107.252	0.733	1.534	0.652	0.825
410	29	18.207	9.367	2	42	20.142	3547	2350	6	7	6.617	5.580	94.705	0.898	1.186	0.843	0.829
411	553	34.159	14.396	3	74	98.569	3344	2355	29	28	29.878	23.566	134.035	0.715	1.268	0.789	0.883
412	33	25.879	9.656	8	48	22.971	3841	2356	6	9	8.142	5.161	83.412	0.786	1.578	0.634	0.786
413	1214	31.949	17.213	0	84	248.492	1346	2363	61	42	53.040	29.142	171.753	0.247	1.820	0.549	0.684
414	1221	36.052	17.706	1	91	178.894	535	2365	40	56	50.982	30.494	107.379	0.479	1.672	0.598	0.802
415	252	23.536	10.147	1	45	79.497	2231	2381	26	20	19.025	16.865	18.979	0.501	1.128	0.886	0.742
416	51	36.216	9.727	17	59	30.971	875	2384	8	10	8.806	7.374	80.191	0.668	1.194	0.837	0.767
417	1306	30.357	16.133	0	89	157.924	1617	2384	39	57	55.781	29.810	75.625	0.658	1.871	0.534	0.885
418	48	25.188	10.410	3	51	29.799	113	2407	8	11	9.260	6.600	107.282	0.679	1.403	0.713	0.733
419	56	11.643	6.056	1	27	52.770	3650	2429	9	15	11.746	6.070	72.295	0.253	1.935	0.517	0.516
420	209	36.799	14.932	4	72	63.941	2783	2436	21	16	20.348	13.078	169.357	0.642	1.556	0.643	0.838
421	888	28.423	12.642	2	72	127.296	1190	2439	36	37	37.738	29.960	133.061	0.689	1.260	0.794	0.892
422	37	18.703	7.753	3	36	26.385	3694	2454	6	10	9.316	5.057	88.595	0.668	1.842	0.543	0.771
423	64	34.828	12.877	9	63	30.627	3821	2468	9	11	10.864	7.501	119.546	0.857	1.448	0.690	0.848
424	14731	23.471	13.353	0	97	665.210	2969	2486	124	205	187.057	100.269	109.100	0.418	1.866	0.536	0.851
425	138	30.196	12.280	4	58	50.527	1796	2514	14	15	15.314	11.473	128.011	0.679	1.335	0.749	0.807
426	254	19.315	9.379	3	51	78.326	3349	2515	20	22	18.516	17.466	82.915	0.520	1.060	0.943	0.764
427	36	29.250	13.909	4	58	22.142	228	2516	7	7	8.225	5.573	130.564	0.923	1.476	0.678	0.889
428	72	31.875	9.839	11	51	33.799	3103	2516	9	11	11.173	8.205	121.837	0.792	1.362	0.734	0.847
429	58	13.379	6.515	2	29	45.698	1189	2517	15	8	13.207	5.592	6.927	0.349	2.362	0.423	0.589
430	37	12.270	7.489	2	29	38.870	1879	2520	9	12	9.036	5.214	108.985	0.308	1.733	0.577	0.493
431	135	26.659	12.431	2	53	58.527	2589	2521	19	13	18.923	9.084	10.051	0.495	2.083	0.480	0.728
432	61	31.639	10.355	12	58	31.213	1367	2522	8	12	11.117	6.986	108.071	0.787	1.591	0.628	0.853
433	53	13.547	7.703	1	37	62.770	2949	2528	14	14	11.546	5.845	30.878	0.169	1.975	0.506	0.422
434	44	14.659	6.183	2	27	29.213	3955	2533	9	10	8.833	6.342	45.706	0.648	1.393	0.718	0.715
435	1278	26.529	12.347	1	64	182.652	3532	2534	55	36	49.764	32.698	176.413	0.481	1.522	0.657	0.852
436	2278	35.665	20.268	0	112	225.522	1645	2535	54	67	59.116	49.063	109.352	0.563	1.205	0.830	0.847
437	219	17.658	8.678	1	40	82.083	2023	2536	15	26	20.442	13.640	83.620	0.408	1.499	0.667	0.758
438	30	10.433	5.600	2	21	26.971	2957	2538	7	8	7.978	4.788	64.032	0.518	1.666	0.600	0.682
439	71	22.028	9.460	4	42	37.456	3836	2539	12	11	11.308	7.994	39.304	0.636	1.415	0.707	0.763
440	274	20.095	9.088	1	50	77.497	993	2542	19	23	22.182	15.728	53.563	0.573	1.410	0.709	0.814
441	265	35.974	22.417	1	89	103.154	139	2544	25	26	30.396	11.101	131.827	0.313	2.738	0.365	0.654
442	2544	28.311	13.858	0	79	290.877	2455	2544	68	67	61.772	52.437	35.975	0.378	1.178	0.849	0.766
443	38	17.947	6.294	7	32	24.627	364	2552	7	9	8.007	6.043	99.369	0.787	1.325	0.755	0.776
444	1321	18.885	9.606	0	56	205.622	2557	2555	47	51	44.704	37.624	67.697	0.393	1.188	0.842	0.790
445	24	22.625	10.142	5	47	19.556	3813	2568	7	6	5.882	5.195	148.670	0.789	1.132	0.883	0.727
446	17	21.941	9.209	5	34	18.142	2299	2581	5	7	5.784	3.742	93.355	0.649	1.545	0.647	0.680
447	101	42.119	12.162	8	74	38.284	694	2585	13	12	13.523	9.509	134.196	0.866	1.422	0.703	0.874
448	122	12.016	6.343	0	35	63.012	3619	2588	19	13	17.293	8.983	178.014	0.386	1.925	0.519	0.624
449	21	15.000	7.190	3	33	20.728	3208	2590	6	7	5.816	4.598	28.431	0.614	1.265	0.791	0.689
450	277	17.773	7.999	2	41	83.497	1225	2597	20	22	21.599	16.329	127.371	0.499	1.323	0.756	0.785
451	243	35.988	11.175	9	62	67.255	2606	2606	18	22	19.785	15.638	75.392	0.675	1.265	0.790	0.834
452	3581	30.751	14.843	0	87	386.032	943	2610	106	62	100.630	45.309	170.220	0.302	2.221	0.450	0.717
453	18	28.222	13.041	2	50	16.142	2144	2613	6	5	5.777	3.967	140.930	0.868	1.456	0.687	0.766
454	930	26.880	14.704	1	73	150.752	1424	2627	49	38	43.760	27.059	26.490	0.514	1.617	0.618	0.830
455	87	30.506	11.208	2	55	36.042	2512	2631	11	12	11.995	9.235	134.445	0.842	1.299	0.770	0.837
456	31	19.323	10.842	0	40	26.385	2636	2641	8	8	8.444	4.674	143.067	0.560	1.806	0.554	0.705
457	937	31.200	15.540	0	89	143.338	3237	2641	39	46	47.192	25.281	52.124	0.573	1.867	0.536	0.851
458	590	19.524	9.045	0	50	124.953	1091	2651	31	32	28.337	26.510	114.653	0.475	1.069	0.936	0.833
459	2461	24.807	12.330	0	77	264.492	678	2657	58	87	90.959	34.449	119.822	0.442	2.640	0.379	0.824
460	305	19.167	9.292	1	45	90.669	452	2665	18	31	33.879	11.463	105.697	0.466	2.956	0.338	0.772
461	299	29.341	11.204	4	60	78.083	2410	2669	19	26	25.096	15.170	109.666	0.616	1.654	0.604	0.840
462	66	18.591	7.799	5	40	44.870	2429	2671	13	11	10.858	7.740	35.952	0.412	1.403	0.713	0.623
463	96	15.260	7.862	2	34	71.255	3717	2677	23	9	19.356	6.315	175.241	0.238	3.065	0.326	0.544
464	3452	33.381	17.574	0	95	362.233	2673	2678	85	96	85.485	51.415	57.649	0.331	1.663	0.601	0.688
465	233	38.893	15.115	4	76	66.770	1126	2687	20	20	21.850	13.577	134.465	0.657	1.609	0.621	0.853
466	60	36.967	12.778	7	66	31.456	1021	2691	9	11	9.476	8.062	70.159	0.762	1.175	0.851	0.800
467	630	23.735	10.302	0	54	105.397	2257	2695	31	30	31.090	25.801	37.233	0.713	1.205	0.830	0.871
468	209	27.388	11.892	1	56	65.941	3344	2697	14	22	23.157	11.491	83.134	0.604	2.015	0.496	0.812
469	182	24.319	10.339	1	53	63.355	3834	2716	12	24	22.596	10.256	77.217	0.570	2.203	0.454	0.829
470	17	19.588	9.401	3	34	17.556	1812	2719	6	6	5.130	4.219	46.788	0.693	1.216	0.822	0.667
471	26	18.423	9.445	2	36	19.314	1651	2720	6	6	6.110	5.418	137.278	0.876	1.128	0.887	0.852
472	22	33.409	13.172	11	53	17.556	457	2734	6	6	5.635	4.971	5.944	0.897	1.134	0.882	0.772
473	1188	22.125	10.859	1	61	164.752	890	2747	42	42	43.678	34.631	142.441	0.550	1.261	0.793	0.862
474	239	49.900	18.056	7	95	63.355	720	2751	17	20	19.759	15.401	105.379	0.748	1.283	0.779	0.869
475	122	28.918	10.978	7	57	47.941	2679	2751	14	15	13.416	11.578	141.204	0.667	1.159	0.863	0.805
476	35	30.600	11.662	10	52	22.971	2939	2760	8	7	7.901	5.641	145.196	0.834	1.401	0.714	0.795
477	27	19.444	6.767	2	32	18.728	1891	2763	6	6	6.213	5.534	32.865	0.967	1.123	0.891	0.885
478	91	29.440	9.697	7	50	36.870	1388	2764	13	11	12.705	9.119	17.447	0.841	1.393	0.718	0.847
479	30	26.433	8.398	10	43	20.728	2417	2765	6	7	7.296	5.236	116.325	0.877	1.393	0.718	0.857
480	880	30.597	12.959	1	76	125.539	2647	2769	37	35	34.683	32.305	16.612	0.702	1.074	0.931	0.896
481	38	28.789	11.036	7	47	24.971	388	2775	7	9	8.821	5.485	105.080	0.766	1.608	0.622	0.809
482	25	21.200	7.848	6	33	21.556	1273	2775	8	6	7.102	4.482	173.364	0.676	1.585	0.631	0.694
483	50	27.760	12.943	4	56	26.971	3075	2779	9	8	8.630	7.377	169.443	0.864	1.170	0.855	0.847
484	145	36.400	13.840	1	64	47.113	2858	2784	15	14	14.611	12.636	146.661	0.821	1.156	0.865	0.868
485	267	23.270	9.474	1	50	73.598	2231	2788	17	24	22.386	15.186	106.081	0.619	1.474	0.678	0.827
486	17	15.353	9.110	4	37	16.142	213	2795	6	5	5.639	3.839	168.792	0.820	1.469	0.681	0.756
487	323	17.728	8.943	0	47	84.083	2116	2797	21	23	22.274	18.463	123.650	0.574	1.206	0.829	0.807
488	3443	24.532	11.977	0	65	314.676	2556	2800	88	76	103.393	42.399	34.694	0.437	2.439	0.410	0.825
489	143	30.420	11.238	4	56	47.113	3885	2800	15	13	15.169	12.003	1.253	0.810	1.264	0.791	0.869
490	2518	25.890	14.405	0	74	222.007	1200	2812	70	57	69.342	46.235	150.092	0.642	1.500	0.667	0.887
491	20	25.750	11.832	6	46	18.728	574	2821	7	5	5.896	4.319	5.770	0.717	1.365	0.733	0.741
492	2857	29.371	16.717	0	86	264.049	1874	2834	71	75	68.570	53.050	44.156	0.515	1.293	0.774	0.852
493	42	19.262	10.439	0	43	26.142	3588	2835	6	10	9.188	5.820	77.657	0.772	1.578	0.634	0.866
494	509	32.377	14.132	1	76	101.640	1492	2841	32	25	29.610	21.887	1.302	0.619	1.353	0.739	0.863
495	27	22.000	9.161	7	38	28.627	1593	2845	7	10	7.732	4.446	81.418	0.414	1.739	0.575	0.562
496	96	19.562	9.304	3	42	41.456	2433	2868	14	12	14.402	8.487	32.558	0.702	1.697	0.589	0.803
497	36	24.333	9.246	7	42	22.385	217	2873	8	7	7.687	5.963	137.204	0.903	1.289	0.776	0.818
498	707	25.332	11.517	0	55	120.711	2414	2889	28	39	38.066	23.648	72.310	0.610	1.610	0.621	0.873
499	3077	42.184	23.692	0	119	256.492	930	2895	66	79	80.672	48.564	57.545	0.588	1.661	0.602	0.868
500	119	23.714	9.670	4	50	47.113	3499	2898	14	14	16.816	9.010	134.103	0.674	1.866	0.536	0.832
501	52	34.423	11.196	6	58	30.627	2976	2917	8	12	10.527	6.290	106.312	0.697	1.674	0.598	0.748
502	87	29.724	11.132	4	52	36.627	1324	2931	10	13	11.656	9.504	106.942	0.815	1.226	0.815	0.857
503	2602	29.622	14.679	1	82	306.108	2205	2935	81	64	67.560	49.037	170.739	0.349	1.378	0.726	0.756
504	1743	43.501	25.353	0	118	225.095	1748	2958	76	41	68.784	32.264	9.158	0.432	2.132	0.469	0.819
505	39	35.128	12.737	7	58	26.385	1100	2965	7	9	8.341	5.953	99.041	0.704	1.401	0.714	0.765
506	17	15.118	6.918	4	30	17.314	1952	2973	4	7	6.322	3.424	99.806	0.713	1.846	0.542	0.791
507	33	15.121	9.440	3	34	23.556	2288	2987	8	7	7.406	5.674	8.908	0.747	1.305	0.766	0.767
