 	Area	Mean	StdDev	Min	Max	Perim.	BX	BY	Width	Height	Major	Minor	Angle	Circ.	AR	Round	Solidity
1	6790	34.163	21.589	0	114	403.948	63	1	102	101	107.253	80.606	44.294	0.523	1.331	0.752	0.865
2	4037	25.891	15.083	0	95	315.806	394	1	88	72	83.709	61.404	42.163	0.509	1.363	0.734	0.846
3	16264	30.204	16.167	0	131	951.117	1471	1	272	124	255.998	80.891	161.306	0.226	3.165	0.316	0.798
4	430	37.363	19.749	1	103	118.083	1926	1	36	24	26.966	20.303	172.508	0.388	1.328	0.753	0.761
5	18	47.667	11.931	26	69	17.899	2914	1	7	4	6.953	3.296	166.953	0.706	2.110	0.474	0.857
6	1055	27.082	14.237	0	86	208.936	3191	1	60	46	65.020	20.659	146.750	0.304	3.147	0.318	0.718
7	36273	26.603	22.805	0	123	1275.693	2104	3	285	230	283.291	163.027	27.267	0.280	1.738	0.575	0.773
8	694	22.677	11.267	0	62	109.054	3003	10	30	35	34.204	25.834	131.870	0.733	1.324	0.755	0.893
9	8928	32.322	18.017	0	114	713.193	447	12	140	143	140.811	80.729	35.039	0.221	1.744	0.573	0.626
10	313	31.706	15.027	4	74	99.640	1103	13	35	18	28.284	14.090	0.986	0.396	2.007	0.498	0.708
11	7524	40.995	24.871	0	146	565.713	3112	14	142	117	111.158	86.183	161.505	0.295	1.290	0.775	0.708
12	146	21.548	9.605	0	46	56.770	3495	16	12	20	19.663	9.454	73.557	0.569	2.080	0.481	0.789
13	1642	20.220	10.378	0	58	220.936	2750	29	56	64	77.293	27.048	47.496	0.423	2.858	0.350	0.839
14	1027	33.756	15.780	1	82	147.439	3792	35	35	42	40.414	32.355	104.546	0.594	1.249	0.801	0.875
15	209	47.282	14.898	8	80	56.870	3299	42	16	17	18.110	14.694	128.288	0.812	1.232	0.811	0.903
16	1490	37.030	19.745	1	118	187.581	1126	54	39	60	53.066	35.750	86.605	0.532	1.484	0.674	0.860
17	805	36.078	17.484	0	109	141.397	3978	71	21	54	52.660	19.464	89.669	0.506	2.706	0.370	0.863
18	3989	41.990	22.441	0	110	392.174	1875	73	65	119	97.568	52.056	78.275	0.326	1.874	0.534	0.804
19	162	43.957	15.308	9	82	61.598	185	80	19	18	20.764	9.934	136.296	0.537	2.090	0.478	0.779
20	23	12.565	5.238	3	25	22.971	3352	86	8	7	8.552	3.424	143.804	0.548	2.497	0.400	0.657
21	21	17.095	10.733	2	35	20.728	947	91	5	8	6.707	3.987	72.089	0.614	1.682	0.594	0.700
22	3002	22.257	10.549	0	60	274.049	1011	96	64	78	70.942	53.879	81.494	0.502	1.317	0.759	0.856
23	1270	29.542	13.210	1	68	169.823	1957	99	44	52	46.399	34.850	76.767	0.553	1.331	0.751	0.833
24	432	23.627	10.918	0	57	90.083	789	101	21	31	29.199	18.838	89.144	0.669	1.550	0.645	0.845
25	128	45.570	13.486	9	76	42.627	1471	102	12	14	14.774	11.031	103.142	0.885	1.339	0.747	0.901
26	25	18.280	6.937	8	35	20.728	1465	115	5	8	6.699	4.751	86.344	0.731	1.410	0.709	0.833
27	59	23.661	11.651	4	55	30.385	1616	119	11	8	10.400	7.223	12.313	0.803	1.440	0.695	0.825
28	27	24.667	9.837	7	42	20.728	3501	125	7	6	7.263	4.733	129.440	0.790	1.534	0.652	0.818
29	1810	26.215	10.654	1	60	193.723	1484	130	54	47	53.687	42.926	9.905	0.606	1.251	0.800	0.886
30	36	15.778	7.231	2	30	31.799	784	132	10	10	11.471	3.996	127.157	0.447	2.871	0.348	0.699
31	4066	50.026	33.271	0	159	300.291	1368	133	75	93	86.357	59.949	122.422	0.567	1.441	0.694	0.856
32	114	17.105	9.234	1	41	52.527	352	137	11	17	14.254	10.183	98.984	0.519	1.400	0.714	0.778
33	30	20.700	10.449	2	38	21.314	896	142	7	6	7.102	5.378	38.120	0.830	1.320	0.757	0.845
34	57	20.421	9.865	4	41	32.627	3261	145	7	13	12.017	6.040	102.521	0.673	1.990	0.503	0.786
35	89	23.303	11.514	1	61	41.213	145	147	9	16	15.451	7.334	101.056	0.658	2.107	0.475	0.836
36	341	15.962	8.644	1	49	114.468	3860	149	20	38	28.894	15.027	95.549	0.327	1.923	0.520	0.689
37	221	17.475	8.379	2	45	78.426	842	156	15	27	23.770	11.838	87.618	0.452	2.008	0.498	0.733
38	647	34.961	14.739	2	75	122.368	328	162	31	35	31.529	26.128	89.198	0.543	1.207	0.829	0.796
39	4323	37.569	21.454	0	109	336.718	3409	168	93	89	95.618	57.565	139.257	0.479	1.661	0.602	0.864
40	497	15.535	7.771	1	38	109.640	660	170	25	31	28.680	22.064	68.276	0.520	1.300	0.769	0.810
41	50	14.920	8.499	2	39	38.627	1179	173	9	14	10.844	5.871	110.725	0.421	1.847	0.541	0.633
42	60	39.700	10.841	8	61	30.042	1252	178	10	10	9.526	8.019	140.500	0.835	1.188	0.842	0.828
43	74	32.838	12.159	10	55	33.213	3380	178	10	11	10.885	8.656	111.120	0.843	1.258	0.795	0.846
44	38	17.132	7.534	2	32	22.728	2194	185	7	7	7.664	6.313	54.283	0.924	1.214	0.824	0.874
45	16	13.312	6.700	3	27	18.142	1944	186	4	7	6.936	2.937	106.209	0.611	2.362	0.423	0.696
46	232	28.181	10.652	1	57	72.669	842	207	17	22	19.758	14.950	74.990	0.552	1.322	0.757	0.782
47	47	12.830	6.326	2	33	47.698	2604	207	12	12	11.088	5.397	48.273	0.260	2.055	0.487	0.528
48	612	54.008	20.503	1	100	101.983	2541	214	23	36	35.767	21.786	90.230	0.739	1.642	0.609	0.903
49	127	16.819	9.422	2	45	53.355	811	221	18	15	18.169	8.900	144.955	0.561	2.042	0.490	0.754
50	17	15.059	6.950	2	32	18.728	3598	228	7	5	5.291	4.091	162.280	0.609	1.293	0.773	0.708
51	21	22.333	6.748	10	33	18.728	1754	229	7	5	5.813	4.600	176.230	0.752	1.264	0.791	0.764
52	231	31.541	12.085	4	64	65.355	1463	232	19	19	19.994	14.710	138.601	0.680	1.359	0.736	0.835
53	117	27.957	11.700	0	58	52.527	3413	233	12	15	14.323	10.401	120.263	0.533	1.377	0.726	0.743
54	102	35.529	11.859	5	65	38.627	1319	236	13	11	11.928	10.888	161.930	0.859	1.096	0.913	0.864
55	424	30.731	14.792	1	72	87.497	1104	241	20	32	30.566	17.662	83.490	0.696	1.731	0.578	0.871
56	37	16.973	9.771	0	39	33.799	2953	245	6	12	10.466	4.501	81.302	0.407	2.325	0.430	0.673
57	35	22.000	9.810	5	47	23.556	686	249	6	9	8.668	5.141	110.442	0.793	1.686	0.593	0.843
58	205	32.517	15.625	1	67	83.497	1159	260	18	25	20.692	12.614	60.777	0.370	1.640	0.610	0.642
59	6398	31.524	16.954	0	101	444.073	2619	260	107	125	131.172	62.103	122.447	0.408	2.112	0.473	0.781
60	39	23.718	8.982	3	38	27.213	1885	272	8	9	7.636	6.503	109.962	0.662	1.174	0.852	0.716
61	27	17.222	7.224	4	30	18.971	1107	276	7	6	7.325	4.693	28.963	0.943	1.561	0.641	0.818
62	32	30.312	14.875	1	59	20.728	2403	284	6	7	6.836	5.960	131.324	0.936	1.147	0.872	0.865
63	32	18.688	9.458	4	38	25.799	726	303	7	8	6.633	6.142	74.318	0.604	1.080	0.926	0.703
64	77	26.688	10.565	5	49	36.385	3313	306	13	9	11.457	8.557	164.138	0.731	1.339	0.747	0.828
65	4907	50.910	28.044	0	138	365.647	3884	307	109	79	102.118	61.182	7.921	0.461	1.669	0.599	0.802
66	65	15.277	8.046	2	33	50.527	3495	323	11	14	12.720	6.507	126.734	0.320	1.955	0.512	0.599
67	21	17.476	10.013	2	37	18.142	3694	328	6	6	5.787	4.621	124.492	0.802	1.252	0.798	0.764
68	24	19.542	10.413	1	41	20.728	169	329	6	6	6.081	5.025	16.328	0.702	1.210	0.826	0.762
69	122	18.533	8.756	2	40	64.770	3527	333	13	17	16.215	9.580	73.481	0.365	1.693	0.591	0.713
70	30	24.967	8.791	7	41	21.899	13	334	6	7	7.487	5.101	125.868	0.786	1.468	0.681	0.845
71	116	11.784	6.475	1	38	70.669	902	336	17	16	13.253	11.144	117.365	0.292	1.189	0.841	0.632
72	95	41.726	15.340	7	72	39.213	1289	342	10	14	13.101	9.233	87.715	0.776	1.419	0.705	0.856
73	122	37.902	13.758	2	68	44.870	1695	352	11	16	15.737	9.871	105.778	0.761	1.594	0.627	0.862
74	290	20.400	10.246	1	51	71.497	474	354	22	22	20.005	18.457	39.514	0.713	1.084	0.923	0.832
75	2186	47.013	24.729	1	119	265.078	2098	358	60	87	96.768	28.763	120.352	0.391	3.364	0.297	0.808
76	52	16.904	7.492	2	29	42.527	1145	359	10	13	9.381	7.057	97.043	0.361	1.329	0.752	0.623
77	1944	26.962	11.918	1	71	203.037	819	382	54	59	57.662	42.926	120.176	0.593	1.343	0.744	0.893
78	857	16.860	8.769	1	53	157.924	2330	387	37	40	37.142	29.378	109.210	0.432	1.264	0.791	0.808
79	36	24.889	12.172	1	48	22.971	1865	391	7	8	7.462	6.143	100.232	0.857	1.215	0.823	0.818
80	7536	33.649	17.241	0	105	537.671	2707	391	103	127	107.966	88.872	91.052	0.328	1.215	0.823	0.785
81	6401	22.340	12.951	0	74	403.931	1491	397	70	123	122.698	66.423	89.110	0.493	1.847	0.541	0.903
82	4230	46.672	26.089	0	137	364.333	3464	400	64	115	103.586	51.994	103.237	0.400	1.992	0.502	0.800
83	280	20.596	8.619	1	50	72.770	3746	412	23	19	20.798	17.141	33.248	0.664	1.213	0.824	0.832
84	1706	17.696	9.211	1	53	204.309	1672	417	62	43	59.481	36.518	172.593	0.514	1.629	0.614	0.846
85	84	26.702	11.471	4	50	36.042	3215	420	11	12	13.636	7.844	54.953	0.813	1.738	0.575	0.840
86	49	26.143	10.801	11	61	26.385	1644	421	8	9	8.641	7.220	130.875	0.885	1.197	0.836	0.852
87	222	28.234	14.452	2	66	73.497	3128	421	21	22	25.156	11.236	137.145	0.516	2.239	0.447	0.771
88	94	18.564	9.508	1	43	47.698	3421	421	13	14	13.136	9.111	126.643	0.519	1.442	0.694	0.689
89	163	13.920	7.289	1	38	77.497	521	430	20	17	18.347	11.312	52.001	0.341	1.622	0.617	0.631
90	118	19.780	8.338	5	48	60.184	1229	438	15	16	16.644	9.027	135.559	0.409	1.844	0.542	0.707
91	348	28.391	13.703	2	65	130.225	3143	450	17	54	52.389	8.458	102.007	0.258	6.194	0.161	0.748
92	148	20.088	9.911	2	48	55.113	500	456	14	16	15.046	12.524	88.906	0.612	1.201	0.832	0.820
93	99	37.899	11.475	2	58	38.870	1107	459	12	13	12.670	9.949	113.240	0.823	1.273	0.785	0.846
94	6289	26.683	14.407	0	77	459.387	1551	459	112	103	122.090	65.586	36.887	0.374	1.862	0.537	0.822
95	242	20.140	9.878	1	50	86.811	3961	461	16	27	25.093	12.279	95.197	0.404	2.044	0.489	0.731
96	508	19.457	9.558	1	53	161.924	3345	468	24	61	65.145	9.929	73.979	0.243	6.561	0.152	0.667
97	2442	43.542	25.059	1	117	323.161	2312	474	76	58	65.519	47.455	4.117	0.294	1.381	0.724	0.747
98	27	20.519	8.159	7	35	19.314	3285	478	6	6	6.433	5.344	74.872	0.910	1.204	0.831	0.871
99	28	16.321	6.159	2	26	23.314	3868	495	6	8	7.097	5.024	122.904	0.647	1.413	0.708	0.767
100	658	25.129	11.142	1	60	136.953	3840	502	30	32	32.174	26.039	65.326	0.441	1.236	0.809	0.806
101	75	24.707	9.924	1	47	44.870	589	514	13	13	14.740	6.479	140.610	0.468	2.275	0.440	0.682
102	115	23.713	11.183	1	52	54.870	3156	515	9	23	21.071	6.949	96.920	0.480	3.032	0.330	0.785
103	28	23.393	8.112	7	41	21.556	1373	517	7	7	6.589	5.410	124.152	0.757	1.218	0.821	0.737
104	532	43.940	18.563	2	99	100.083	3770	517	30	23	30.779	22.007	3.059	0.667	1.399	0.715	0.869
105	20	24.950	8.370	10	41	17.314	1020	522	5	6	6.396	3.981	105.863	0.838	1.606	0.622	0.816
106	245	36.273	14.564	2	74	68.184	2849	522	14	26	24.821	12.568	86.673	0.662	1.975	0.506	0.846
107	1986	21.847	9.871	0	56	217.865	3665	526	58	56	59.900	42.214	140.749	0.526	1.419	0.705	0.871
108	360	45.272	18.078	5	96	82.083	1231	536	27	21	23.818	19.244	177.874	0.671	1.238	0.808	0.850
109	67	27.328	8.827	7	48	31.799	129	538	11	9	10.677	7.990	149.115	0.833	1.336	0.748	0.843
110	3171	41.516	19.615	0	103	323.706	693	546	79	83	70.991	56.872	53.627	0.380	1.248	0.801	0.724
111	512	14.748	7.672	1	40	126.711	3117	548	26	32	30.690	21.242	103.595	0.401	1.445	0.692	0.794
112	358	55.461	19.051	4	112	73.841	1390	567	21	25	26.448	17.235	57.208	0.825	1.535	0.652	0.918
113	214	32.977	13.298	1	65	60.770	1002	570	17	20	20.169	13.510	122.284	0.728	1.493	0.670	0.849
114	112	35.071	10.898	10	59	41.456	3435	582	12	13	12.729	11.203	128.964	0.819	1.136	0.880	0.868
115	49	27.939	11.086	9	54	29.799	1951	585	8	11	9.085	6.867	91.578	0.693	1.323	0.756	0.760
116	21	15.667	8.980	1	31	17.314	1934	589	6	5	5.830	4.586	167.767	0.880	1.271	0.787	0.824
117	49	18.306	9.012	1	41	31.213	1537	591	8	11	10.657	5.854	104.585	0.632	1.820	0.549	0.760
118	1930	40.006	19.701	1	107	230.551	1715	595	46	81	82.218	29.888	66.868	0.456	2.751	0.364	0.852
119	552	21.312	10.251	1	52	118.953	2178	603	29	30	27.282	25.761	57.329	0.490	1.059	0.944	0.814
120	33	25.970	9.713	5	42	24.971	2037	607	6	10	8.416	4.992	82.919	0.665	1.686	0.593	0.750
121	1036	38.151	16.210	2	91	131.539	3183	610	37	42	39.486	33.406	75.870	0.752	1.182	0.846	0.897
122	161	41.820	11.473	11	78	50.870	3743	616	16	14	15.684	13.070	151.223	0.782	1.200	0.833	0.873
123	552	63.859	23.764	4	129	104.468	1634	624	24	39	39.511	17.788	108.509	0.636	2.221	0.450	0.869
124	40	20.250	9.134	3	42	23.556	973	625	7	8	7.680	6.631	70.052	0.906	1.158	0.863	0.870
125	675	46.566	23.546	0	107	111.882	3635	635	35	31	37.661	22.820	146.020	0.678	1.650	0.606	0.872
126	1575	31.113	14.179	1	77	194.551	3407	641	69	35	65.350	30.687	4.312	0.523	2.130	0.470	0.839
127	21	11.810	6.816	2	27	20.971	2438	644	6	7	6.036	4.430	102.645	0.600	1.363	0.734	0.667
128	34	14.971	8.932	2	43	44.527	609	646	12	11	10.487	4.128	139.918	0.215	2.540	0.394	0.422
129	21	18.571	9.485	6	43	20.142	2835	654	4	8	7.829	3.415	94.526	0.650	2.292	0.436	0.750
130	719	29.882	14.146	1	81	150.853	673	662	33	48	50.859	18.000	61.006	0.397	2.825	0.354	0.772
131	53	13.302	7.615	2	35	44.870	3390	663	15	9	13.277	5.083	25.099	0.331	2.612	0.383	0.592
132	61	30.508	11.285	7	50	34.042	3201	664	8	13	10.654	7.290	102.422	0.661	1.461	0.684	0.777
133	232	22.177	8.680	5	45	70.426	1958	686	16	25	23.157	12.756	101.055	0.588	1.815	0.551	0.793
134	5104	46.336	26.564	0	137	388.860	2794	695	100	114	137.546	47.247	128.935	0.424	2.911	0.343	0.824
135	75	32.773	12.970	4	58	34.627	2129	698	9	12	10.984	8.694	114.898	0.786	1.263	0.792	0.843
136	132	43.697	17.326	0	77	51.113	1113	702	12	17	17.209	9.766	112.751	0.635	1.762	0.568	0.812
137	556	50.595	22.026	1	113	104.225	1578	702	26	36	31.246	22.656	102.352	0.643	1.379	0.725	0.850
138	129	69.271	18.932	16	117	47.355	3271	706	12	17	16.279	10.090	105.989	0.723	1.613	0.620	0.838
139	30	25.767	10.115	6	42	22.971	557	712	6	9	7.732	4.940	90.152	0.714	1.565	0.639	0.750
140	22	12.045	6.462	2	27	17.314	2357	714	6	5	5.489	5.103	175.906	0.922	1.076	0.930	0.846
141	2647	24.759	10.783	0	66	245.421	1138	717	58	68	71.058	47.429	119.191	0.552	1.498	0.667	0.897
142	46	28.217	13.472	7	57	31.213	1740	738	9	9	7.858	7.454	151.659	0.593	1.054	0.949	0.713
143	579	47.560	19.063	1	105	95.255	1787	747	23	33	33.382	22.084	91.369	0.802	1.512	0.662	0.917
144	1053	28.881	11.469	1	67	139.196	3693	750	44	33	43.287	30.973	6.053	0.683	1.398	0.716	0.895
145	24	15.250	10.932	3	47	19.899	808	758	5	7	7.171	4.261	86.302	0.762	1.683	0.594	0.842
146	568	20.921	9.256	2	50	111.882	813	765	29	30	28.394	25.470	125.013	0.570	1.115	0.897	0.844
147	380	19.218	9.396	1	50	97.882	235	770	29	30	26.098	18.539	136.854	0.498	1.408	0.710	0.751
148	22	28.273	12.186	4	52	20.142	1316	774	7	6	5.846	4.792	161.565	0.681	1.220	0.820	0.710
149	49	32.306	9.474	9	48	26.385	1675	775	9	8	8.230	7.580	153.142	0.885	1.086	0.921	0.831
150	127	32.614	12.674	3	65	49.698	2970	775	13	17	17.153	9.427	122.550	0.646	1.819	0.550	0.806
151	33	21.848	10.560	4	43	22.142	1055	778	6	8	7.895	5.322	83.026	0.846	1.483	0.674	0.815
152	50	22.200	11.798	2	50	29.799	1772	786	8	11	9.484	6.713	98.822	0.708	1.413	0.708	0.781
153	97	40.887	15.294	5	76	38.870	3910	789	13	12	12.430	9.936	135.128	0.807	1.251	0.799	0.826
154	935	17.626	8.970	0	55	152.752	1310	790	46	35	44.014	27.048	26.733	0.504	1.627	0.615	0.849
155	102	33.912	10.521	4	62	42.627	979	791	12	14	13.359	9.722	105.724	0.705	1.374	0.728	0.846
156	16	12.812	7.016	1	23	15.314	251	800	5	5	6.017	3.385	131.186	0.857	1.777	0.563	0.821
157	1129	43.128	23.567	0	119	187.966	2569	807	38	52	48.065	29.907	108.162	0.402	1.607	0.622	0.791
158	22	20.091	7.794	8	36	18.142	808	808	6	6	6.018	4.655	147.810	0.840	1.293	0.774	0.786
159	39	23.667	9.884	3	43	26.385	2135	817	7	10	8.878	5.593	105.174	0.704	1.587	0.630	0.765
160	216	32.662	12.211	5	67	69.012	810	835	15	22	22.018	12.491	111.024	0.570	1.763	0.567	0.793
161	17	12.765	5.629	4	23	17.899	1641	844	8	3	8.146	2.657	11.625	0.667	3.066	0.326	0.850
162	46	15.065	7.716	2	36	34.870	2624	847	11	10	11.297	5.185	38.724	0.475	2.179	0.459	0.639
163	302	13.192	6.654	1	34	128.024	1462	849	22	34	26.490	14.516	102.044	0.232	1.825	0.548	0.593
164	316	19.880	10.012	0	47	80.912	3950	849	24	20	22.722	17.708	173.039	0.607	1.283	0.779	0.817
165	371	45.482	17.388	3	92	80.912	3597	855	25	25	27.723	17.039	139.894	0.712	1.627	0.615	0.864
166	19	12.684	9.031	2	33	17.899	1433	857	5	6	5.515	4.386	117.209	0.745	1.257	0.795	0.809
167	27	25.333	13.448	5	55	19.899	2165	857	6	6	7.118	4.830	119.991	0.857	1.474	0.679	0.885
168	21	17.667	6.437	6	30	17.314	3882	858	5	6	6.672	4.008	63.232	0.880	1.665	0.601	0.857
169	516	41.355	17.191	3	89	93.497	981	859	28	27	29.980	21.915	29.383	0.742	1.368	0.731	0.875
170	201	13.129	6.979	1	40	85.154	1236	867	19	22	19.468	13.146	123.964	0.348	1.481	0.675	0.683
171	17	8.118	3.276	4	17	24.142	83	868	6	7	5.530	3.914	134.243	0.367	1.413	0.708	0.523
172	99	39.768	11.639	10	65	38.870	1212	868	11	13	12.504	10.081	116.858	0.823	1.240	0.806	0.861
173	53	23.528	10.377	3	47	32.385	889	873	7	12	11.298	5.973	92.314	0.635	1.891	0.529	0.768
174	452	42.708	14.927	1	87	83.012	603	874	24	24	25.751	22.349	131.578	0.824	1.152	0.868	0.925
175	3027	21.497	10.172	0	60	309.848	1871	877	69	80	88.920	43.344	127.056	0.396	2.052	0.487	0.860
176	378	43.825	14.316	4	76	83.154	3817	878	25	24	26.827	17.940	136.478	0.687	1.495	0.669	0.863
177	148	32.088	11.536	4	65	53.113	1430	880	13	19	17.984	10.478	99.845	0.659	1.716	0.583	0.820
178	113	19.558	9.585	2	43	43.799	3182	898	10	15	14.960	9.617	92.460	0.740	1.556	0.643	0.873
179	114	13.939	7.947	0	34	74.426	3358	910	14	21	15.151	9.580	100.152	0.259	1.581	0.632	0.549
180	21	14.714	7.451	2	34	17.314	3690	910	5	6	5.776	4.629	76.359	0.880	1.248	0.802	0.857
181	51	26.216	7.988	6	45	28.385	901	912	9	9	9.549	6.800	129.358	0.795	1.404	0.712	0.810
182	113	13.805	6.777	1	30	64.426	2442	912	14	16	13.826	10.406	72.766	0.342	1.329	0.753	0.648
183	31	19.806	8.573	5	37	25.556	3343	917	5	10	10.100	3.908	74.083	0.596	2.585	0.387	0.765
184	6280	28.265	15.225	0	92	519.813	1270	920	108	108	112.187	71.274	125.386	0.292	1.574	0.635	0.772
185	18	31.000	13.011	7	47	18.728	261	922	4	7	7.202	3.182	79.539	0.645	2.263	0.442	0.735
186	1183	39.045	19.281	1	112	151.924	1117	932	40	49	45.917	32.803	97.409	0.644	1.400	0.714	0.866
187	1972	21.241	10.815	0	59	212.451	1789	936	57	58	64.626	38.852	135.356	0.549	1.663	0.601	0.882
188	46	24.848	10.714	5	49	29.213	2535	951	9	10	9.167	6.389	72.386	0.677	1.435	0.697	0.748
189	19	18.895	9.910	4	43	15.899	2741	954	5	5	5.405	4.475	155.192	0.944	1.208	0.828	0.864
190	117	28.872	11.883	3	54	44.284	3375	962	12	16	14.252	10.453	81.930	0.750	1.363	0.733	0.821
191	85	38.247	12.788	7	64	34.971	1076	963	10	11	10.951	9.883	105.860	0.873	1.108	0.902	0.909
192	100	21.890	11.071	2	51	49.113	3417	965	17	10	16.176	7.871	168.286	0.521	2.055	0.487	0.746
193	39	15.333	5.769	5	25	27.213	1457	972	9	9	7.988	6.216	48.396	0.662	1.285	0.778	0.722
194	47	21.809	10.818	0	45	29.799	879	982	10	9	12.137	4.930	137.398	0.665	2.462	0.406	0.764
195	3974	35.869	19.364	0	103	315.019	3188	984	66	90	92.371	54.777	110.787	0.503	1.686	0.593	0.871
196	2029	26.182	12.095	0	68	237.765	3733	992	58	68	57.627	44.830	83.744	0.451	1.285	0.778	0.761
197	20	12.800	8.495	1	33	19.314	2059	996	6	6	6.474	3.933	34.938	0.674	1.646	0.608	0.741
198	20287	33.022	21.128	0	135	1032.271	509	997	141	266	236.345	109.290	91.622	0.239	2.163	0.462	0.715
199	69	22.116	9.177	5	47	40.284	1175	998	12	13	14.137	6.214	131.716	0.534	2.275	0.440	0.690
200	238	31.735	15.536	0	76	76.083	2043	1005	23	21	18.100	16.743	21.483	0.517	1.081	0.925	0.725
201	50	19.120	10.319	3	41	30.971	1550	1013	8	10	10.667	5.968	119.563	0.655	1.787	0.559	0.794
202	57	34.632	12.537	5	57	28.627	3151	1035	10	9	8.998	8.066	18.425	0.874	1.116	0.896	0.820
203	18	23.056	9.245	9	41	16.728	700	1047	6	5	7.027	3.261	136.533	0.808	2.155	0.464	0.800
204	642	40.383	19.342	0	98	132.610	3849	1049	26	46	38.654	21.147	92.844	0.459	1.828	0.547	0.737
205	463	24.661	12.111	1	58	105.640	324	1053	23	35	33.798	17.442	108.473	0.521	1.938	0.516	0.830
206	89	22.989	8.538	4	42	41.799	234	1059	11	13	10.780	10.512	24.275	0.640	1.025	0.975	0.774
207	284	35.518	17.123	1	77	87.397	2746	1065	22	28	27.408	13.193	58.308	0.467	2.077	0.481	0.763
208	9574	29.461	15.519	0	114	583.411	2537	1070	101	195	182.825	66.676	106.657	0.353	2.742	0.365	0.774
209	20	23.300	9.712	11	42	18.142	2690	1073	6	6	6.365	4.001	120.325	0.764	1.591	0.629	0.755
210	237	32.789	12.563	1	63	64.669	2885	1079	18	21	18.302	16.488	107.804	0.712	1.110	0.901	0.842
211	18	17.278	8.910	4	35	19.556	760	1080	6	6	5.304	4.321	72.827	0.591	1.227	0.815	0.643
212	215	14.116	7.633	1	41	66.426	2001	1080	19	20	19.853	13.789	124.047	0.612	1.440	0.695	0.804
213	56	38.339	13.647	2	62	28.728	421	1083	7	10	10.914	6.533	110.074	0.853	1.671	0.599	0.918
214	43	23.140	10.253	5	46	26.971	749	1084	8	8	8.905	6.148	140.862	0.743	1.448	0.690	0.804
215	125	21.896	11.418	3	50	69.598	1976	1085	16	21	16.486	9.654	115.969	0.324	1.708	0.586	0.592
216	279	35.122	19.050	4	87	71.598	395	1093	21	22	22.829	15.561	45.238	0.684	1.467	0.682	0.840
217	28	15.286	9.144	1	34	24.971	1993	1098	9	7	7.275	4.901	158.631	0.564	1.485	0.674	0.667
218	5063	25.033	12.797	0	71	379.345	1059	1105	78	101	97.506	66.113	113.070	0.442	1.475	0.678	0.883
219	41	25.073	9.485	4	41	25.556	523	1108	7	8	8.161	6.396	120.777	0.789	1.276	0.784	0.837
220	32	22.719	9.845	6	45	26.627	2770	1123	8	9	7.948	5.126	122.708	0.567	1.550	0.645	0.646
221	28	21.893	11.036	5	43	21.314	159	1128	5	8	8.074	4.415	106.827	0.775	1.829	0.547	0.862
222	96	13.656	8.078	1	38	51.113	1272	1128	14	15	13.772	8.875	127.676	0.462	1.552	0.644	0.640
223	556	19.869	8.967	1	48	99.397	774	1158	31	27	29.752	23.794	14.277	0.707	1.250	0.800	0.861
224	18	12.056	7.125	1	26	17.314	3899	1162	5	6	6.022	3.806	141.001	0.755	1.582	0.632	0.783
225	540	54.841	24.952	2	118	118.711	3209	1168	34	37	41.249	16.668	138.031	0.482	2.475	0.404	0.786
226	730	38.934	19.555	1	97	145.681	224	1169	44	34	39.336	23.629	23.259	0.432	1.665	0.601	0.743
227	217	48.092	17.840	4	89	63.113	2331	1178	24	13	23.717	11.649	165.672	0.685	2.036	0.491	0.879
228	30	25.067	10.372	4	49	20.728	1427	1181	6	7	6.729	5.677	103.542	0.877	1.185	0.844	0.857
229	282	58.663	18.238	4	99	70.426	3411	1191	18	25	24.460	14.679	110.466	0.714	1.666	0.600	0.869
230	31	38.032	16.239	13	65	22.728	222	1195	6	8	7.608	5.188	104.033	0.754	1.466	0.682	0.838
231	17	17.059	6.887	7	31	15.314	2061	1196	4	6	6.161	3.513	95.163	0.911	1.754	0.570	0.829
232	23	10.739	5.651	3	23	17.556	54	1205	6	6	6.196	4.727	45.000	0.938	1.311	0.763	0.793
233	33	18.636	9.536	2	38	26.971	2734	1207	6	11	9.597	4.378	110.905	0.570	2.192	0.456	0.759
234	567	38.453	21.099	1	98	107.054	730	1209	23	38	36.839	19.597	96.777	0.622	1.880	0.532	0.858
235	1530	48.056	29.259	1	132	264.735	1089	1216	43	94	68.664	28.371	83.330	0.274	2.420	0.413	0.663
236	107	24.645	11.432	4	49	48.870	3803	1221	9	18	17.188	7.926	98.792	0.563	2.169	0.461	0.793
237	30	20.400	10.173	2	45	24.728	805	1223	6	8	8.601	4.441	108.645	0.617	1.937	0.516	0.759
238	6322	26.006	12.922	0	90	380.860	1693	1225	102	111	117.085	68.749	128.683	0.548	1.703	0.587	0.881
239	152	35.914	11.940	2	65	49.941	2307	1225	14	16	15.377	12.586	123.571	0.766	1.222	0.818	0.849
240	36	31.083	11.480	5	59	24.971	3091	1236	7	9	7.921	5.786	100.780	0.726	1.369	0.730	0.758
241	58	33.310	13.326	9	70	28.142	3617	1236	8	9	10.656	6.930	124.545	0.920	1.538	0.650	0.913
242	3737	24.742	12.699	0	75	344.434	2327	1246	75	88	76.148	62.485	31.740	0.396	1.219	0.821	0.746
243	54	49.259	10.589	24	75	54.971	1	1247	4	25	23.895	2.877	91.911	0.225	8.305	0.120	0.720
244	48	12.750	7.085	0	32	46.870	117	1248	11	12	8.984	6.803	37.932	0.275	1.321	0.757	0.500
245	138	52.232	15.143	6	96	46.870	2545	1254	12	17	16.602	10.583	109.587	0.789	1.569	0.637	0.873
246	27	11.963	6.903	2	27	24.971	125	1255	9	7	8.680	3.961	38.486	0.544	2.191	0.456	0.675
247	27	13.556	7.122	3	28	28.142	634	1255	6	11	9.474	3.628	111.168	0.428	2.611	0.383	0.621
248	1451	38.476	15.891	1	88	211.037	2878	1259	75	40	72.889	25.346	19.498	0.409	2.876	0.348	0.774
249	487	22.815	10.012	1	56	94.225	918	1261	29	28	25.378	24.434	85.688	0.689	1.039	0.963	0.858
250	86	22.558	10.097	1	53	36.627	2495	1263	11	11	10.954	9.996	102.311	0.806	1.096	0.913	0.851
251	71	23.887	10.273	4	48	34.042	2566	1266	12	10	13.179	6.860	136.059	0.770	1.921	0.521	0.855
252	1039	25.550	10.681	1	59	151.439	347	1281	30	54	50.380	26.258	89.275	0.569	1.919	0.521	0.868
253	446	33.289	12.112	4	63	93.154	785	1281	23	32	32.902	17.259	69.459	0.646	1.906	0.525	0.859
254	924	19.894	10.346	0	54	150.267	2958	1288	50	39	50.303	23.388	146.596	0.514	2.151	0.465	0.825
255	119	43.168	13.348	14	70	44.042	2764	1292	10	17	16.302	9.294	90.597	0.771	1.754	0.570	0.869
256	1552	37.448	19.577	1	112	183.480	3821	1295	45	61	57.100	34.607	107.011	0.579	1.650	0.606	0.851
257	21	13.762	7.615	4	30	18.728	3384	1307	5	7	7.045	3.795	121.695	0.752	1.856	0.539	0.824
258	20	16.750	8.485	5	36	21.556	2093	1311	6	7	7.284	3.496	122.059	0.541	2.083	0.480	0.656
259	6548	37.126	21.361	0	111	518.784	1132	1314	88	153	151.356	55.083	109.165	0.306	2.748	0.364	0.715
260	516	27.498	11.468	1	70	110.225	3366	1315	27	31	28.522	23.035	129.383	0.534	1.238	0.808	0.809
261	3062	39.094	18.778	0	100	409.588	2707	1316	71	96	94.407	41.296	73.839	0.229	2.286	0.437	0.603
262	637	25.218	12.262	1	65	109.054	2415	1319	33	29	30.324	26.746	12.211	0.673	1.134	0.882	0.864
263	51	19.039	8.870	1	38	30.385	2695	1323	9	10	10.758	6.036	141.552	0.694	1.782	0.561	0.791
264	132	59.788	16.916	15	101	45.456	2593	1325	13	14	15.424	10.897	134.325	0.803	1.415	0.706	0.877
265	329	34.523	13.304	2	76	82.083	1017	1330	19	27	27.356	15.313	113.126	0.614	1.786	0.560	0.858
266	665	26.141	11.113	2	64	121.439	758	1339	33	36	36.700	23.071	133.790	0.567	1.591	0.629	0.849
267	47	36.170	10.623	5	57	26.971	2566	1353	7	10	9.038	6.621	102.774	0.812	1.365	0.733	0.832
268	472	15.583	8.567	2	48	107.054	3487	1355	20	36	33.387	18.000	77.748	0.518	1.855	0.539	0.847
269	124	36.024	14.093	2	72	49.698	3229	1378	11	17	16.198	9.747	84.707	0.631	1.662	0.602	0.821
270	31	27.387	8.574	11	46	22.728	2691	1381	6	8	7.793	5.065	89.114	0.754	1.539	0.650	0.805
271	32	23.562	11.511	1	41	22.971	3465	1381	7	7	6.653	6.125	177.573	0.762	1.086	0.921	0.780
272	173	39.514	12.735	7	69	55.456	2515	1385	13	18	18.609	11.837	108.564	0.707	1.572	0.636	0.874
273	151	34.649	13.118	1	67	58.184	657	1391	17	16	15.668	12.271	151.200	0.561	1.277	0.783	0.776
274	20	16.500	9.276	1	35	17.314	325	1403	5	6	5.730	4.444	82.090	0.838	1.289	0.776	0.800
275	37	29.459	11.596	8	59	23.314	2273	1405	6	8	8.613	5.469	105.750	0.855	1.575	0.635	0.881
276	857	17.083	8.218	1	44	159.095	1708	1406	37	40	35.463	30.769	101.305	0.425	1.153	0.868	0.818
277	18	21.278	7.880	8	38	16.728	495	1407	6	5	5.756	3.982	144.394	0.808	1.446	0.692	0.766
278	673	28.434	12.828	2	69	112.225	382	1415	28	36	35.393	24.211	112.577	0.671	1.462	0.684	0.888
279	2363	38.485	19.069	1	103	299.362	817	1424	89	70	94.468	31.849	146.965	0.331	2.966	0.337	0.748
280	91	16.330	7.867	2	37	48.870	2218	1424	10	16	14.849	7.803	92.396	0.479	1.903	0.525	0.689
281	382	43.455	17.443	2	94	97.983	2620	1425	25	30	25.540	19.044	42.393	0.500	1.341	0.746	0.755
282	3913	28.964	14.264	0	82	315.605	2684	1438	57	102	97.744	50.972	89.249	0.494	1.918	0.521	0.878
283	162	27.586	11.789	3	64	50.284	2187	1445	13	16	16.256	12.688	87.336	0.805	1.281	0.781	0.898
284	159	54.937	18.830	10	112	53.355	2639	1448	15	17	15.601	12.976	108.345	0.702	1.202	0.832	0.815
285	621	18.478	9.578	1	48	119.882	3708	1449	30	31	31.050	25.465	59.878	0.543	1.219	0.820	0.852
286	31	14.000	7.005	5	33	26.385	155	1468	7	10	8.882	4.444	115.615	0.560	1.998	0.500	0.689
287	54	27.889	13.819	0	68	31.556	3170	1469	9	10	9.714	7.078	141.404	0.681	1.373	0.729	0.777
288	433	46.028	18.565	2	92	99.983	3613	1471	26	29	29.893	18.443	136.617	0.544	1.621	0.617	0.833
289	87	11.483	5.530	1	24	55.355	3868	1473	12	12	11.272	9.827	154.807	0.357	1.147	0.872	0.669
290	443	27.919	15.854	2	74	126.610	2437	1478	23	34	28.410	19.854	87.678	0.347	1.431	0.699	0.754
291	30	10.033	5.756	0	20	25.213	2528	1479	7	9	7.480	5.106	108.553	0.593	1.465	0.683	0.674
292	157	20.376	9.455	0	41	71.255	158	1480	12	23	20.209	9.892	94.308	0.389	2.043	0.489	0.737
293	63	14.381	6.983	3	31	32.385	1760	1480	10	9	9.380	8.552	15.437	0.755	1.097	0.912	0.834
294	2783	23.301	10.998	0	62	291.806	1496	1491	70	69	82.542	42.929	136.340	0.411	1.923	0.520	0.873
295	2776	45.166	27.395	0	124	221.380	1710	1496	53	74	74.502	47.442	103.189	0.712	1.570	0.637	0.922
296	145	19.393	8.628	3	41	52.870	3988	1503	11	19	17.743	10.405	98.255	0.652	1.705	0.586	0.843
297	61	23.836	11.767	5	56	31.799	3833	1516	11	9	9.743	7.972	160.013	0.758	1.222	0.818	0.808
298	58	14.966	8.083	2	34	42.627	374	1522	10	14	9.945	7.426	102.996	0.401	1.339	0.747	0.627
299	18	18.000	11.767	4	39	21.556	2928	1523	6	7	6.147	3.728	132.145	0.487	1.649	0.607	0.590
300	198	20.268	10.010	2	49	69.255	3048	1523	18	20	18.487	13.637	60.330	0.519	1.356	0.738	0.769
301	94	20.904	8.985	4	58	40.042	3080	1528	12	13	12.676	9.441	117.704	0.737	1.343	0.745	0.821
302	3507	29.189	13.040	1	73	292.877	3726	1533	75	69	82.817	53.917	139.159	0.514	1.536	0.651	0.899
303	18	17.167	5.501	8	28	20.142	3227	1541	6	7	6.374	3.596	38.828	0.558	1.772	0.564	0.621
304	26	16.731	6.096	7	30	18.728	841	1545	6	6	7.061	4.688	130.870	0.932	1.506	0.664	0.881
305	18	19.389	12.584	5	45	17.314	19	1555	4	7	7.349	3.118	103.829	0.755	2.357	0.424	0.818
306	109	14.147	7.589	2	34	44.284	2004	1559	13	14	13.432	10.332	121.328	0.698	1.300	0.769	0.813
307	51	25.490	12.640	3	50	30.385	1063	1560	8	11	10.272	6.322	113.473	0.694	1.625	0.615	0.773
308	704	32.307	15.679	1	74	125.296	673	1563	32	34	34.229	26.187	115.481	0.564	1.307	0.765	0.834
309	903	19.723	10.131	0	52	171.823	1529	1563	35	48	40.614	28.309	103.195	0.384	1.435	0.697	0.773
310	86	31.302	10.668	2	62	38.627	5	1569	13	10	11.148	9.822	24.863	0.724	1.135	0.881	0.843
311	170	50.359	16.201	13	89	50.527	1088	1570	15	17	16.368	13.224	112.033	0.837	1.238	0.808	0.883
312	23	14.261	7.551	1	32	22.728	3414	1574	5	9	7.570	3.868	107.553	0.560	1.957	0.511	0.687
313	248	17.657	8.688	1	39	79.740	2671	1580	20	23	23.609	13.375	63.182	0.490	1.765	0.567	0.786
314	1549	33.762	19.204	0	99	223.421	1427	1590	64	43	61.531	32.053	3.245	0.390	1.920	0.521	0.704
315	22334	31.151	24.288	0	139	987.016	1105	1594	157	243	198.738	143.086	95.762	0.288	1.389	0.720	0.768
316	35	26.400	11.708	5	51	22.142	2955	1596	6	8	7.565	5.891	106.741	0.897	1.284	0.779	0.875
317	357	45.479	18.322	1	80	74.912	2651	1603	22	25	24.202	18.781	110.935	0.799	1.289	0.776	0.886
318	195	27.508	10.370	1	59	66.426	370	1605	15	20	19.408	12.793	76.729	0.555	1.517	0.659	0.786
319	222	22.464	11.088	1	54	90.569	1766	1605	16	30	24.728	11.431	94.875	0.340	2.163	0.462	0.627
320	30	16.733	6.586	4	31	21.314	2199	1618	6	7	7.920	4.823	51.092	0.830	1.642	0.609	0.857
321	55	27.600	8.621	4	49	31.213	2104	1623	9	10	10.182	6.878	120.577	0.709	1.480	0.675	0.780
322	3799	27.637	12.857	0	83	292.777	1386	1626	72	84	73.750	65.587	107.668	0.557	1.124	0.889	0.880
323	36	18.056	9.426	1	40	25.556	3901	1626	8	8	8.164	5.615	40.705	0.693	1.454	0.688	0.758
324	27	13.481	6.104	2	27	27.799	2125	1629	7	10	8.468	4.059	65.004	0.439	2.086	0.479	0.587
325	544	48.096	23.925	1	113	91.841	3818	1631	24	30	29.289	23.649	107.387	0.810	1.238	0.807	0.924
326	26	15.962	7.676	4	33	25.556	695	1638	9	5	7.953	4.162	13.829	0.500	1.911	0.523	0.693
327	326	24.528	13.917	0	76	79.497	376	1640	24	24	27.437	15.128	135.745	0.648	1.814	0.551	0.857
328	73	20.753	8.874	4	43	40.042	865	1644	11	13	12.588	7.384	134.243	0.572	1.705	0.587	0.705
329	485	22.726	9.772	1	51	92.912	2234	1644	27	25	27.471	22.479	28.156	0.706	1.222	0.818	0.878
330	60	40.850	14.896	10	73	29.799	2026	1661	8	11	10.324	7.399	81.926	0.849	1.395	0.717	0.851
331	115	15.757	9.119	1	45	53.941	838	1663	13	16	12.861	11.385	70.589	0.497	1.130	0.885	0.726
332	132	43.727	14.506	8	80	47.113	2880	1664	13	16	15.952	10.536	65.000	0.747	1.514	0.661	0.835
333	34	17.235	8.169	2	31	25.556	1307	1678	6	9	8.641	5.010	79.238	0.654	1.725	0.580	0.782
334	79	35.380	14.009	4	67	36.284	3769	1680	13	11	11.081	9.078	161.707	0.754	1.221	0.819	0.819
335	98	20.408	8.544	3	39	51.698	1515	1682	14	14	13.681	9.121	136.024	0.461	1.500	0.667	0.700
336	29	19.069	8.311	1	36	28.385	630	1701	6	10	9.394	3.931	104.059	0.452	2.390	0.418	0.644
337	18	14.278	7.411	4	31	19.314	1904	1716	5	6	5.928	3.866	133.266	0.606	1.533	0.652	0.706
338	39	19.769	11.435	1	38	28.971	3309	1718	5	12	11.383	4.362	84.947	0.584	2.609	0.383	0.780
339	154	31.799	12.582	5	60	49.698	2697	1722	12	18	17.523	11.190	107.935	0.784	1.566	0.639	0.873
340	30	19.100	5.689	9	33	22.142	1508	1726	5	9	8.058	4.740	85.574	0.769	1.700	0.588	0.833
341	112	29.420	14.254	2	58	47.456	2157	1732	12	15	16.201	8.802	67.311	0.625	1.841	0.543	0.800
342	160	31.744	13.252	3	73	56.184	3032	1733	15	19	16.935	12.029	96.437	0.637	1.408	0.710	0.784
343	245	21.804	10.054	2	56	68.527	1276	1735	16	21	20.257	15.399	82.228	0.656	1.315	0.760	0.851
344	3041	38.527	24.462	1	138	262.149	165	1739	52	82	81.952	47.246	95.972	0.556	1.735	0.577	0.882
345	979	17.482	8.701	0	47	153.338	93	1743	38	42	38.995	31.966	76.664	0.523	1.220	0.820	0.844
346	402	29.296	13.854	1	71	113.983	1881	1749	16	45	43.756	11.698	87.167	0.389	3.741	0.267	0.722
347	35	12.057	6.273	3	28	38.042	3784	1782	6	14	11.520	3.868	85.361	0.304	2.978	0.336	0.534
348	3375	24.060	12.128	0	71	334.718	3854	1794	56	90	88.166	48.740	85.985	0.379	1.809	0.553	0.834
349	5462	28.624	14.352	0	80	390.416	2435	1795	76	110	100.385	69.277	82.831	0.450	1.449	0.690	0.872
350	75	15.973	8.129	1	39	51.941	1684	1796	9	19	16.895	5.652	93.069	0.349	2.989	0.335	0.593
351	35	16.714	7.193	1	28	33.213	295	1802	8	10	8.848	5.036	66.739	0.399	1.757	0.569	0.598
352	95	18.916	9.396	1	46	66.184	1675	1813	10	22	19.142	6.319	84.249	0.273	3.029	0.330	0.629
353	1297	29.726	13.226	1	71	180.894	118	1819	49	47	52.526	31.440	40.701	0.498	1.671	0.599	0.840
354	28	17.679	8.807	4	34	25.213	46	1832	7	8	6.652	5.359	112.558	0.553	1.241	0.806	0.651
355	19	12.684	6.515	3	26	19.314	3913	1834	7	5	6.307	3.836	1.473	0.640	1.644	0.608	0.704
356	103	57.515	18.208	7	98	38.627	3623	1837	12	12	13.603	9.641	134.904	0.867	1.411	0.709	0.873
357	19	24.737	13.257	8	51	17.314	1599	1838	5	6	5.140	4.706	156.439	0.796	1.092	0.916	0.826
358	34	17.147	6.021	6	34	23.556	1778	1841	7	8	6.668	6.493	55.673	0.770	1.027	0.974	0.773
359	78	34.846	12.135	4	65	35.213	3731	1842	10	11	11.563	8.589	62.362	0.790	1.346	0.743	0.843
360	957	26.602	12.101	0	66	181.924	1792	1844	42	49	51.825	23.512	50.342	0.363	2.204	0.454	0.731
361	5129	32.995	16.385	0	97	364.818	3085	1845	114	63	114.634	56.968	0.675	0.484	2.012	0.497	0.868
362	63	21.381	10.284	2	52	39.456	2419	1852	11	13	13.454	5.962	54.062	0.509	2.257	0.443	0.700
363	126	27.667	12.986	2	66	52.527	759	1858	12	20	18.315	8.760	65.206	0.574	2.091	0.478	0.766
364	621	29.391	14.019	0	77	112.468	798	1863	33	33	37.863	20.883	137.658	0.617	1.813	0.552	0.864
365	17	16.588	5.658	6	26	17.899	3699	1870	4	7	6.397	3.384	90.547	0.667	1.890	0.529	0.756
366	3722	24.320	12.908	0	80	313.120	3906	1870	76	88	76.181	62.207	76.241	0.477	1.225	0.817	0.810
367	493	23.400	10.718	1	55	131.054	3713	1899	37	31	42.302	14.839	141.245	0.361	2.851	0.351	0.711
368	27	17.370	9.467	3	39	23.556	3345	1915	7	8	7.981	4.307	37.224	0.611	1.853	0.540	0.684
369	36	12.028	5.609	1	22	28.385	3877	1916	8	8	7.752	5.913	65.585	0.561	1.311	0.763	0.699
370	53	40.830	13.512	9	69	28.142	3783	1921	8	9	8.790	7.677	127.577	0.841	1.145	0.873	0.855
371	2374	19.426	9.894	0	66	406.659	3212	1923	62	120	99.527	30.370	71.285	0.180	3.277	0.305	0.569
372	77	14.390	7.411	1	29	38.870	1995	1931	11	13	11.859	8.267	56.024	0.640	1.435	0.697	0.751
373	1822	29.049	13.814	0	76	249.078	3659	1946	54	73	72.869	31.836	71.362	0.369	2.289	0.437	0.707
374	179	23.547	11.290	0	57	54.527	2351	1968	14	19	17.797	12.806	90.955	0.757	1.390	0.720	0.867
375	204	18.500	8.904	1	42	70.426	2077	1970	18	20	17.757	14.627	118.930	0.517	1.214	0.824	0.765
376	107	27.963	10.809	4	60	43.698	3973	1975	10	16	14.436	9.437	100.295	0.704	1.530	0.654	0.820
377	182	33.615	11.579	5	60	59.941	3975	1992	16	19	16.827	13.771	51.120	0.637	1.222	0.818	0.790
378	34	33.471	10.326	13	50	22.142	3774	1993	6	8	7.877	5.495	70.608	0.871	1.433	0.698	0.895
379	471	25.276	12.199	0	68	105.397	2169	1997	22	34	32.500	18.452	89.173	0.533	1.761	0.568	0.825
380	55	31.527	9.626	7	52	32.627	617	2005	9	11	9.439	7.419	113.927	0.649	1.272	0.786	0.759
381	167	31.150	12.776	4	73	48.870	2501	2005	16	14	15.450	13.762	161.960	0.879	1.123	0.891	0.900
382	1225	42.810	21.124	0	111	242.149	1498	2011	51	66	61.630	25.308	52.179	0.263	2.435	0.411	0.619
383	56	18.375	7.248	2	34	33.799	3959	2013	9	11	11.200	6.366	114.711	0.616	1.759	0.568	0.752
384	15816	35.729	22.346	0	125	798.021	2270	2015	139	222	193.043	104.316	90.422	0.312	1.851	0.540	0.770
385	1006	38.511	20.717	1	100	183.581	7	2031	32	66	52.521	24.388	93.208	0.375	2.154	0.464	0.729
386	533	35.704	14.909	2	82	101.983	1323	2039	25	34	33.683	20.148	83.718	0.644	1.672	0.598	0.820
387	331	42.508	15.211	4	89	80.669	559	2040	23	25	21.934	19.214	126.071	0.639	1.142	0.876	0.821
388	649	43.471	19.472	4	96	106.468	2027	2040	33	31	33.781	24.461	134.819	0.719	1.381	0.724	0.878
389	381	61.892	21.751	7	129	79.255	117	2048	21	27	25.219	19.236	100.758	0.762	1.311	0.763	0.873
390	137	41.204	15.408	11	80	47.698	801	2057	12	18	16.041	10.874	95.190	0.757	1.475	0.678	0.843
391	351	48.422	22.538	3	106	87.154	2202	2059	21	32	32.383	13.801	114.607	0.581	2.346	0.426	0.842
392	7110	24.206	12.978	0	72	402.174	3777	2062	100	107	103.742	87.262	66.357	0.552	1.189	0.841	0.921
393	35	12.600	6.984	3	25	29.556	3003	2097	7	10	9.309	4.787	78.877	0.503	1.945	0.514	0.636
394	143	44.007	16.516	8	73	49.456	2893	2100	12	17	16.046	11.347	102.627	0.735	1.414	0.707	0.844
395	61	39.000	14.077	12	70	29.799	2842	2105	9	10	9.870	7.869	127.127	0.863	1.254	0.797	0.853
396	1250	34.660	14.621	0	80	156.610	736	2111	40	43	40.874	38.938	100.172	0.640	1.050	0.953	0.895
397	62	35.919	10.871	13	57	30.385	3275	2116	9	10	10.064	7.844	128.413	0.844	1.283	0.779	0.844
398	1347	16.516	8.577	0	51	265.948	3727	2129	39	53	50.605	33.891	83.357	0.239	1.493	0.670	0.789
399	132	49.053	22.626	2	92	50.284	1147	2131	17	11	16.503	10.184	5.527	0.656	1.620	0.617	0.843
400	16	19.750	12.535	2	48	15.899	1050	2134	5	5	4.867	4.186	134.999	0.795	1.163	0.860	0.800
401	31	15.968	8.600	0	32	23.314	2093	2138	4	10	9.501	4.154	96.344	0.717	2.287	0.437	0.873
402	357	40.613	15.362	2	81	80.912	2133	2147	19	27	27.830	16.333	110.493	0.685	1.704	0.587	0.877
403	1664	38.070	17.111	2	90	186.167	1051	2155	43	58	51.900	40.822	82.961	0.603	1.271	0.787	0.866
404	2125	26.927	13.849	0	73	226.208	770	2158	44	76	73.749	36.687	99.442	0.522	2.010	0.497	0.876
405	685	25.696	10.807	2	61	118.125	3012	2163	31	34	31.580	27.618	107.439	0.617	1.143	0.875	0.861
406	19	14.263	5.566	4	24	21.314	324	2173	5	8	6.952	3.480	105.562	0.526	1.998	0.501	0.667
407	409	18.213	9.806	0	57	104.225	1427	2173	27	23	23.580	22.085	170.231	0.473	1.068	0.937	0.806
408	470	26.515	11.042	2	61	92.326	1709	2174	26	27	26.665	22.443	123.543	0.693	1.188	0.842	0.869
409	853	19.491	9.244	0	56	200.108	1977	2178	42	51	54.214	20.033	118.998	0.268	2.706	0.370	0.679
410	29	15.931	7.464	4	30	22.142	2561	2187	6	8	7.774	4.750	61.203	0.743	1.637	0.611	0.795
411	161	23.702	10.673	2	47	63.255	3120	2191	15	20	19.223	10.664	111.444	0.506	1.803	0.555	0.740
412	1415	39.016	19.841	0	102	167.238	1878	2202	46	52	54.661	32.960	129.773	0.636	1.658	0.603	0.879
413	40	23.725	8.596	4	39	25.556	597	2203	7	9	8.947	5.692	88.511	0.770	1.572	0.636	0.792
414	59	20.898	9.880	2	43	30.728	1045	2205	10	8	9.273	8.101	157.961	0.785	1.145	0.874	0.894
415	26	24.885	12.891	4	52	21.556	3457	2205	6	8	7.004	4.726	109.821	0.703	1.482	0.675	0.754
416	4594	24.091	11.400	0	68	320.676	3597	2205	87	82	82.713	70.718	4.844	0.561	1.170	0.855	0.895
417	62	25.823	9.481	5	46	34.042	3098	2207	9	13	11.925	6.620	116.863	0.672	1.801	0.555	0.761
418	2976	29.694	15.495	0	83	274.978	904	2210	61	86	86.331	43.891	67.939	0.495	1.967	0.508	0.839
419	3179	37.417	19.586	1	106	256.250	3806	2210	63	79	78.647	51.466	119.738	0.608	1.528	0.654	0.888
420	80	20.562	10.209	3	50	42.627	840	2221	12	12	12.996	7.838	134.341	0.553	1.658	0.603	0.751
421	287	21.798	10.119	2	53	72.669	401	2225	18	25	22.634	16.145	78.683	0.683	1.402	0.713	0.854
422	39	16.410	8.571	2	34	25.556	177	2228	7	9	9.785	5.075	115.043	0.750	1.928	0.519	0.812
423	573	29.709	12.444	1	70	115.296	1311	2260	24	42	41.747	17.476	97.709	0.542	2.389	0.419	0.799
424	126	20.214	10.268	1	46	46.870	98	2274	12	16	15.322	10.471	113.822	0.721	1.463	0.683	0.829
425	168	12.500	6.534	1	38	116.024	451	2282	23	21	18.645	11.472	149.542	0.157	1.625	0.615	0.550
426	31	17.258	6.287	5	31	28.385	1598	2283	8	9	8.257	4.780	71.427	0.484	1.728	0.579	0.626
427	88	40.443	14.502	12	74	42.284	186	2284	11	13	14.092	7.951	116.212	0.618	1.772	0.564	0.793
428	34	23.618	9.921	2	41	25.799	2834	2293	7	10	9.112	4.751	106.121	0.642	1.918	0.521	0.716
429	564	31.452	12.849	1	69	105.397	1077	2297	22	37	35.390	20.291	99.804	0.638	1.744	0.573	0.872
430	653	23.162	9.878	1	51	118.225	3862	2297	30	32	30.836	26.963	141.985	0.587	1.144	0.874	0.838
431	66	12.076	5.160	1	24	54.527	1557	2301	15	10	12.147	6.918	9.171	0.279	1.756	0.570	0.571
432	21	17.952	6.823	5	31	25.314	3078	2306	5	10	7.455	3.587	89.131	0.412	2.079	0.481	0.618
433	1183	36.891	16.312	1	87	163.581	3521	2317	45	44	44.896	33.550	151.391	0.556	1.338	0.747	0.817
434	25	22.440	9.820	5	41	20.142	165	2330	7	6	6.298	5.054	146.317	0.774	1.246	0.802	0.758
435	51	20.510	9.622	3	38	36.627	266	2334	9	10	8.927	7.274	85.300	0.478	1.227	0.815	0.675
436	30	12.067	6.130	3	26	24.142	245	2339	7	6	7.297	5.234	140.502	0.647	1.394	0.717	0.769
437	325	40.394	17.515	2	87	74.184	1183	2352	21	22	21.818	18.967	139.388	0.742	1.150	0.869	0.871
438	1124	19.809	9.089	1	50	156.167	3363	2387	41	41	39.485	36.245	135.469	0.579	1.089	0.918	0.862
439	324	29.747	11.770	1	63	73.841	261	2390	21	22	22.639	18.222	55.321	0.747	1.242	0.805	0.872
440	1396	19.875	10.519	0	54	252.492	612	2391	54	53	54.235	32.773	44.049	0.275	1.655	0.604	0.718
441	246	32.118	15.792	1	74	71.497	1765	2415	18	25	25.966	12.062	113.910	0.605	2.153	0.465	0.816
442	22	11.909	9.278	1	35	28.142	3214	2415	6	9	7.647	3.663	84.610	0.349	2.088	0.479	0.550
443	1607	38.198	19.314	0	94	208.451	1191	2416	46	61	53.498	38.246	68.172	0.465	1.399	0.715	0.821
444	1754	39.348	21.402	0	109	206.894	3244	2436	41	69	70.797	31.544	98.474	0.515	2.244	0.446	0.806
445	97	12.392	7.301	0	39	47.113	638	2437	14	15	16.796	7.353	53.570	0.549	2.284	0.438	0.719
446	1083	30.880	13.831	0	69	141.681	1252	2450	35	48	45.996	29.979	79.095	0.678	1.534	0.652	0.894
447	246	16.150	8.310	1	40	87.841	1935	2453	15	26	23.876	13.118	99.757	0.401	1.820	0.549	0.755
448	35	16.429	11.431	1	42	24.971	3028	2454	8	8	7.248	6.149	168.769	0.705	1.179	0.848	0.753
449	332	39.301	18.078	1	89	74.426	2970	2456	24	19	23.342	18.110	170.306	0.753	1.289	0.776	0.882
450	145	48.572	15.921	1	81	46.627	2709	2458	14	14	13.707	13.469	16.665	0.838	1.018	0.983	0.890
451	404	39.757	15.300	1	82	94.225	2567	2473	32	23	32.544	15.806	146.637	0.572	2.059	0.486	0.839
452	307	50.586	20.663	2	94	84.083	3319	2477	24	28	33.712	11.595	132.093	0.546	2.907	0.344	0.835
453	1291	20.491	10.212	0	61	198.066	3939	2480	40	63	62.481	26.308	111.718	0.414	2.375	0.421	0.824
454	174	25.724	13.113	2	63	64.184	724	2488	20	16	18.214	12.163	7.663	0.531	1.498	0.668	0.748
455	55	11.127	5.853	1	28	44.284	382	2489	10	12	9.032	7.753	98.383	0.352	1.165	0.858	0.640
456	245	56.465	18.309	5	96	63.012	218	2495	16	24	21.739	14.350	103.814	0.775	1.515	0.660	0.878
457	319	17.906	8.996	0	46	106.468	1610	2496	34	21	31.620	12.845	158.715	0.354	2.462	0.406	0.723
458	669	16.605	8.661	0	43	117.296	537	2502	31	34	30.479	27.947	111.880	0.611	1.091	0.917	0.847
459	3464	39.725	19.921	1	106	349.019	125	2509	71	96	79.683	55.351	89.462	0.357	1.440	0.695	0.733
460	305	36.974	13.801	4	70	74.770	2547	2509	26	18	24.897	15.598	176.139	0.686	1.596	0.626	0.857
461	119	25.613	10.221	7	52	44.284	2884	2513	13	15	14.116	10.734	62.822	0.763	1.315	0.760	0.832
462	485	36.266	16.335	1	76	88.912	2642	2520	24	29	28.982	21.307	67.255	0.771	1.360	0.735	0.897
463	474	20.973	9.837	1	55	102.569	482	2523	27	29	26.137	23.090	100.692	0.566	1.132	0.883	0.810
464	1069	19.781	10.130	0	53	169.480	2157	2527	32	53	48.870	27.852	89.432	0.468	1.755	0.570	0.844
465	38	15.289	7.647	1	31	24.385	2282	2536	8	8	7.446	6.498	111.286	0.803	1.146	0.873	0.784
466	4075	25.916	13.710	0	85	340.475	2222	2544	64	100	96.899	53.545	88.255	0.442	1.810	0.553	0.845
467	1703	32.868	16.979	0	97	272.978	941	2547	83	51	75.951	28.549	154.265	0.287	2.660	0.376	0.623
468	84	50.440	10.434	7	71	37.213	3535	2552	11	11	10.566	10.122	115.727	0.762	1.044	0.958	0.828
469	1090	30.537	13.886	1	79	146.267	2328	2561	46	41	50.586	27.435	143.879	0.640	1.844	0.542	0.888
470	266	26.519	12.224	3	62	75.255	1087	2571	18	24	24.803	13.655	72.478	0.590	1.816	0.551	0.815
471	217	43.092	16.582	4	81	60.426	715	2573	17	21	18.660	14.807	114.176	0.747	1.260	0.794	0.856
472	852	18.881	9.348	0	48	129.497	1	2576	33	35	34.803	31.170	59.036	0.638	1.117	0.896	0.902
473	37	23.811	11.375	6	56	25.556	434	2579	7	9	7.100	6.636	69.027	0.712	1.070	0.935	0.763
474	477	27.962	11.049	1	57	98.225	388	2589	29	31	33.429	18.168	52.603	0.621	1.840	0.543	0.830
475	73	24.123	11.277	2	45	47.941	2550	2590	11	18	15.954	5.826	123.958	0.399	2.738	0.365	0.664
476	59	20.966	9.225	4	40	30.971	883	2607	10	9	10.365	7.248	138.123	0.773	1.430	0.699	0.837
477	103	22.893	9.774	2	50	43.698	3580	2610	13	15	14.592	8.987	126.778	0.678	1.624	0.616	0.766
478	38	28.474	11.687	8	52	23.556	2558	2616	7	8	7.355	6.578	73.906	0.861	1.118	0.894	0.826
479	56	13.946	7.247	2	31	29.213	2017	2634	9	10	9.433	7.559	117.294	0.825	1.248	0.801	0.824
480	508	13.274	7.010	1	38	148.752	2022	2646	24	43	40.082	16.137	103.902	0.289	2.484	0.403	0.721
481	281	17.452	8.388	2	43	71.497	283	2647	21	22	20.757	17.237	127.739	0.691	1.204	0.830	0.826
482	76	43.908	11.617	17	66	35.213	1052	2647	9	13	12.365	7.826	94.191	0.770	1.580	0.633	0.849
483	2782	31.029	15.304	0	84	330.333	2255	2685	78	75	67.023	52.850	174.869	0.320	1.268	0.789	0.711
484	94	18.372	8.945	1	43	42.627	93	2687	10	16	13.832	8.652	115.385	0.650	1.599	0.626	0.800
485	798	25.274	13.106	0	67	162.995	1150	2712	33	41	36.530	27.814	119.592	0.377	1.313	0.761	0.770
486	42	21.881	10.732	1	49	26.385	2162	2715	8	9	7.912	6.759	112.982	0.758	1.171	0.854	0.800
487	98	16.204	8.104	1	37	52.527	459	2718	9	20	17.563	7.105	79.318	0.446	2.472	0.405	0.731
488	17	15.176	8.164	5	28	23.556	1793	2718	6	8	5.624	3.849	110.083	0.385	1.461	0.684	0.523
489	266	35.553	14.464	2	71	65.255	2710	2719	21	21	22.375	15.137	37.530	0.785	1.478	0.677	0.865
490	203	36.739	13.440	2	66	66.184	2773	2727	15	24	25.883	9.986	113.545	0.582	2.592	0.386	0.812
491	420	26.229	12.508	2	68	94.225	3885	2728	31	21	29.573	18.083	162.923	0.594	1.635	0.611	0.847
492	1582	34.702	16.361	1	87	221.522	2678	2741	47	66	69.648	28.921	64.677	0.405	2.408	0.415	0.801
493	1755	23.937	12.411	1	73	205.622	1668	2750	46	58	53.015	42.149	93.775	0.522	1.258	0.795	0.857
494	4099	33.994	18.194	1	105	351.262	3910	2802	65	104	97.687	53.426	78.968	0.417	1.828	0.547	0.800
495	2309	19.952	10.154	0	58	235.421	2283	2805	59	57	58.791	50.006	139.284	0.524	1.176	0.851	0.889
496	37	23.378	9.954	6	42	25.799	979	2808	7	9	7.688	6.128	105.974	0.699	1.255	0.797	0.755
497	139	44.906	14.561	4	73	47.456	264	2813	14	15	16.950	10.441	125.691	0.776	1.623	0.616	0.874
498	82	16.146	8.288	2	43	42.042	1538	2816	14	11	13.609	7.672	22.647	0.583	1.774	0.564	0.752
499	31	24.194	11.140	9	49	22.142	2696	2828	7	7	7.152	5.519	148.672	0.795	1.296	0.772	0.816
500	863	42.510	16.812	1	86	121.054	1233	2833	33	38	39.691	27.684	119.614	0.740	1.434	0.698	0.902
501	405	24.452	11.577	0	63	99.154	601	2834	25	29	24.069	21.424	78.104	0.518	1.123	0.890	0.758
502	29	27.655	10.324	8	56	23.556	1589	2845	6	9	7.373	5.008	104.845	0.657	1.472	0.679	0.716
503	1915	27.870	13.589	1	67	205.279	1282	2880	50	69	69.239	35.215	118.753	0.571	1.966	0.509	0.870
504	55	17.255	8.407	2	41	33.213	352	2896	8	12	10.371	6.752	78.790	0.627	1.536	0.651	0.738
505	51	29.706	10.298	10	52	30.971	231	2899	8	11	9.480	6.850	118.147	0.668	1.384	0.723	0.773
506	487	28.314	13.849	2	73	96.569	2217	2916	35	23	32.262	19.220	19.561	0.656	1.679	0.596	0.862
507	243	30.457	11.466	2	58	69.355	2257	2922	18	21	20.858	14.833	110.850	0.635	1.406	0.711	0.817
508	62	22.823	10.234	3	45	33.799	1570	2923	8	12	12.558	6.286	110.045	0.682	1.998	0.501	0.816
509	82	44.024	16.345	1	77	34.627	568	2927	9	13	11.762	8.876	107.156	0.859	1.325	0.755	0.877
510	979	30.556	12.743	0	67	134.610	3921	2931	36	39	36.504	34.147	128.269	0.679	1.069	0.935	0.895
511	2172	34.413	20.239	0	114	205.338	1864	2945	56	54	55.979	49.402	114.385	0.647	1.133	0.882	0.886
512	148	26.304	12.808	1	59	54.870	1409	2953	14	16	15.410	12.228	131.062	0.618	1.260	0.793	0.836
513	1985	26.538	12.195	0	67	211.338	3106	2953	74	46	67.453	37.469	22.085	0.558	1.800	0.555	0.920
514	282	16.805	9.570	1	46	81.154	79	2954	18	27	23.624	15.199	97.858	0.538	1.554	0.643	0.790
515	124	44.137	13.596	10	72	43.456	891	2965	13	14	14.843	10.636	48.434	0.825	1.396	0.717	0.861
516	378	35.508	13.803	4	75	85.941	3970	2980	29	19	27.410	17.559	0.603	0.643	1.561	0.641	0.884
517	63	32.397	9.478	13	56	34.627	2855	2985	8	13	12.244	6.552	91.993	0.660	1.869	0.535	0.792
518	80	27.762	10.882	3	53	34.971	3926	2990	12	9	11.473	8.878	160.640	0.822	1.292	0.774	0.870
519	81	58.444	14.430	19	85	36.971	2513	2991	14	8	12.763	8.080	1.908	0.745	1.580	0.633	0.900
