 	Area	Mean	StdDev	Min	Max	Perim.	BX	BY	Width	Height	Major	Minor	Angle	Circ.	AR	Round	Solidity
1	785	27.991	16.326	1	82	143.841	1	1	26	48	46.773	21.369	77.686	0.477	2.189	0.457	0.882
2	1844	25.085	11.433	1	69	257.865	691	1	48	70	75.444	31.120	67.741	0.348	2.424	0.412	0.826
3	180	53.256	18.040	2	97	61.113	1778	1	13	23	22.086	10.377	78.580	0.606	2.128	0.470	0.818
4	105	16.857	9.310	0	50	54.870	2372	1	15	12	14.524	9.205	21.862	0.438	1.578	0.634	0.724
5	308	48.231	19.931	4	93	85.355	3459	1	30	20	23.577	16.633	19.840	0.531	1.417	0.705	0.842
6	83	20.795	9.776	1	48	40.042	598	3	8	16	14.454	7.311	89.280	0.651	1.977	0.506	0.802
7	317	15.748	8.059	0	46	89.983	3240	5	27	24	28.092	14.368	141.428	0.492	1.955	0.511	0.768
8	68	12.265	6.357	2	29	67.598	3947	6	13	16	10.883	7.956	77.216	0.187	1.368	0.731	0.467
9	16	13.625	7.013	4	33	17.314	680	26	4	7	5.896	3.455	97.702	0.671	1.706	0.586	0.744
10	21	11.619	5.801	2	22	28.971	351	27	6	9	7.026	3.806	92.390	0.314	1.846	0.542	0.488
11	81	15.296	7.070	2	34	38.627	3058	37	12	11	10.933	9.433	11.271	0.682	1.159	0.863	0.779
12	44	16.205	6.642	5	36	37.799	186	38	9	10	8.560	6.544	82.054	0.387	1.308	0.765	0.615
13	154	20.792	10.250	2	50	59.355	1727	38	13	23	23.125	8.479	65.841	0.549	2.727	0.367	0.806
14	71	21.761	10.250	2	42	36.385	3556	43	9	13	11.420	7.916	98.290	0.674	1.443	0.693	0.789
15	19	19.737	7.673	6	33	18.142	3113	45	5	7	5.370	4.505	90.251	0.725	1.192	0.839	0.717
16	86	23.012	11.767	0	55	41.698	1620	52	10	15	13.213	8.287	94.767	0.622	1.594	0.627	0.778
17	37	33.811	9.395	14	55	24.971	1756	52	8	8	7.245	6.502	49.122	0.746	1.114	0.897	0.763
18	199	28.131	11.288	4	58	58.284	812	54	13	21	19.375	13.077	106.595	0.736	1.482	0.675	0.886
19	51	23.157	11.716	3	44	34.971	2311	55	6	14	12.899	5.034	94.432	0.524	2.562	0.390	0.739
20	7937	35.581	21.499	0	135	428.617	1830	56	78	140	138.005	73.227	97.433	0.543	1.885	0.531	0.892
21	141	15.340	7.456	2	38	55.941	1689	60	17	14	16.627	10.797	167.391	0.566	1.540	0.649	0.754
22	49	20.980	9.945	2	46	30.385	2139	75	7	11	9.915	6.292	88.532	0.667	1.576	0.635	0.778
23	10344	26.315	14.643	0	95	1092.396	2848	75	214	177	188.728	69.785	157.224	0.109	2.704	0.370	0.457
24	88	27.750	12.423	4	54	43.456	558	77	9	17	15.201	7.371	85.825	0.586	2.062	0.485	0.779
25	142	40.303	16.300	10	85	57.355	3597	81	11	22	21.411	8.444	79.123	0.542	2.536	0.394	0.791
26	101	27.297	11.582	3	58	46.870	3627	83	12	14	14.152	9.087	62.827	0.578	1.557	0.642	0.768
27	521	23.608	12.948	1	75	101.154	2414	85	28	28	28.104	23.604	34.449	0.640	1.191	0.840	0.854
28	36	14.361	6.892	3	29	35.456	2536	86	9	12	9.992	4.588	109.375	0.360	2.178	0.459	0.550
29	1061	33.867	16.931	0	84	160.267	2202	93	35	56	57.563	23.468	116.747	0.519	2.453	0.408	0.845
30	265	20.909	10.765	0	60	74.770	433	104	19	23	19.440	17.356	74.375	0.596	1.120	0.893	0.799
31	166	31.235	12.399	2	58	55.941	560	115	15	19	20.071	10.531	51.725	0.667	1.906	0.525	0.856
32	145	30.883	10.120	4	52	52.184	2430	119	14	18	15.841	11.655	67.413	0.669	1.359	0.736	0.810
33	103	37.146	14.488	7	70	42.284	3494	119	10	16	15.371	8.532	80.584	0.724	1.802	0.555	0.827
34	726	25.259	11.553	0	67	126.125	447	122	28	42	42.261	21.873	70.658	0.574	1.932	0.518	0.862
35	3592	34.903	19.672	0	100	287.120	1571	151	63	78	76.448	59.825	71.457	0.548	1.278	0.783	0.914
36	765	43.961	22.415	2	109	127.882	2594	153	38	32	38.821	25.090	20.916	0.588	1.547	0.646	0.829
37	67	27.343	10.826	5	56	37.456	1502	158	9	14	13.629	6.259	74.469	0.600	2.177	0.459	0.761
38	3122	41.184	21.662	1	114	290.492	643	165	45	113	96.020	41.398	91.460	0.465	2.319	0.431	0.884
39	26	14.885	8.121	1	31	20.728	3916	166	6	7	6.422	5.155	59.495	0.760	1.246	0.803	0.765
40	4907	25.933	12.864	0	76	363.706	1	181	58	123	114.370	54.628	95.126	0.466	2.094	0.478	0.905
41	1163	17.302	8.654	0	53	169.480	761	197	37	47	48.807	30.340	114.900	0.509	1.609	0.622	0.838
42	97	22.299	7.852	4	45	42.042	424	198	9	15	14.006	8.818	75.827	0.690	1.588	0.630	0.851
43	88	20.409	8.656	2	44	47.113	2149	201	10	14	14.271	7.851	100.695	0.498	1.818	0.550	0.743
44	66	19.818	9.598	5	43	35.799	1878	202	9	13	14.392	5.839	66.301	0.647	2.465	0.406	0.781
45	1127	23.039	10.670	0	62	197.723	1796	215	31	62	57.848	24.805	85.077	0.362	2.332	0.429	0.803
46	28	14.214	6.483	4	25	24.971	2910	218	8	7	7.570	4.709	29.253	0.564	1.608	0.622	0.675
47	81	29.864	12.907	2	59	39.213	150	219	8	16	15.240	6.767	83.691	0.662	2.252	0.444	0.844
48	50768	26.507	16.549	0	109	1620.695	3306	220	202	433	409.952	157.677	101.676	0.243	2.600	0.385	0.810
49	1984	35.164	18.396	1	102	210.309	839	226	47	69	60.358	41.852	95.774	0.564	1.442	0.693	0.863
50	352	18.616	8.375	0	40	93.154	2825	234	24	24	23.887	18.763	119.874	0.510	1.273	0.785	0.790
51	197	35.442	13.929	2	73	60.042	1585	236	12	23	23.352	10.741	80.709	0.687	2.174	0.460	0.870
52	36	22.417	9.072	6	39	31.799	1637	241	8	10	8.651	5.299	84.777	0.447	1.633	0.612	0.621
53	25	13.800	6.449	4	30	24.142	3093	244	9	6	6.948	4.581	172.016	0.539	1.517	0.659	0.649
54	503	30.241	13.036	4	71	99.983	1441	248	20	37	34.867	18.368	87.354	0.632	1.898	0.527	0.873
55	4669	32.207	16.088	0	91	421.103	290	260	55	147	133.328	44.587	88.916	0.331	2.990	0.334	0.809
56	11846	25.261	14.124	0	78	584.340	1164	262	124	168	152.700	98.774	73.980	0.436	1.546	0.647	0.857
57	521	21.019	11.363	0	65	110.569	1878	300	25	35	33.947	19.541	56.599	0.536	1.737	0.576	0.853
58	36	26.278	10.830	7	49	23.556	2183	312	7	8	8.399	5.457	67.112	0.815	1.539	0.650	0.809
59	38	17.053	8.057	3	35	26.971	2639	312	8	9	7.781	6.218	55.910	0.656	1.251	0.799	0.717
60	202	29.817	11.416	3	58	61.598	204	315	16	21	20.010	12.853	115.507	0.669	1.557	0.642	0.808
61	104	38.529	14.674	6	66	49.113	754	316	9	19	17.194	7.701	76.530	0.542	2.233	0.448	0.782
62	795	38.790	16.756	1	92	132.953	1921	327	29	44	44.548	22.722	75.253	0.565	1.961	0.510	0.860
63	2063	33.889	18.887	0	116	237.522	1005	330	52	63	58.289	45.063	78.682	0.460	1.293	0.773	0.800
64	1455	29.300	13.148	0	69	167.581	1884	349	37	54	53.327	34.740	77.866	0.651	1.535	0.651	0.892
65	104	22.202	9.662	0	44	40.284	112	356	11	15	13.585	9.747	64.305	0.805	1.394	0.717	0.846
66	520	25.546	10.560	2	59	95.983	2100	366	26	28	27.167	24.371	68.685	0.709	1.115	0.897	0.874
67	689	28.134	13.323	1	82	129.539	2829	371	27	43	39.312	22.315	81.543	0.516	1.762	0.568	0.831
68	85	28.812	10.990	4	56	37.456	1358	377	10	14	12.832	8.434	79.151	0.761	1.521	0.657	0.798
69	22	13.545	6.581	0	24	22.971	1585	379	6	8	6.961	4.024	73.096	0.524	1.730	0.578	0.620
70	60	20.133	10.087	4	48	32.971	358	396	8	11	11.259	6.785	81.743	0.694	1.659	0.603	0.828
71	204	22.142	9.347	2	53	58.770	3490	399	14	21	20.788	12.495	84.576	0.742	1.664	0.601	0.863
72	39	15.564	6.984	3	31	25.314	826	405	5	10	9.496	5.229	85.237	0.765	1.816	0.551	0.886
73	532	22.002	11.111	0	60	103.983	1144	408	23	36	33.304	20.339	86.103	0.618	1.637	0.611	0.857
74	2294	27.453	12.236	0	80	237.664	1246	409	61	62	59.185	49.351	29.254	0.510	1.199	0.834	0.831
75	75	14.853	6.816	1	30	43.698	2863	410	14	10	12.227	7.810	8.772	0.494	1.565	0.639	0.698
76	541	22.588	11.379	1	57	139.439	3944	413	25	51	51.440	13.391	73.539	0.350	3.841	0.260	0.707
77	2690	28.107	12.760	0	76	244.392	7	416	60	70	64.661	52.969	108.535	0.566	1.221	0.819	0.883
78	114	32.053	12.839	8	64	43.456	946	450	11	15	14.779	9.822	84.653	0.759	1.505	0.665	0.854
79	527	14.273	7.738	0	52	112.468	2562	452	31	29	28.519	23.528	32.337	0.524	1.212	0.825	0.818
80	268	21.545	11.726	1	62	72.426	2870	461	24	18	23.288	14.653	175.192	0.642	1.589	0.629	0.840
81	162	18.846	10.078	1	43	52.527	2907	465	14	18	16.159	12.764	111.041	0.738	1.266	0.790	0.833
82	1220	19.132	9.549	1	52	203.380	1227	467	33	62	55.615	27.931	80.254	0.371	1.991	0.502	0.823
83	1387	23.151	10.490	0	56	164.652	277	473	45	45	45.379	38.916	133.349	0.643	1.166	0.858	0.898
84	27	15.148	6.893	3	28	24.971	2080	473	9	6	9.402	3.656	19.453	0.544	2.571	0.389	0.692
85	100	35.190	13.477	3	66	45.456	2705	487	9	18	17.526	7.265	82.005	0.608	2.412	0.415	0.813
86	20	14.050	7.037	5	31	32.385	3664	487	7	9	5.182	4.915	135.000	0.240	1.054	0.948	0.455
87	353	39.255	16.501	4	80	89.497	1742	488	16	35	33.169	13.550	84.188	0.554	2.448	0.409	0.835
88	273	20.648	10.167	2	56	84.326	3672	492	24	24	29.107	11.942	47.094	0.482	2.437	0.410	0.787
89	26	17.769	8.543	4	40	22.971	2457	494	7	8	7.261	4.559	50.457	0.619	1.593	0.628	0.667
90	62	25.677	12.348	3	53	34.627	2845	495	8	12	11.616	6.796	83.897	0.650	1.709	0.585	0.770
91	195	23.441	10.469	3	50	63.841	2046	517	16	19	18.151	13.679	69.295	0.601	1.327	0.754	0.814
92	159	28.748	11.390	6	58	50.527	1001	523	15	17	15.208	13.312	67.395	0.783	1.142	0.875	0.853
93	310	17.694	9.699	1	54	93.983	796	526	16	31	29.556	13.354	88.415	0.441	2.213	0.452	0.763
94	81	32.012	12.376	4	60	37.456	420	533	9	14	13.465	7.659	90.393	0.726	1.758	0.569	0.814
95	67	14.552	8.473	0	31	46.527	147	557	10	13	11.878	7.182	92.148	0.389	1.654	0.605	0.632
96	22	17.864	7.292	4	27	20.142	2698	577	6	6	5.845	4.793	86.949	0.681	1.219	0.820	0.721
97	331	24.526	10.609	2	61	91.154	3120	578	18	29	26.244	16.059	79.214	0.501	1.634	0.612	0.799
98	668	15.478	7.677	0	39	153.338	2110	582	29	41	34.247	24.835	101.521	0.357	1.379	0.725	0.742
99	83	17.614	9.353	2	41	67.355	214	599	12	19	16.071	6.576	106.847	0.230	2.444	0.409	0.519
100	88	12.807	6.281	1	31	42.870	2400	608	12	13	10.689	10.482	66.403	0.602	1.020	0.981	0.749
101	8312	36.024	21.115	0	115	577.512	1119	630	121	151	134.248	78.833	68.851	0.313	1.703	0.587	0.714
102	84	25.536	11.070	4	55	37.213	1683	630	10	13	12.651	8.454	69.432	0.762	1.496	0.668	0.840
103	461	15.011	7.708	0	44	127.196	2307	644	25	33	27.324	21.481	83.315	0.358	1.272	0.786	0.749
104	1587	21.263	10.112	0	53	214.350	12	650	48	52	50.402	40.091	117.759	0.434	1.257	0.795	0.844
105	34	9.500	4.514	4	22	27.899	2103	651	5	11	11.023	3.927	106.996	0.549	2.807	0.356	0.764
106	17684	28.332	23.266	0	128	812.649	1718	652	143	219	187.244	120.250	95.719	0.336	1.557	0.642	0.813
107	817	16.237	8.184	0	47	156.267	2104	652	37	39	34.065	30.537	126.427	0.420	1.116	0.896	0.799
108	114	16.316	9.574	0	40	54.527	2089	656	14	17	17.600	8.247	52.842	0.482	2.134	0.469	0.719
109	325	14.705	7.865	1	37	120.711	901	659	32	31	34.783	11.897	41.283	0.280	2.924	0.342	0.680
110	1330	24.141	10.662	1	58	164.167	295	675	47	42	47.654	35.536	29.402	0.620	1.341	0.746	0.874
111	547	36.307	16.102	2	89	93.255	3187	682	25	31	30.172	23.083	72.667	0.790	1.307	0.765	0.915
112	359	18.159	9.013	1	49	93.154	365	683	27	22	25.013	18.274	22.845	0.520	1.369	0.731	0.770
113	19	10.474	5.501	2	21	26.728	3460	685	8	8	5.169	4.680	12.080	0.334	1.104	0.905	0.475
114	2980	34.395	16.111	0	89	278.978	2125	692	53	90	82.330	46.086	80.033	0.481	1.786	0.560	0.890
115	1168	33.420	17.620	1	84	167.095	213	693	44	49	52.861	28.133	48.390	0.526	1.879	0.532	0.827
116	685	28.896	14.312	1	73	167.681	259	703	23	61	56.634	15.400	83.192	0.306	3.678	0.272	0.687
117	227	18.207	9.394	0	41	71.598	393	703	13	26	25.654	11.266	88.434	0.556	2.277	0.439	0.830
118	150	16.293	7.964	1	40	60.770	2943	716	14	18	14.891	12.825	88.465	0.510	1.161	0.861	0.756
119	49	20.327	9.346	3	43	34.971	720	738	6	13	11.281	5.530	87.157	0.504	2.040	0.490	0.742
120	130	28.608	11.760	5	53	49.941	1041	739	13	18	17.395	9.516	114.130	0.655	1.828	0.547	0.795
121	762	38.014	19.495	2	97	125.640	2280	749	29	44	45.900	21.137	62.763	0.607	2.172	0.461	0.878
122	18	12.667	6.607	5	29	18.728	355	757	6	6	6.125	3.742	47.750	0.645	1.637	0.611	0.720
123	604	26.652	12.741	0	68	114.468	3907	769	29	31	29.104	26.424	119.459	0.579	1.101	0.908	0.823
124	186	64.167	20.237	17	106	57.355	1610	770	13	23	20.510	11.546	97.846	0.711	1.776	0.563	0.873
125	25	19.240	9.185	5	44	23.556	564	781	6	8	8.725	3.648	118.432	0.566	2.392	0.418	0.704
126	6007	30.551	15.018	1	90	421.144	2832	783	109	101	108.166	70.709	26.736	0.426	1.530	0.654	0.812
127	47	25.596	12.465	2	56	27.556	3556	793	7	10	10.414	5.746	69.827	0.778	1.812	0.552	0.855
128	40	21.500	9.176	1	43	29.556	1419	797	6	11	10.237	4.975	85.090	0.575	2.058	0.486	0.741
129	909	25.310	11.391	2	62	129.882	284	812	32	40	39.296	29.453	64.605	0.677	1.334	0.750	0.885
130	3279	29.654	12.890	0	80	287.120	658	816	62	88	75.841	55.049	80.726	0.500	1.378	0.726	0.878
131	17	12.353	7.721	3	32	17.314	3085	819	5	6	5.914	3.660	111.446	0.713	1.616	0.619	0.773
132	68	15.265	7.743	1	40	35.213	481	820	11	10	10.845	7.983	57.323	0.689	1.358	0.736	0.782
133	56	19.339	11.501	1	53	37.799	446	821	7	14	13.055	5.462	76.138	0.493	2.390	0.418	0.747
134	39	24.615	11.092	5	42	30.042	3406	826	9	9	7.163	6.933	164.299	0.543	1.033	0.968	0.672
135	46	19.783	9.540	6	44	32.385	1020	843	8	12	10.883	5.382	56.896	0.551	2.022	0.495	0.724
136	63	14.143	6.445	2	31	47.698	990	855	9	15	12.453	6.441	90.751	0.348	1.933	0.517	0.624
137	148	27.777	12.480	2	72	57.941	915	858	13	20	18.008	10.464	76.062	0.554	1.721	0.581	0.798
138	185	20.584	8.417	3	46	58.527	859	864	18	15	17.875	13.177	163.001	0.679	1.357	0.737	0.847
139	148	30.318	10.742	6	56	61.355	3319	897	12	23	19.640	9.595	97.639	0.494	2.047	0.489	0.777
140	34	19.588	7.711	3	33	37.213	659	909	8	11	7.543	5.739	76.259	0.309	1.314	0.761	0.507
141	37	19.811	7.961	3	32	27.556	531	913	7	10	9.739	4.837	80.749	0.612	2.013	0.497	0.740
142	164	29.689	12.697	3	64	56.527	2125	920	15	18	15.830	13.191	97.169	0.645	1.200	0.833	0.804
143	239	25.757	10.729	4	52	62.527	688	933	14	24	22.711	13.399	89.215	0.768	1.695	0.590	0.888
144	18	17.000	8.000	7	34	17.314	452	940	4	7	6.658	3.442	103.773	0.755	1.934	0.517	0.818
145	1074	23.178	10.079	0	56	148.995	763	947	37	44	40.934	33.407	78.196	0.608	1.225	0.816	0.877
146	366	42.954	16.203	2	87	88.326	2075	952	26	28	33.516	13.904	40.630	0.590	2.411	0.415	0.858
147	482	29.419	12.528	2	70	91.497	3595	954	23	30	28.704	21.380	83.949	0.724	1.343	0.745	0.883
148	67	19.970	9.947	2	50	48.527	307	967	9	15	12.967	6.579	78.014	0.358	1.971	0.507	0.606
149	5025	45.005	23.352	0	113	455.688	3394	967	53	183	172.957	36.992	81.953	0.304	4.676	0.214	0.790
150	91	15.571	7.699	1	32	51.941	2261	972	12	15	11.952	9.694	100.128	0.424	1.233	0.811	0.650
151	165	26.115	10.692	3	52	62.426	2945	972	14	21	17.297	12.146	84.581	0.532	1.424	0.702	0.766
152	1165	36.602	15.419	1	76	144.368	3535	984	34	47	46.992	31.566	99.791	0.702	1.489	0.672	0.909
153	48	20.875	9.531	7	43	30.971	928	989	7	11	10.220	5.980	77.289	0.629	1.709	0.585	0.793
154	9863	29.397	17.415	0	115	606.725	2604	990	93	215	190.751	65.834	76.497	0.337	2.897	0.345	0.833
155	26	14.192	8.630	1	37	22.971	1507	991	6	9	8.561	3.867	66.896	0.619	2.214	0.452	0.722
156	2431	41.142	20.685	1	125	272.836	393	1006	39	97	93.012	33.278	94.284	0.410	2.795	0.358	0.879
157	61	21.607	11.089	3	53	34.042	1430	1007	8	13	11.532	6.735	85.362	0.661	1.712	0.584	0.767
158	68	21.162	9.533	3	44	48.284	2826	1014	11	17	17.540	4.936	60.734	0.367	3.553	0.281	0.618
159	121	26.289	11.627	2	61	44.627	3510	1017	11	16	15.610	9.869	76.591	0.763	1.582	0.632	0.871
160	36	13.611	7.003	1	26	31.213	3640	1017	7	11	9.133	5.019	100.845	0.464	1.820	0.550	0.643
161	30	18.067	9.273	2	39	23.556	1058	1027	6	9	8.958	4.264	75.610	0.679	2.101	0.476	0.741
162	5173	28.732	13.223	0	87	381.931	1421	1032	76	102	96.330	68.374	105.383	0.446	1.409	0.710	0.867
163	1027	27.056	14.298	0	78	195.966	1194	1037	34	70	63.096	20.724	116.434	0.336	3.045	0.328	0.766
164	522	36.862	15.629	4	75	102.326	981	1043	22	39	37.044	17.942	94.874	0.626	2.065	0.484	0.872
165	63	18.365	9.407	1	46	33.799	3652	1046	8	13	11.547	6.947	79.897	0.693	1.662	0.602	0.834
166	1168	24.166	12.339	0	64	158.167	3760	1050	36	51	47.241	31.480	91.788	0.587	1.501	0.666	0.853
167	31	14.323	6.828	1	25	26.971	1282	1061	7	9	7.043	5.604	83.660	0.536	1.257	0.796	0.667
168	618	48.793	18.304	1	100	117.882	2918	1069	21	45	45.792	17.183	81.889	0.559	2.665	0.375	0.853
169	822	36.932	18.113	1	92	159.681	2819	1082	38	43	45.193	23.159	47.858	0.405	1.951	0.512	0.763
170	4098	36.163	20.703	0	116	396.132	3871	1107	71	106	87.270	59.788	80.243	0.328	1.460	0.685	0.758
171	30	19.933	6.280	7	34	26.385	1809	1114	7	9	7.619	5.014	59.501	0.542	1.520	0.658	0.652
172	1166	32.701	16.575	1	85	152.125	2870	1123	28	60	59.030	25.150	95.429	0.633	2.347	0.426	0.921
173	27	13.407	7.276	2	34	25.556	3402	1163	6	10	8.504	4.042	84.427	0.519	2.104	0.475	0.659
174	1087	21.366	9.222	0	51	151.338	589	1167	35	46	42.413	32.631	73.715	0.596	1.300	0.769	0.880
175	245	32.657	13.028	7	65	70.527	1372	1172	16	25	24.386	12.792	66.770	0.619	1.906	0.525	0.835
176	113	24.602	12.359	4	57	63.012	1603	1179	13	23	20.107	7.156	68.525	0.358	2.810	0.356	0.651
177	336	37.289	15.278	1	84	90.083	504	1185	16	33	30.063	14.230	74.888	0.520	2.113	0.473	0.840
178	560	16.370	8.214	1	43	110.711	85	1191	29	30	30.866	23.100	47.352	0.574	1.336	0.748	0.845
179	2361	39.897	20.915	1	128	236.451	2752	1201	51	78	80.724	37.239	116.614	0.531	2.168	0.461	0.865
180	624	22.720	10.403	1	53	132.024	2840	1208	28	38	34.516	23.018	75.370	0.450	1.499	0.667	0.804
181	66	32.682	9.708	5	60	30.385	2461	1226	8	11	10.803	7.778	103.374	0.898	1.389	0.720	0.880
182	375	13.280	6.841	0	44	99.983	76	1246	25	26	25.292	18.878	55.571	0.471	1.340	0.746	0.758
183	332	21.657	10.292	2	54	75.012	625	1255	17	27	25.361	16.668	88.905	0.741	1.522	0.657	0.891
184	2463	28.596	12.917	1	72	259.078	1969	1261	70	68	63.025	49.758	33.647	0.461	1.267	0.789	0.810
185	1885	19.538	9.776	0	58	252.978	3523	1266	42	80	83.066	28.893	74.885	0.370	2.875	0.348	0.817
186	18	13.333	6.562	5	27	23.314	3333	1272	5	9	7.404	3.095	99.109	0.416	2.392	0.418	0.581
187	157	21.127	10.458	2	55	53.113	33	1297	12	19	18.690	10.696	75.165	0.699	1.747	0.572	0.849
188	326	54.494	18.982	5	97	76.426	2889	1298	16	29	28.124	14.759	88.972	0.701	1.906	0.525	0.889
189	72	18.861	8.079	3	36	46.527	3686	1314	8	17	14.543	6.304	78.744	0.418	2.307	0.433	0.682
190	24	17.250	7.213	2	31	22.142	2849	1325	6	8	8.174	3.739	57.363	0.615	2.186	0.457	0.727
191	89	29.764	12.869	5	61	43.456	1761	1328	8	18	16.753	6.764	82.260	0.592	2.477	0.404	0.817
192	238	20.933	9.517	1	48	77.154	2584	1329	17	26	25.588	11.843	110.413	0.502	2.161	0.463	0.770
193	162	22.426	9.946	4	45	76.184	888	1336	11	28	26.207	7.871	80.244	0.351	3.330	0.300	0.706
194	26	17.500	8.243	5	34	21.556	683	1338	6	8	7.008	4.724	113.536	0.703	1.484	0.674	0.732
195	659	22.625	11.775	0	61	114.468	46	1349	29	36	33.741	24.868	112.619	0.632	1.357	0.737	0.856
196	44	20.295	9.680	2	45	34.385	3258	1356	7	14	10.559	5.306	82.280	0.468	1.990	0.502	0.693
197	480	25.106	12.318	1	72	93.497	1218	1362	20	36	32.933	18.557	81.538	0.690	1.775	0.563	0.887
198	345	13.991	7.490	0	38	121.882	1783	1362	22	29	22.708	19.344	87.010	0.292	1.174	0.852	0.698
199	689	14.300	7.694	0	43	198.551	636	1365	45	29	38.634	22.707	178.555	0.220	1.701	0.588	0.698
200	911	25.113	13.153	0	67	144.024	730	1368	37	43	37.402	31.013	56.762	0.552	1.206	0.829	0.825
201	121	24.727	10.883	1	52	49.113	2731	1370	11	17	17.206	8.954	77.404	0.630	1.922	0.520	0.807
202	135	46.741	17.050	7	86	44.971	2694	1375	10	16	16.742	10.267	82.858	0.839	1.631	0.613	0.931
203	17	16.647	7.737	5	32	28.971	3833	1380	7	7	6.241	3.468	118.813	0.255	1.800	0.556	0.472
204	496	24.325	10.286	0	62	93.497	2640	1381	23	32	29.922	21.106	88.023	0.713	1.418	0.705	0.881
205	26	16.423	8.723	3	36	21.314	3753	1381	5	8	8.429	3.928	63.181	0.719	2.146	0.466	0.800
206	52	14.385	8.947	1	41	32.042	229	1390	11	9	9.833	6.734	31.827	0.636	1.460	0.685	0.727
207	486	20.033	9.327	0	55	118.468	1026	1395	31	26	31.257	19.797	36.063	0.435	1.579	0.633	0.819
208	19	11.684	5.963	2	22	23.314	2966	1402	4	9	6.865	3.524	82.337	0.439	1.948	0.513	0.655
209	24	17.042	8.180	5	34	22.142	1152	1415	5	8	8.256	3.701	92.879	0.615	2.231	0.448	0.716
210	1150	20.819	10.561	1	55	190.208	1686	1422	55	48	59.465	24.623	145.126	0.399	2.415	0.414	0.747
211	347	31.323	12.919	0	69	81.255	3510	1422	18	30	28.227	15.652	80.512	0.660	1.803	0.555	0.853
212	163	22.656	10.300	2	51	61.941	3915	1448	11	24	21.989	9.438	83.983	0.534	2.330	0.429	0.793
213	69	16.043	6.796	1	32	68.426	2251	1449	8	26	21.363	4.112	80.655	0.185	5.195	0.193	0.505
214	311	13.129	7.163	0	35	119.296	3167	1452	23	23	22.610	17.514	55.051	0.275	1.291	0.775	0.719
215	1060	18.012	8.933	1	52	156.752	1311	1456	35	47	43.760	30.841	77.597	0.542	1.419	0.705	0.853
216	585	47.899	21.129	1	111	110.569	3843	1463	21	40	39.025	19.086	91.434	0.601	2.045	0.489	0.878
217	492	34.982	14.276	2	74	109.640	2553	1465	20	36	34.034	18.406	91.194	0.514	1.849	0.541	0.839
218	28	21.393	9.670	4	42	24.728	2705	1465	5	10	8.663	4.115	83.596	0.575	2.105	0.475	0.727
219	94	19.947	10.165	0	46	57.012	3349	1465	20	10	16.597	7.211	177.613	0.363	2.302	0.434	0.637
220	172	28.372	12.061	0	58	54.527	159	1468	15	16	15.212	14.396	86.277	0.727	1.057	0.946	0.849
221	552	24.295	10.725	2	57	107.397	532	1471	25	33	32.466	21.648	82.543	0.601	1.500	0.667	0.871
222	190	18.195	10.071	1	46	64.426	3426	1479	15	23	23.669	10.221	69.654	0.575	2.316	0.432	0.821
223	5436	32.666	22.457	0	131	432.517	2067	1487	89	111	105.142	65.829	48.340	0.365	1.597	0.626	0.748
224	509	17.796	9.125	1	46	104.569	1439	1500	26	32	30.977	20.921	108.305	0.585	1.481	0.675	0.835
225	63	25.079	11.050	7	52	35.213	363	1528	8	14	12.388	6.475	84.270	0.638	1.913	0.523	0.778
226	40	19.675	9.000	6	43	26.971	858	1529	6	11	10.050	5.068	98.035	0.691	1.983	0.504	0.800
227	2123	24.643	13.325	0	75	222.693	2351	1529	63	60	60.975	44.331	148.814	0.538	1.375	0.727	0.821
228	582	16.579	8.602	1	45	119.539	289	1535	32	29	28.898	25.643	161.566	0.512	1.127	0.887	0.807
229	67	30.373	11.082	5	60	37.213	2549	1543	8	14	13.040	6.542	76.859	0.608	1.993	0.502	0.779
230	339	23.622	9.660	1	53	75.841	756	1545	20	24	23.438	18.416	67.786	0.741	1.273	0.786	0.879
231	2348	25.338	13.669	1	69	244.108	3470	1545	60	72	59.549	50.203	109.969	0.495	1.186	0.843	0.823
232	22	15.273	7.285	5	34	21.314	982	1580	5	8	7.742	3.618	109.458	0.609	2.140	0.467	0.759
233	598	15.375	8.070	0	49	153.924	3702	1596	33	37	37.019	20.568	127.079	0.317	1.800	0.556	0.746
234	17	17.235	7.504	4	32	20.485	130	1599	3	9	8.738	2.477	86.028	0.509	3.528	0.283	0.773
235	1075	22.967	11.300	0	56	183.723	1995	1603	37	58	50.199	27.266	64.300	0.400	1.841	0.543	0.792
236	61	22.197	10.750	1	47	37.456	416	1605	9	13	11.751	6.610	104.813	0.546	1.778	0.563	0.762
237	1361	30.259	12.076	1	71	175.480	3046	1620	49	56	63.203	27.418	133.135	0.555	2.305	0.434	0.874
238	18	12.278	6.781	2	23	18.728	2059	1628	5	7	6.376	3.595	107.171	0.645	1.774	0.564	0.720
239	159	21.403	9.731	2	44	59.841	3008	1628	17	17	14.672	13.798	141.609	0.558	1.063	0.940	0.746
240	235	29.485	11.465	2	58	66.770	3897	1638	14	26	23.787	12.579	79.980	0.662	1.891	0.529	0.869
241	768	22.686	11.404	1	63	167.095	1347	1657	28	59	54.762	17.856	76.825	0.346	3.067	0.326	0.723
242	154	52.169	17.766	13	98	56.527	454	1662	12	22	19.515	10.047	82.288	0.606	1.942	0.515	0.815
243	56	21.554	9.586	4	38	35.213	3745	1679	7	14	12.166	5.860	72.237	0.568	2.076	0.482	0.752
244	678	19.816	9.998	1	53	117.640	1539	1683	29	35	33.199	26.002	116.646	0.616	1.277	0.783	0.877
245	168	20.065	8.804	3	47	62.527	3644	1690	13	23	19.163	11.162	82.412	0.540	1.717	0.583	0.785
246	37	18.459	8.523	2	41	32.627	419	1699	8	11	7.778	6.057	74.149	0.437	1.284	0.779	0.587
247	11033	26.663	14.409	0	88	589.512	3041	1700	128	155	129.185	108.740	133.100	0.399	1.188	0.842	0.801
248	207	24.092	10.038	2	53	62.184	76	1702	14	21	19.406	13.581	79.462	0.673	1.429	0.700	0.854
249	323	18.802	9.266	0	48	74.912	1194	1704	21	24	21.628	19.015	96.802	0.723	1.137	0.879	0.856
250	194	24.418	11.766	1	56	71.598	534	1707	15	20	18.766	13.163	67.836	0.476	1.426	0.701	0.785
251	977	25.058	10.971	1	59	148.510	353	1713	32	55	54.001	23.036	65.956	0.557	2.344	0.427	0.844
252	297	14.976	7.781	1	38	85.154	2010	1716	20	27	23.404	16.158	71.194	0.515	1.448	0.690	0.769
253	689	39.962	20.980	0	95	117.740	1834	1717	21	47	46.416	18.900	83.493	0.625	2.456	0.407	0.907
254	60	27.150	9.126	6	49	30.971	161	1741	7	12	11.638	6.564	82.352	0.786	1.773	0.564	0.870
255	3000	37.412	17.514	0	90	330.434	3250	1746	59	92	70.648	54.067	77.305	0.345	1.307	0.765	0.733
256	24	20.333	9.197	2	42	20.728	500	1753	5	8	6.705	4.557	81.269	0.702	1.471	0.680	0.774
257	37	15.378	8.603	2	35	31.799	3737	1758	9	9	8.943	5.268	49.502	0.460	1.698	0.589	0.627
258	1144	19.662	10.807	0	61	161.196	3770	1762	33	49	47.517	30.654	97.487	0.553	1.550	0.645	0.861
259	28	17.679	7.674	5	31	32.385	2346	1765	6	12	10.741	3.319	81.992	0.335	3.236	0.309	0.523
260	188	14.351	7.601	0	36	63.598	440	1766	18	22	18.541	12.910	70.109	0.584	1.436	0.696	0.766
261	1299	28.344	16.014	1	82	247.563	3697	1769	35	84	63.301	26.128	78.410	0.266	2.423	0.413	0.721
262	1343	26.053	12.615	1	68	164.409	1589	1775	39	48	46.931	36.435	73.496	0.624	1.288	0.776	0.900
263	47	14.766	8.194	3	39	41.213	1351	1783	8	14	11.030	5.425	66.076	0.348	2.033	0.492	0.614
264	249	41.321	14.291	8	83	65.113	602	1788	15	24	21.890	14.483	88.194	0.738	1.511	0.662	0.885
265	187	16.166	9.080	1	43	76.669	502	1797	16	21	19.562	12.171	58.972	0.400	1.607	0.622	0.744
266	311	25.614	10.792	2	61	86.669	245	1809	17	31	26.953	14.691	84.652	0.520	1.835	0.545	0.814
267	181	20.077	10.037	2	50	59.355	1626	1814	15	20	17.963	12.829	73.254	0.646	1.400	0.714	0.803
268	40	21.250	8.593	8	43	29.556	1897	1819	6	12	10.247	4.970	89.591	0.575	2.062	0.485	0.755
269	51	13.078	6.276	1	32	44.627	1590	1825	8	17	11.925	5.445	80.225	0.322	2.190	0.457	0.580
270	292	35.510	12.830	2	69	74.770	809	1827	16	26	26.066	14.263	88.054	0.656	1.828	0.547	0.856
271	457	33.372	13.810	1	71	93.740	1019	1831	21	33	32.991	17.637	68.420	0.654	1.871	0.535	0.884
272	216	16.653	8.318	1	38	80.326	1573	1833	17	22	21.115	13.025	68.281	0.421	1.621	0.617	0.731
273	2720	30.491	14.948	0	90	278.392	2448	1837	46	103	91.410	37.887	95.515	0.441	2.413	0.414	0.864
274	575	48.165	22.144	1	109	115.054	2909	1839	21	42	40.235	18.196	81.232	0.546	2.211	0.452	0.858
275	3931	27.308	13.235	0	80	285.806	3760	1849	67	88	80.525	62.156	96.106	0.605	1.296	0.772	0.902
276	158	30.133	9.922	8	55	49.113	2710	1851	16	15	15.110	13.314	149.001	0.823	1.135	0.881	0.859
277	325	16.523	8.896	0	53	86.669	608	1858	18	30	29.240	14.152	74.323	0.544	2.066	0.484	0.827
278	71	35.197	14.358	4	64	36.142	2822	1891	9	12	13.191	6.853	76.014	0.683	1.925	0.520	0.821
279	55	23.309	9.979	4	43	30.385	3277	1898	8	11	12.165	5.757	57.014	0.749	2.113	0.473	0.853
280	315	31.873	13.457	1	71	82.184	3022	1900	14	33	30.809	13.018	93.261	0.586	2.367	0.423	0.856
281	843	34.123	16.225	1	86	150.610	2975	1902	26	59	56.329	19.055	102.198	0.467	2.956	0.338	0.837
282	115	18.800	9.605	2	52	44.284	270	1914	13	15	13.812	10.601	119.888	0.737	1.303	0.768	0.799
283	190	20.053	10.515	1	55	73.841	2492	1929	12	28	24.576	9.843	96.688	0.438	2.497	0.401	0.762
284	4076	25.320	12.176	0	65	341.505	471	1938	60	115	104.227	49.793	105.939	0.439	2.093	0.478	0.861
285	23	22.391	9.699	2	36	18.728	696	1945	6	6	6.039	4.849	135.704	0.824	1.245	0.803	0.780
286	3106	25.106	11.867	0	66	266.635	3476	1965	69	67	68.780	57.498	11.771	0.549	1.196	0.836	0.885
287	80	27.200	10.426	4	50	44.627	2093	1967	10	14	14.272	7.137	107.091	0.505	2.000	0.500	0.744
288	20	14.850	5.887	4	30	19.314	2534	1970	4	8	7.593	3.354	74.783	0.674	2.264	0.442	0.816
289	186	18.688	8.711	1	45	72.184	2634	1971	12	26	23.273	10.176	85.741	0.449	2.287	0.437	0.758
290	57	14.386	9.357	1	45	30.385	464	1982	7	11	10.188	7.124	99.896	0.776	1.430	0.699	0.851
291	978	29.162	12.050	1	66	142.024	3707	1999	28	51	48.579	25.633	87.941	0.609	1.895	0.528	0.892
292	6852	25.141	14.603	0	90	421.831	578	2002	93	113	102.332	85.254	64.636	0.484	1.200	0.833	0.895
293	157	15.860	7.698	1	38	76.426	3197	2008	17	21	19.740	10.126	61.332	0.338	1.949	0.513	0.602
294	49	21.204	10.366	7	44	33.799	3582	2017	8	13	10.766	5.795	75.066	0.539	1.858	0.538	0.721
295	13465	33.306	20.118	0	114	738.181	2792	2023	98	242	194.697	88.055	90.249	0.311	2.211	0.452	0.813
296	19339	22.849	12.228	0	81	1044.212	1406	2027	146	259	213.522	115.319	98.297	0.223	1.852	0.540	0.756
297	136	32.346	13.064	2	65	46.870	1272	2029	11	18	16.767	10.328	91.548	0.778	1.624	0.616	0.869
298	553	18.951	8.809	2	46	128.610	3307	2031	30	41	40.544	17.366	61.171	0.420	2.335	0.428	0.753
299	53	13.321	6.730	1	28	48.870	3731	2031	12	14	8.956	7.535	80.101	0.279	1.189	0.841	0.507
300	128	24.453	11.722	1	57	63.698	3422	2038	9	26	23.374	6.972	86.245	0.396	3.352	0.298	0.766
301	28	16.107	8.002	3	33	38.627	3761	2042	7	10	8.356	4.266	85.898	0.236	1.959	0.511	0.475
302	44	16.659	7.588	5	34	30.042	101	2044	8	11	9.515	5.888	65.515	0.613	1.616	0.619	0.733
303	31	13.387	7.419	3	28	29.556	3770	2057	9	8	8.845	4.463	49.162	0.446	1.982	0.505	0.596
304	21	12.238	5.932	3	26	21.556	1657	2060	7	6	7.110	3.761	36.110	0.568	1.891	0.529	0.646
305	958	16.559	8.978	0	49	211.037	3320	2083	32	65	62.663	19.465	72.718	0.270	3.219	0.311	0.724
306	17	18.471	7.116	4	31	23.314	1495	2092	5	9	7.152	3.026	78.366	0.393	2.363	0.423	0.576
307	1621	38.093	20.747	1	95	182.894	1864	2093	39	63	59.635	34.609	75.801	0.609	1.723	0.580	0.903
308	367	20.169	10.186	0	60	121.640	2123	2111	27	30	22.515	20.754	65.279	0.312	1.085	0.922	0.661
309	2824	37.088	25.415	1	133	334.877	168	2115	34	127	118.621	30.312	89.284	0.316	3.913	0.256	0.817
310	35	15.229	8.289	3	40	30.627	3933	2115	7	11	9.248	4.819	92.411	0.469	1.919	0.521	0.625
311	25441	22.036	12.835	0	85	978.372	1603	2116	187	225	202.165	160.228	99.788	0.334	1.262	0.793	0.815
312	70	23.729	10.395	2	46	37.799	1559	2119	8	13	13.021	6.845	83.209	0.616	1.902	0.526	0.800
313	2403	19.461	9.863	0	61	324.191	3752	2121	62	81	73.356	41.709	124.393	0.287	1.759	0.569	0.682
314	30	19.767	8.787	5	36	27.799	1133	2147	6	10	9.291	4.111	96.354	0.488	2.260	0.443	0.645
315	23	16.435	9.922	1	37	22.385	95	2149	5	8	7.204	4.065	79.859	0.577	1.772	0.564	0.676
316	76	25.184	11.569	1	53	38.971	2777	2151	7	16	15.848	6.106	88.691	0.629	2.595	0.385	0.849
317	102	19.912	8.631	2	40	42.042	2228	2164	13	13	13.630	9.529	49.068	0.725	1.430	0.699	0.806
318	156	30.974	11.055	0	58	48.870	3535	2174	13	17	15.456	12.851	83.182	0.821	1.203	0.831	0.874
319	583	27.588	12.093	1	62	110.811	2595	2185	22	38	37.060	20.029	92.825	0.597	1.850	0.540	0.858
320	3021	16.927	8.880	0	59	350.718	2663	2188	79	68	68.260	56.350	174.346	0.309	1.211	0.826	0.797
321	1650	27.211	11.518	0	63	184.995	283	2200	46	48	48.682	43.155	65.789	0.606	1.128	0.886	0.900
322	76	34.553	14.210	5	70	38.627	3631	2203	7	16	14.993	6.454	94.382	0.640	2.323	0.430	0.831
323	3451	34.169	19.372	0	94	302.434	942	2205	56	102	92.618	47.441	77.211	0.474	1.952	0.512	0.875
324	404	12.408	6.341	0	38	133.439	3445	2209	28	26	24.696	20.829	44.801	0.285	1.186	0.843	0.718
325	5163	33.632	21.126	0	109	364.375	539	2212	74	95	93.055	70.643	94.016	0.489	1.317	0.759	0.906
326	29	15.448	6.764	2	32	23.314	1593	2214	6	8	7.682	4.806	77.538	0.670	1.598	0.626	0.784
327	117	23.632	12.382	4	62	53.113	2172	2239	13	16	15.897	9.371	104.746	0.521	1.696	0.589	0.741
328	251	43.522	15.699	1	82	70.184	2580	2257	14	26	24.533	13.027	85.974	0.640	1.883	0.531	0.854
329	226	12.619	6.925	0	36	106.225	134	2261	23	18	21.551	13.352	32.591	0.252	1.614	0.620	0.636
330	79	19.101	9.273	3	50	54.770	3687	2265	10	17	13.636	7.376	78.500	0.331	1.849	0.541	0.650
331	264	16.773	9.454	1	51	82.669	3043	2267	15	29	26.601	12.636	82.491	0.485	2.105	0.475	0.802
332	23	12.565	7.031	1	30	32.627	372	2284	11	8	10.130	2.891	23.749	0.272	3.504	0.285	0.451
333	4401	23.532	11.531	0	64	322.777	2441	2289	62	112	104.062	53.848	78.540	0.531	1.933	0.517	0.899
334	227	15.727	8.024	0	35	76.083	2045	2310	18	23	21.087	13.706	72.597	0.493	1.538	0.650	0.760
335	548	57.589	22.352	7	112	107.740	1333	2339	19	44	43.163	16.165	86.005	0.593	2.670	0.375	0.883
336	16	11.125	5.265	3	20	18.728	2567	2345	6	5	5.329	3.823	155.182	0.573	1.394	0.717	0.653
337	69	28.971	14.336	1	61	42.284	333	2351	8	16	12.984	6.767	95.630	0.485	1.919	0.521	0.723
338	670	20.422	12.200	0	70	118.125	1195	2353	26	40	38.970	21.890	107.910	0.603	1.780	0.562	0.867
339	164	58.366	18.470	10	104	54.284	3059	2373	11	20	19.575	10.667	85.803	0.699	1.835	0.545	0.882
340	164	20.848	10.964	1	52	64.284	3212	2379	13	23	21.379	9.767	91.685	0.499	2.189	0.457	0.737
341	4500	25.453	11.983	0	73	380.375	2396	2398	64	119	109.254	52.443	104.154	0.391	2.083	0.480	0.850
342	27	11.074	5.015	2	20	29.556	2541	2398	9	9	6.309	5.449	121.180	0.388	1.158	0.864	0.519
343	566	16.184	8.402	1	45	125.196	933	2401	35	29	34.700	20.768	33.986	0.454	1.671	0.599	0.807
344	29316	22.114	12.978	0	82	1212.420	3150	2403	215	308	243.234	153.459	69.182	0.251	1.585	0.631	0.757
345	9106	25.278	13.444	0	83	537.813	146	2417	127	123	132.752	87.337	130.470	0.396	1.520	0.658	0.841
346	282	25.479	10.833	1	53	79.497	3782	2420	18	29	26.999	13.299	69.659	0.561	2.030	0.493	0.812
347	71	28.972	13.580	6	58	41.799	564	2421	7	16	15.600	5.795	96.140	0.511	2.692	0.371	0.772
348	819	20.115	10.153	1	55	164.752	2911	2427	36	50	50.009	20.852	61.142	0.379	2.398	0.417	0.751
349	119	23.840	8.468	0	48	51.698	2178	2452	11	19	16.364	9.259	70.428	0.560	1.767	0.566	0.785
350	17601	24.154	13.789	0	92	840.732	1974	2481	173	208	165.139	135.706	85.586	0.313	1.217	0.822	0.799
351	2322	29.640	14.891	0	78	283.321	829	2484	35	106	100.817	29.325	93.098	0.364	3.438	0.291	0.824
352	84	17.238	7.148	3	38	38.627	3764	2488	12	11	11.369	9.407	140.022	0.707	1.209	0.827	0.804
353	103	22.204	10.505	3	48	44.042	100	2490	10	17	15.368	8.533	86.399	0.667	1.801	0.555	0.808
354	135	13.237	6.712	1	31	79.012	2482	2495	14	18	15.500	11.090	61.367	0.272	1.398	0.715	0.655
355	226	15.195	7.532	0	42	69.841	3018	2497	17	21	21.371	13.464	58.350	0.582	1.587	0.630	0.813
356	2419	19.110	9.633	0	60	283.120	595	2527	58	73	63.100	48.811	83.861	0.379	1.293	0.774	0.788
357	183	30.913	13.847	0	67	62.426	908	2527	14	23	19.869	11.727	95.285	0.590	1.694	0.590	0.810
358	2772	32.646	18.539	0	103	265.078	1248	2547	57	76	70.301	50.204	57.418	0.496	1.400	0.714	0.824
359	39	19.385	8.656	5	42	24.728	3579	2583	6	9	9.316	5.330	80.303	0.801	1.748	0.572	0.867
360	6922	29.967	17.221	0	102	427.730	48	2593	86	128	110.301	79.903	92.133	0.475	1.380	0.724	0.843
361	65	14.077	7.343	1	36	36.971	2360	2627	10	11	10.819	7.650	79.233	0.598	1.414	0.707	0.760
362	127	15.906	7.729	1	33	55.012	332	2632	16	15	16.307	9.916	37.202	0.527	1.644	0.608	0.754
363	157	20.643	9.249	0	48	57.355	1889	2643	14	18	18.859	10.599	68.358	0.600	1.779	0.562	0.775
364	21	15.381	8.261	7	43	17.314	237	2669	5	6	5.713	4.680	99.274	0.880	1.221	0.819	0.824
365	119	20.244	9.549	2	42	49.213	949	2685	11	18	15.263	9.927	83.479	0.617	1.537	0.650	0.796
366	2934	17.317	9.278	0	59	463.286	3472	2693	60	131	107.983	34.595	75.571	0.172	3.121	0.320	0.645
367	322	17.879	8.364	2	41	97.640	897	2695	17	38	34.324	11.944	107.361	0.424	2.874	0.348	0.773
368	155	23.897	10.638	3	60	61.941	2095	2729	13	19	15.424	12.795	91.586	0.508	1.205	0.830	0.767
369	4551	32.832	20.301	0	128	604.098	481	2737	54	192	156.194	37.098	84.854	0.157	4.210	0.238	0.589
370	1096	18.984	9.141	0	49	160.752	1534	2737	40	40	38.491	36.254	7.853	0.533	1.062	0.942	0.853
371	869	21.129	10.147	0	51	132.610	3353	2737	36	36	38.369	28.837	133.475	0.621	1.331	0.752	0.867
372	1484	16.850	8.051	0	45	210.108	869	2755	52	49	48.525	38.938	31.124	0.422	1.246	0.802	0.786
373	282	16.645	7.651	1	37	81.012	1204	2768	22	23	21.317	16.844	57.628	0.540	1.266	0.790	0.780
374	93	35.323	14.830	6	68	42.042	3013	2781	8	17	14.888	7.954	88.774	0.661	1.872	0.534	0.838
375	6274	26.275	14.757	0	88	412.676	1	2815	75	136	124.082	64.379	68.186	0.463	1.927	0.519	0.894
376	831	22.372	11.331	1	61	144.953	3961	2830	30	45	41.454	25.524	103.766	0.497	1.624	0.616	0.826
377	307	35.221	15.431	1	77	93.255	3257	2838	16	34	34.631	11.287	75.736	0.444	3.068	0.326	0.784
378	1207	18.213	9.023	0	47	205.037	2604	2839	32	65	65.433	23.487	76.117	0.361	2.786	0.359	0.821
379	21	16.714	7.689	1	32	23.556	804	2840	4	9	8.540	3.131	84.069	0.476	2.728	0.367	0.677
380	46	23.283	11.705	0	48	29.799	3912	2843	7	11	10.268	5.704	86.437	0.651	1.800	0.556	0.767
381	67	18.358	8.932	2	43	36.627	1161	2857	9	14	13.213	6.456	79.971	0.628	2.047	0.489	0.766
382	25	13.880	6.894	1	30	18.485	284	2862	4	7	7.645	4.164	100.727	0.919	1.836	0.545	0.943
383	16	16.312	6.172	4	29	22.385	3201	2866	7	7	7.091	2.873	51.421	0.401	2.468	0.405	0.500
384	167	35.192	12.517	3	66	54.284	3035	2872	13	19	17.181	12.376	90.505	0.712	1.388	0.720	0.863
385	398	21.101	9.792	0	47	90.669	3527	2894	24	28	25.447	19.914	94.797	0.608	1.278	0.783	0.815
386	543	18.676	9.675	0	56	108.225	3396	2897	27	33	32.070	21.558	55.620	0.583	1.488	0.672	0.843
387	3662	34.991	23.221	0	106	271.037	3879	2905	51	94	95.075	49.041	97.189	0.626	1.939	0.516	0.926
388	2758	31.629	21.198	0	120	308.149	430	2908	57	91	88.565	39.650	69.732	0.365	2.234	0.448	0.804
389	23	20.087	11.836	3	43	22.971	1606	2911	6	8	7.485	3.913	52.788	0.548	1.913	0.523	0.639
390	159	27.447	11.782	1	58	77.598	1576	2923	12	30	27.204	7.442	74.302	0.332	3.656	0.274	0.726
391	3816	20.489	10.514	0	77	324.836	1205	2927	98	72	98.076	49.540	25.337	0.454	1.980	0.505	0.819
392	1898	27.063	16.569	0	92	213.338	1332	2929	41	70	77.381	31.230	76.781	0.524	2.478	0.404	0.871
393	31	15.806	9.389	1	39	23.899	268	2934	4	10	10.663	3.702	83.261	0.682	2.881	0.347	0.873
394	1242	24.609	12.196	0	67	164.468	3103	2960	52	39	55.029	28.737	31.627	0.577	1.915	0.522	0.879
395	92	15.043	7.685	1	35	44.284	1514	2970	12	14	12.490	9.378	112.810	0.590	1.332	0.751	0.754
396	146	28.390	11.009	3	63	57.355	3389	2975	11	23	21.990	8.454	79.861	0.558	2.601	0.384	0.800
