 	Area	Mean	StdDev	Min	Max	Perim.	BX	BY	Width	Height	Major	Minor	Angle	Circ.	AR	Round	Solidity
1	2276	51.610	28.412	2	154	300.936	1087	1	75	65	65.455	44.273	58.804	0.316	1.478	0.676	0.675
2	19	36.526	10.216	22	56	29.899	2519	1	14	2	13.438	1.800	178.878	0.267	7.465	0.134	0.731
3	1393	28.523	12.987	0	65	208.510	2841	1	55	44	49.685	35.698	5.980	0.403	1.392	0.718	0.800
4	111	55.685	19.359	10	108	56.627	2959	1	25	7	23.546	6.002	1.306	0.435	3.923	0.255	0.835
5	379	36.657	19.715	2	90	134.711	2983	1	36	26	28.145	17.146	162.540	0.262	1.642	0.609	0.586
6	3290	40.504	25.312	1	133	382.149	3127	1	112	40	110.878	37.780	178.352	0.283	2.935	0.341	0.873
7	464	19.573	8.771	0	45	98.326	3432	1	28	24	25.982	22.738	169.908	0.603	1.143	0.875	0.854
8	1777	30.909	13.152	2	71	195.338	3463	1	67	40	59.751	37.866	168.231	0.585	1.578	0.634	0.908
9	75	41.693	11.165	11	65	32.142	2293	8	10	9	10.326	9.248	171.970	0.912	1.117	0.896	0.926
10	896	31.922	15.186	1	86	140.610	354	9	38	39	39.115	29.166	132.637	0.569	1.341	0.746	0.844
11	16	17.812	7.901	2	31	18.142	2615	10	7	4	6.665	3.056	175.555	0.611	2.181	0.459	0.696
12	1293	28.398	12.427	0	67	164.167	2083	23	49	40	49.892	32.997	149.698	0.603	1.512	0.661	0.890
13	68	61.235	17.944	34	100	34.627	493	24	14	8	13.289	6.515	169.757	0.713	2.040	0.490	0.829
14	1053	61.295	31.700	1	134	146.125	3764	26	46	35	43.879	30.555	170.407	0.620	1.436	0.696	0.850
15	72	60.389	16.817	16	91	32.971	1506	30	12	8	12.188	7.522	154.101	0.832	1.620	0.617	0.911
16	1053	40.617	17.588	2	88	160.752	1183	32	49	39	41.977	31.940	13.594	0.512	1.314	0.761	0.786
17	510	48.184	19.655	4	107	101.154	2439	33	38	19	37.411	17.357	179.758	0.626	2.155	0.464	0.877
18	118	24.644	11.988	5	57	48.284	3532	44	14	14	13.901	10.808	156.194	0.636	1.286	0.778	0.800
19	16	19.938	10.748	9	45	17.314	3395	56	7	4	5.699	3.575	27.265	0.671	1.594	0.627	0.727
20	29	30.345	12.433	11	51	20.971	700	57	7	7	6.559	5.630	57.587	0.829	1.165	0.858	0.784
21	693	56.821	23.912	5	119	134.811	3360	69	53	23	49.633	17.778	12.055	0.479	2.792	0.358	0.842
22	335	48.078	28.055	1	104	73.598	2564	72	21	21	21.419	19.914	103.931	0.777	1.076	0.930	0.903
23	23	22.000	11.970	6	47	17.899	26	73	6	5	6.334	4.623	154.279	0.902	1.370	0.730	0.868
24	425	31.207	13.159	4	76	84.912	302	73	26	25	25.098	21.560	164.604	0.741	1.164	0.859	0.876
25	33	35.030	14.458	11	64	24.142	376	77	10	5	9.182	4.576	4.464	0.711	2.007	0.498	0.815
26	24	27.958	10.465	8	57	20.728	3460	81	8	5	7.259	4.210	171.140	0.702	1.724	0.580	0.750
27	2276	44.872	23.142	0	122	233.037	2155	90	76	45	71.931	40.287	179.115	0.527	1.785	0.560	0.835
28	51	30.353	11.155	6	54	26.971	1029	95	10	7	9.723	6.679	174.885	0.881	1.456	0.687	0.864
29	1231	57.608	31.742	2	146	142.024	203	96	38	45	44.239	35.430	115.017	0.767	1.249	0.801	0.915
30	5932	30.874	18.113	0	99	396.375	3747	104	131	74	119.622	63.139	178.967	0.474	1.895	0.528	0.848
31	726	15.760	8.101	0	52	136.510	2816	109	30	37	36.749	25.154	116.911	0.490	1.461	0.684	0.812
32	2008	41.376	19.846	0	112	229.622	1633	112	76	50	80.410	31.795	160.638	0.479	2.529	0.395	0.779
33	72	39.347	14.271	4	73	33.799	3218	115	12	9	11.106	8.254	0.942	0.792	1.346	0.743	0.837
34	5531	30.464	15.217	0	79	357.747	3620	118	83	103	101.320	69.506	64.248	0.543	1.458	0.686	0.900
35	85	47.659	17.590	1	90	39.456	2858	119	14	10	13.201	8.199	179.339	0.686	1.610	0.621	0.783
36	371	32.229	15.208	1	79	95.740	2482	121	34	18	33.556	14.077	14.821	0.509	2.384	0.420	0.817
37	205	29.683	12.646	3	72	57.355	3720	127	19	16	18.588	14.042	153.861	0.783	1.324	0.755	0.880
38	448	40.386	18.212	1	80	97.640	3950	130	36	23	35.286	16.165	158.245	0.591	2.183	0.458	0.859
39	2783	50.877	32.288	2	180	232.108	3506	132	72	62	71.284	49.709	141.670	0.649	1.434	0.697	0.903
40	76	14.711	6.811	0	31	35.456	1441	133	10	12	11.704	8.268	76.596	0.760	1.416	0.706	0.817
41	18	16.500	8.024	7	30	15.899	804	136	5	5	5.183	4.422	126.551	0.895	1.172	0.853	0.837
42	135	14.370	8.306	1	37	81.255	3333	138	17	18	15.183	11.321	24.437	0.257	1.341	0.746	0.586
43	2593	49.443	30.975	0	144	216.794	1971	146	55	65	63.935	51.639	103.596	0.693	1.238	0.808	0.914
44	456	21.024	10.442	0	55	110.468	2592	154	34	24	29.593	19.619	171.547	0.470	1.508	0.663	0.776
45	85	12.953	7.061	2	28	47.456	462	156	16	11	14.374	7.529	16.820	0.474	1.909	0.524	0.683
46	2758	30.916	15.990	0	88	279.806	933	157	76	75	83.086	42.265	49.827	0.443	1.966	0.509	0.748
47	88	37.682	14.146	7	67	38.627	1402	160	15	9	14.864	7.538	10.759	0.741	1.972	0.507	0.838
48	61	43.361	12.918	18	73	32.971	260	164	13	7	13.647	5.691	11.724	0.705	2.398	0.417	0.859
49	25	14.120	7.055	2	30	21.556	3292	164	8	6	7.329	4.343	27.543	0.676	1.687	0.593	0.704
50	80	18.337	9.695	1	47	37.799	2422	165	11	12	11.859	8.590	62.652	0.704	1.381	0.724	0.796
51	43	17.233	8.292	3	32	26.728	3286	168	7	9	9.662	5.666	126.631	0.756	1.705	0.586	0.843
52	65	32.262	14.379	2	64	30.728	1510	172	10	8	10.894	7.597	164.879	0.865	1.434	0.697	0.915
53	2543	41.936	21.616	1	115	276.392	2237	172	59	79	71.470	45.303	74.474	0.418	1.578	0.634	0.786
54	1859	46.270	22.888	2	132	200.752	2733	178	62	44	56.648	41.783	177.587	0.580	1.356	0.738	0.866
55	18	26.111	10.174	7	42	17.314	1359	184	7	4	6.647	3.448	10.236	0.755	1.928	0.519	0.818
56	201	18.682	9.508	1	50	85.983	457	201	24	20	21.513	11.896	140.449	0.342	1.808	0.553	0.643
57	1149	67.648	35.759	2	175	139.782	540	202	47	38	46.250	31.632	31.095	0.739	1.462	0.684	0.908
58	50	56.200	15.388	23	87	27.556	1127	203	11	6	10.691	5.955	178.640	0.827	1.796	0.557	0.885
59	64	53.516	14.786	20	82	31.213	1213	204	11	9	9.994	8.153	166.503	0.825	1.226	0.816	0.837
60	387	60.922	25.546	4	116	91.841	2564	208	35	17	35.797	13.765	9.272	0.577	2.601	0.385	0.861
61	532	41.374	21.708	1	111	141.782	1942	212	53	20	43.428	15.597	174.914	0.333	2.784	0.359	0.712
62	148	34.203	12.485	3	65	50.527	1550	216	17	15	16.311	11.553	21.402	0.728	1.412	0.708	0.820
63	17	35.471	12.309	12	57	16.142	3311	218	6	5	5.690	3.804	175.848	0.820	1.496	0.669	0.739
64	317	43.678	20.295	4	95	73.012	3536	218	25	18	23.570	17.124	178.680	0.747	1.376	0.727	0.883
65	28	27.500	11.207	5	44	21.314	2985	223	8	5	8.401	4.244	24.131	0.775	1.980	0.505	0.862
66	222	25.293	11.676	0	58	78.669	329	236	29	16	25.479	11.094	18.232	0.451	2.297	0.435	0.728
67	1687	35.215	16.396	2	91	224.593	738	238	60	50	51.071	42.058	177.959	0.420	1.214	0.824	0.834
68	21	19.476	8.801	5	36	21.314	3409	238	4	9	9.854	2.713	108.021	0.581	3.632	0.275	0.792
69	158	46.658	14.936	6	84	48.870	3609	238	15	15	14.495	13.879	177.717	0.831	1.044	0.957	0.875
70	18	30.167	8.396	21	51	18.728	2993	244	8	4	6.451	3.553	8.755	0.645	1.816	0.551	0.735
71	1517	33.097	15.873	1	87	190.551	683	248	42	54	53.500	36.103	112.798	0.525	1.482	0.675	0.857
72	351	46.276	17.182	7	95	82.083	2746	248	21	24	24.328	18.370	117.458	0.655	1.324	0.755	0.839
73	218	56.271	21.093	9	107	64.426	3112	248	23	17	22.092	12.564	22.123	0.660	1.758	0.569	0.834
74	294	24.969	12.509	1	70	123.782	974	255	26	27	20.376	18.372	118.087	0.241	1.109	0.902	0.587
75	16	28.250	8.567	8	43	15.899	1044	258	6	4	5.632	3.617	176.302	0.795	1.557	0.642	0.821
76	37	25.243	7.819	9	38	21.899	143	259	7	6	7.924	5.945	29.892	0.969	1.333	0.750	0.937
77	51	15.118	7.901	1	34	32.627	724	259	12	9	11.473	5.660	152.807	0.602	2.027	0.493	0.713
78	93	28.882	10.730	7	55	44.284	1937	261	16	11	14.446	8.197	19.307	0.596	1.762	0.567	0.747
79	19	32.947	10.453	10	51	15.899	833	268	6	4	5.654	4.278	11.577	0.944	1.322	0.757	0.884
80	32	36.375	15.172	8	64	21.314	3803	270	8	5	8.395	4.853	176.636	0.885	1.730	0.578	0.901
81	100	46.020	16.919	6	80	45.113	1848	276	17	10	16.797	7.580	176.141	0.617	2.216	0.451	0.781
82	2647	22.571	10.425	0	62	252.149	3925	280	66	67	64.785	52.022	116.666	0.523	1.245	0.803	0.860
83	19	15.421	8.342	5	36	17.314	3213	281	6	5	5.394	4.485	170.127	0.796	1.203	0.831	0.792
84	594	46.251	19.837	1	106	116.468	3106	286	43	24	41.272	18.325	16.941	0.550	2.252	0.444	0.828
85	63	88.952	27.326	24	142	31.213	1332	287	13	7	12.092	6.634	8.710	0.813	1.823	0.549	0.863
86	2355	33.707	17.150	0	93	242.492	1959	288	73	58	79.065	37.924	32.699	0.503	2.085	0.480	0.870
87	174	56.799	16.272	12	97	55.355	2726	289	17	17	15.942	13.897	95.043	0.714	1.147	0.872	0.839
88	2025	52.152	33.074	1	175	216.794	152	291	69	56	75.698	34.060	143.603	0.541	2.222	0.450	0.853
89	1272	63.937	31.010	2	140	236.836	427	306	52	49	43.068	37.605	134.579	0.285	1.145	0.873	0.696
90	55	29.164	13.872	7	57	35.213	1236	307	14	6	12.885	5.435	179.031	0.557	2.371	0.422	0.775
91	4346	39.214	19.292	0	102	302.434	3057	313	86	80	79.770	69.369	19.200	0.597	1.150	0.870	0.894
92	1988	41.085	23.790	0	131	350.132	195	314	93	82	63.884	39.622	46.775	0.204	1.612	0.620	0.522
93	213	72.484	25.248	8	125	57.941	1883	316	21	15	18.973	14.294	7.614	0.797	1.327	0.753	0.873
94	22469	29.579	22.294	0	127	926.431	2885	323	212	187	180.323	158.651	53.202	0.329	1.137	0.880	0.807
95	29	27.000	8.928	11	44	22.142	3884	325	8	6	7.726	4.779	14.642	0.743	1.616	0.619	0.773
96	45	77.089	17.208	21	113	25.314	2021	335	9	6	9.692	5.912	179.071	0.882	1.639	0.610	0.909
97	145	45.814	13.823	10	75	48.870	384	338	15	14	14.463	12.765	10.576	0.763	1.133	0.883	0.855
98	157	35.032	14.120	1	72	55.113	1212	338	18	16	19.666	10.165	38.004	0.650	1.935	0.517	0.783
99	89	35.966	14.875	4	76	44.284	3333	342	10	16	14.809	7.652	90.613	0.570	1.935	0.517	0.733
100	449	50.659	18.854	7	100	93.397	591	345	32	21	32.048	17.838	165.583	0.647	1.797	0.557	0.863
101	91	16.286	7.933	2	39	56.184	3569	347	16	11	13.768	8.415	162.961	0.362	1.636	0.611	0.623
102	73	31.370	12.257	6	56	38.627	3921	347	14	10	13.929	6.673	32.378	0.615	2.088	0.479	0.789
103	117	36.179	13.176	8	70	45.113	2201	348	17	12	16.399	9.084	150.455	0.722	1.805	0.554	0.824
104	82	46.366	12.766	2	72	36.042	1655	350	12	11	12.003	8.699	139.298	0.793	1.380	0.725	0.832
105	3477	31.452	15.023	1	80	309.505	1365	352	79	81	87.337	50.690	139.106	0.456	1.723	0.580	0.829
106	63	35.651	14.953	4	67	33.213	1085	353	13	8	12.515	6.410	157.593	0.718	1.953	0.512	0.813
107	30	33.867	11.758	11	56	20.142	3144	362	7	6	7.480	5.107	159.419	0.929	1.465	0.683	0.833
108	34	37.059	13.837	14	63	22.142	3711	362	8	6	7.415	5.838	170.557	0.871	1.270	0.787	0.840
109	80	29.350	10.516	6	55	40.627	3209	363	13	11	11.686	8.717	26.805	0.609	1.341	0.746	0.755
110	86	29.663	11.591	3	58	41.698	62	364	14	12	11.611	9.430	161.531	0.622	1.231	0.812	0.751
111	17	19.235	7.878	7	33	15.314	3841	369	6	4	6.177	3.504	172.204	0.911	1.763	0.567	0.829
112	80	12.713	6.662	1	32	40.042	95	370	11	12	11.355	8.971	74.605	0.627	1.266	0.790	0.780
113	676	47.564	26.387	2	132	127.196	2300	377	45	28	40.293	21.361	21.894	0.525	1.886	0.530	0.824
114	814	45.999	24.016	1	148	122.225	1305	378	35	36	37.641	27.534	127.620	0.685	1.367	0.732	0.869
115	69	16.188	6.479	4	32	38.042	2868	385	14	10	11.773	7.462	22.021	0.599	1.578	0.634	0.719
116	2103	28.755	13.557	1	79	229.865	3451	387	77	53	73.836	36.265	149.238	0.500	2.036	0.491	0.822
117	84	63.667	15.278	9	94	34.627	2272	390	11	10	10.741	9.958	163.887	0.880	1.079	0.927	0.880
118	228	24.746	13.202	0	59	71.841	1161	391	25	19	27.375	10.604	32.494	0.555	2.582	0.387	0.789
119	145	21.076	10.424	1	48	53.941	439	408	18	15	19.671	9.385	34.467	0.626	2.096	0.477	0.786
120	555	54.856	25.026	2	117	94.326	3678	412	26	28	28.136	25.115	118.777	0.784	1.120	0.893	0.906
121	17	13.235	8.570	0	25	17.314	3451	415	6	5	5.660	3.824	153.465	0.713	1.480	0.676	0.756
122	110	34.745	15.781	4	71	51.355	2565	420	20	10	18.764	7.464	164.616	0.524	2.514	0.398	0.775
123	175	21.697	11.199	1	56	56.527	2589	420	18	15	17.240	12.925	1.662	0.688	1.334	0.750	0.833
124	27	37.704	11.648	15	52	23.556	714	422	10	5	9.801	3.508	159.465	0.611	2.794	0.358	0.761
125	61	46.541	15.189	3	75	32.627	3889	424	12	8	11.513	6.746	12.437	0.720	1.706	0.586	0.797
126	172	20.256	9.531	1	47	69.841	3351	425	17	19	16.554	13.229	84.043	0.443	1.251	0.799	0.709
127	6817	35.613	18.398	0	118	542.299	3060	434	140	95	135.159	64.218	33.363	0.291	2.105	0.475	0.742
128	135	73.333	26.879	6	134	50.870	1229	440	19	10	17.253	9.962	3.077	0.656	1.732	0.577	0.860
129	40	56.700	17.940	13	85	22.728	1071	444	8	6	8.312	6.127	171.800	0.973	1.357	0.737	0.920
130	631	26.255	12.968	0	73	117.640	2543	444	40	27	39.792	20.190	24.499	0.573	1.971	0.507	0.847
131	342	55.494	24.569	2	129	115.640	581	446	45	17	40.388	10.782	8.324	0.321	3.746	0.267	0.675
132	522	17.852	9.075	0	51	124.024	1026	446	33	27	29.136	22.811	152.138	0.426	1.277	0.783	0.789
133	514	46.819	18.617	4	103	100.669	1677	455	34	19	35.341	18.518	5.379	0.637	1.908	0.524	0.892
134	39	54.308	16.691	17	97	24.728	3555	457	9	6	8.802	5.642	6.694	0.801	1.560	0.641	0.857
135	79	33.367	12.661	5	58	36.627	3734	465	12	10	11.722	8.581	154.941	0.740	1.366	0.732	0.827
136	238	31.853	14.799	3	93	62.770	2125	473	20	18	19.969	15.175	147.543	0.759	1.316	0.760	0.864
137	316	29.557	12.696	1	69	76.426	255	477	24	22	20.693	19.444	13.053	0.680	1.064	0.940	0.843
138	47	25.894	12.805	4	61	29.456	3338	482	11	9	11.045	5.418	144.614	0.681	2.039	0.491	0.740
139	262	68.851	24.766	5	132	68.184	3760	484	26	15	25.817	12.921	175.487	0.708	1.998	0.500	0.868
140	31	43.323	17.046	14	75	22.971	634	490	9	6	9.704	4.067	157.992	0.738	2.386	0.419	0.795
141	30	36.800	6.880	20	53	21.314	3464	500	8	5	8.121	4.704	176.784	0.830	1.726	0.579	0.882
142	35	54.571	16.830	5	86	22.728	3610	506	9	5	8.911	5.001	15.142	0.851	1.782	0.561	0.897
143	1030	32.814	13.428	2	84	143.681	901	508	47	35	42.682	30.725	3.186	0.627	1.389	0.720	0.868
144	128	20.578	9.132	3	45	47.698	682	509	16	14	14.022	11.623	26.039	0.707	1.206	0.829	0.795
145	18	22.111	12.466	8	50	21.899	177	512	9	4	7.143	3.209	177.566	0.472	2.226	0.449	0.692
146	147	43.993	17.204	1	76	55.113	2970	517	17	13	15.735	11.895	1.267	0.608	1.323	0.756	0.826
147	92	33.565	12.992	2	60	40.284	2777	522	14	10	12.873	9.100	163.026	0.712	1.415	0.707	0.821
148	487	26.727	17.057	1	84	89.154	460	543	28	27	25.845	23.991	172.104	0.770	1.077	0.928	0.885
149	100	34.670	13.231	7	63	38.870	1095	552	13	12	13.273	9.593	137.895	0.832	1.384	0.723	0.847
150	1516	49.803	25.815	0	124	186.409	2712	557	57	42	51.292	37.632	9.388	0.548	1.363	0.734	0.870
151	1813	58.538	29.525	3	165	225.279	542	559	71	54	73.178	31.545	143.785	0.449	2.320	0.431	0.785
152	5133	45.849	33.186	0	160	338.534	2112	560	110	76	101.658	64.289	2.356	0.563	1.581	0.632	0.859
153	19	25.158	14.554	7	53	20.142	3986	560	7	6	7.479	3.235	35.987	0.589	2.312	0.433	0.679
154	18	25.111	9.126	13	37	15.314	3470	569	5	5	5.190	4.416	116.427	0.965	1.175	0.851	0.857
155	1119	68.371	37.794	1	176	138.953	3505	570	50	31	49.954	28.521	179.232	0.728	1.751	0.571	0.918
156	643	46.661	24.846	0	103	107.054	325	571	30	33	34.473	23.749	53.938	0.705	1.452	0.689	0.883
157	813	58.426	31.333	0	144	139.397	3408	573	53	25	51.481	20.107	6.663	0.526	2.560	0.391	0.822
158	265	39.600	17.877	3	88	76.770	1348	582	29	14	28.439	11.864	173.507	0.565	2.397	0.417	0.835
159	35	62.200	14.052	33	84	22.728	621	584	9	5	8.472	5.260	173.110	0.851	1.610	0.621	0.886
160	17	29.294	14.861	2	59	16.728	3029	584	6	5	5.198	4.164	144.943	0.763	1.248	0.801	0.773
161	4467	30.284	15.478	0	86	365.889	1372	593	90	89	84.339	67.437	152.680	0.419	1.251	0.800	0.819
162	3194	34.771	18.811	1	104	380.090	3916	600	83	70	81.283	50.032	28.063	0.278	1.625	0.616	0.736
163	23	34.696	14.714	11	57	18.142	3666	607	7	5	7.336	3.992	169.287	0.878	1.838	0.544	0.807
164	1796	31.381	13.969	0	81	215.865	424	608	55	58	67.125	34.067	126.186	0.484	1.970	0.508	0.858
165	20	14.800	6.534	5	28	22.971	565	609	7	7	5.803	4.389	116.565	0.476	1.322	0.756	0.597
166	80	68.237	26.848	4	114	40.042	1346	611	17	7	16.637	6.122	1.613	0.627	2.717	0.368	0.812
167	18	26.167	12.401	2	48	18.728	274	614	8	4	7.110	3.223	3.857	0.645	2.206	0.453	0.750
168	4093	34.948	19.388	0	103	295.806	3412	615	93	66	88.526	58.868	15.910	0.588	1.504	0.665	0.894
169	933	28.310	11.909	2	66	135.681	3005	623	43	37	36.923	32.173	23.250	0.637	1.148	0.871	0.864
170	81	11.136	5.634	1	27	40.870	1238	630	10	14	14.167	7.280	65.793	0.609	1.946	0.514	0.779
171	178	33.640	14.608	4	74	56.184	3085	630	19	14	19.242	11.778	18.473	0.709	1.634	0.612	0.840
172	1442	38.633	25.110	0	122	170.652	2463	631	59	38	53.014	34.632	173.642	0.622	1.531	0.653	0.881
173	41	17.854	8.665	2	41	29.213	3589	632	10	9	9.729	5.365	137.283	0.604	1.813	0.551	0.701
174	75	42.653	19.927	5	83	34.971	3551	635	14	7	13.894	6.873	10.548	0.771	2.022	0.495	0.898
175	31	26.129	8.290	5	39	23.799	3572	636	8	8	7.366	5.359	62.368	0.688	1.375	0.728	0.713
176	68	52.206	18.153	6	83	30.971	519	638	11	8	10.939	7.915	171.863	0.891	1.382	0.723	0.889
177	351	35.698	15.103	2	75	84.912	1800	638	24	26	24.505	18.237	62.276	0.612	1.344	0.744	0.809
178	33	26.697	12.481	4	48	21.314	1	644	7	6	7.368	5.702	12.356	0.913	1.292	0.774	0.904
179	87	14.299	6.547	0	33	80.083	1270	656	12	24	18.005	6.152	81.240	0.170	2.927	0.342	0.445
180	95	39.442	18.212	1	76	42.042	3300	658	16	10	15.508	7.800	164.021	0.675	1.988	0.503	0.809
181	107	37.019	13.395	6	63	41.456	157	663	13	13	12.320	11.058	118.553	0.782	1.114	0.898	0.839
182	884	31.321	13.332	1	73	126.953	2027	663	37	35	36.976	30.440	36.626	0.689	1.215	0.823	0.889
183	24	31.917	11.762	15	50	18.142	1850	674	7	5	6.836	4.470	8.738	0.916	1.529	0.654	0.828
184	22	40.773	10.277	22	63	18.142	19	681	7	5	6.648	4.213	18.146	0.840	1.578	0.634	0.815
185	40	12.425	7.031	1	29	42.042	1272	681	9	12	10.176	5.005	53.873	0.284	2.033	0.492	0.556
186	41	25.146	8.745	2	47	23.556	777	685	8	7	7.790	6.702	174.191	0.928	1.162	0.860	0.863
187	82	34.573	16.146	5	72	41.456	3850	688	15	9	14.100	7.404	18.225	0.600	1.904	0.525	0.763
188	92	51.946	18.098	5	86	37.213	2912	690	13	9	13.266	8.830	8.321	0.835	1.502	0.666	0.893
189	71	27.155	14.302	2	67	50.042	714	694	20	10	17.912	5.047	158.802	0.356	3.549	0.282	0.612
190	1075	61.650	28.164	2	148	172.610	1980	696	54	41	42.180	32.450	8.139	0.453	1.300	0.769	0.731
191	1108	56.713	32.445	0	155	158.995	2822	697	52	40	52.024	27.117	34.753	0.551	1.918	0.521	0.826
192	712	28.195	14.347	1	74	144.368	1400	700	53	24	45.684	19.844	176.279	0.429	2.302	0.434	0.816
193	32	30.625	9.452	17	51	22.142	729	710	8	6	7.514	5.422	17.850	0.820	1.386	0.722	0.821
194	335	48.472	27.907	4	130	112.225	1947	712	28	29	29.537	14.440	128.292	0.334	2.045	0.489	0.600
195	166	44.223	14.927	10	80	52.284	2531	714	17	14	16.397	12.890	172.442	0.763	1.272	0.786	0.871
196	181	16.017	7.626	2	39	74.426	1234	716	16	20	17.849	12.911	67.596	0.411	1.382	0.723	0.733
197	42	13.381	5.530	4	27	36.627	2664	719	8	12	9.634	5.551	106.368	0.393	1.735	0.576	0.618
198	4411	41.657	23.882	1	132	344.333	507	720	108	67	98.757	56.870	167.507	0.468	1.737	0.576	0.827
199	546	56.454	28.917	2	134	145.539	2608	727	56	23	42.479	16.365	11.432	0.324	2.596	0.385	0.675
200	83	31.590	11.167	8	52	36.627	1493	734	13	10	11.582	9.124	165.135	0.777	1.269	0.788	0.851
201	147	34.483	13.055	4	69	54.527	810	741	20	11	20.144	9.291	176.009	0.621	2.168	0.461	0.805
202	325	36.194	13.496	5	69	79.255	2434	741	26	19	27.103	15.268	17.367	0.650	1.775	0.563	0.852
203	314	50.831	17.547	2	110	78.669	418	742	26	17	25.824	15.481	176.994	0.638	1.668	0.599	0.860
204	23	29.261	10.172	10	44	17.899	1637	746	6	5	6.239	4.694	169.548	0.902	1.329	0.752	0.885
205	28	36.571	9.762	12	50	20.142	3347	749	7	6	6.960	5.122	170.737	0.867	1.359	0.736	0.812
206	91	33.571	9.126	12	57	37.799	202	755	12	11	12.353	9.380	0.362	0.800	1.317	0.759	0.847
207	16	9.875	4.603	2	18	15.899	2606	758	5	5	4.890	4.166	101.240	0.795	1.174	0.852	0.780
208	810	27.947	12.210	0	64	147.823	933	762	49	29	46.455	22.200	18.547	0.466	2.093	0.478	0.847
209	1254	47.995	24.131	2	122	182.652	1609	765	57	43	48.567	32.875	21.644	0.472	1.477	0.677	0.787
210	110	48.127	16.351	5	78	44.284	401	769	16	11	15.325	9.139	176.291	0.705	1.677	0.596	0.809
211	54	41.296	15.345	5	76	31.556	3440	769	12	7	12.216	5.628	165.841	0.681	2.170	0.461	0.818
212	1621	25.327	12.622	1	80	202.794	1346	774	47	54	50.960	40.501	89.314	0.495	1.258	0.795	0.842
213	1019	65.110	33.160	1	164	212.995	3548	786	65	44	50.404	25.741	16.359	0.282	1.958	0.511	0.554
214	23	19.522	9.834	7	40	23.556	3519	793	10	5	9.228	3.173	161.459	0.521	2.908	0.344	0.719
215	249	44.783	23.577	4	94	72.912	82	795	27	20	26.681	11.883	34.218	0.589	2.245	0.445	0.784
216	73	26.603	12.549	2	55	36.627	765	798	9	14	11.766	7.899	102.036	0.684	1.490	0.671	0.798
217	111	13.568	7.194	1	32	60.184	3002	801	20	11	19.119	7.392	166.312	0.385	2.586	0.387	0.679
218	38	35.553	11.857	8	57	24.971	2821	802	10	6	8.914	5.428	10.531	0.766	1.642	0.609	0.809
219	7721	41.073	28.048	0	143	450.659	201	803	128	103	116.927	84.075	152.877	0.478	1.391	0.719	0.814
220	31	21.742	8.656	5	42	24.728	2465	810	9	6	7.496	5.265	13.934	0.637	1.424	0.702	0.747
221	35	19.343	8.426	7	35	22.971	1075	814	9	6	7.829	5.692	4.211	0.834	1.375	0.727	0.833
222	716	23.017	10.420	0	51	143.095	520	824	36	32	33.391	27.302	156.826	0.439	1.223	0.818	0.791
223	749	44.813	20.427	1	96	125.882	3353	838	48	24	45.080	21.155	178.129	0.594	2.131	0.469	0.876
224	37	31.757	16.249	2	56	23.314	2905	840	8	6	8.642	5.451	18.941	0.855	1.585	0.631	0.892
225	30	17.000	9.063	5	35	22.971	2197	841	9	6	9.143	4.178	154.802	0.714	2.189	0.457	0.741
226	103	38.524	17.406	4	79	41.113	1041	848	13	14	12.150	10.794	84.837	0.766	1.126	0.888	0.808
227	215	54.540	24.697	7	136	66.426	1855	848	25	16	19.528	14.018	179.083	0.612	1.393	0.718	0.810
228	1503	37.957	20.118	1	92	198.995	1941	859	74	34	73.543	26.021	9.850	0.477	2.826	0.354	0.839
229	238	54.563	20.884	4	106	67.841	1497	861	25	16	24.081	12.584	21.560	0.650	1.914	0.523	0.848
230	64	39.984	17.156	5	73	35.799	3618	862	15	7	14.719	5.536	12.300	0.628	2.659	0.376	0.805
231	21	21.667	9.666	6	42	16.485	2167	870	5	5	6.101	4.383	127.982	0.971	1.392	0.718	0.913
232	36	44.278	14.396	2	71	24.142	2355	874	8	7	8.309	5.517	24.922	0.776	1.506	0.664	0.818
233	59	48.102	14.548	17	89	30.971	409	879	11	7	10.620	7.073	1.321	0.773	1.501	0.666	0.861
234	198	44.576	20.333	2	88	60.527	2291	883	21	15	19.322	13.047	14.141	0.679	1.481	0.675	0.837
235	1031	24.282	12.177	0	65	149.681	1200	887	38	45	40.438	32.462	107.808	0.578	1.246	0.803	0.852
236	58	54.897	19.430	8	86	33.456	2037	887	13	8	11.745	6.288	14.734	0.651	1.868	0.535	0.768
237	1070	39.702	22.407	1	102	151.196	3723	887	51	31	50.036	27.228	9.155	0.588	1.838	0.544	0.854
238	16	29.812	9.239	17	47	15.314	3835	890	6	4	5.482	3.716	19.149	0.857	1.475	0.678	0.821
239	73	60.178	15.445	22	94	33.213	318	898	10	10	10.803	8.604	40.963	0.832	1.256	0.796	0.864
240	473	27.233	11.642	3	67	85.841	1328	904	28	24	26.522	22.708	6.044	0.807	1.168	0.856	0.902
241	9097	34.236	21.885	0	133	451.487	2960	905	118	108	117.028	98.973	19.429	0.561	1.182	0.846	0.905
242	25	39.640	16.291	8	69	19.314	3382	911	7	5	7.887	4.036	26.736	0.842	1.954	0.512	0.862
243	1033	46.225	21.648	2	110	146.752	2492	912	42	40	41.309	31.840	28.649	0.603	1.297	0.771	0.848
244	18	12.389	5.293	3	22	22.728	1584	915	6	6	6.292	3.642	126.331	0.438	1.728	0.579	0.610
245	256	32.059	11.791	4	66	63.355	535	916	21	18	19.889	16.388	172.641	0.801	1.214	0.824	0.872
246	513	60.456	28.500	0	131	97.983	1052	923	37	23	34.996	18.664	159.707	0.671	1.875	0.533	0.869
247	89	24.989	11.029	1	50	40.870	3834	927	11	13	12.177	9.306	98.920	0.670	1.308	0.764	0.777
248	2244	31.455	17.265	1	105	252.250	2688	934	90	42	83.453	34.237	173.454	0.443	2.438	0.410	0.826
249	454	42.297	20.721	2	101	89.841	534	937	25	24	24.817	23.293	27.939	0.707	1.065	0.939	0.892
250	32	54.250	16.739	18	89	21.556	2061	939	8	6	7.571	5.381	168.428	0.865	1.407	0.711	0.831
251	513	50.101	22.763	1	116	118.225	635	941	44	21	45.057	14.497	169.907	0.461	3.108	0.322	0.733
252	31	18.581	8.140	2	32	33.213	134	943	12	7	11.123	3.549	20.781	0.353	3.134	0.319	0.549
253	283	40.424	15.104	2	80	69.598	3631	945	24	18	23.415	15.389	167.201	0.734	1.522	0.657	0.863
254	34	25.588	6.031	13	39	23.314	2095	949	9	5	9.193	4.709	174.501	0.786	1.952	0.512	0.861
255	817	20.960	9.599	0	55	145.095	143	957	37	34	34.454	30.192	41.219	0.488	1.141	0.876	0.848
256	17	26.000	10.954	8	44	15.899	2889	965	6	4	5.384	4.020	163.670	0.845	1.339	0.747	0.829
257	1682	45.811	24.831	0	119	244.108	1863	971	88	45	77.787	27.531	16.183	0.355	2.825	0.354	0.713
258	1229	49.937	23.118	2	113	145.681	3798	975	48	40	47.759	32.764	31.023	0.728	1.458	0.686	0.915
259	18	13.833	8.133	4	30	20.142	2816	977	5	7	6.203	3.694	105.306	0.558	1.679	0.596	0.655
260	20	20.150	11.722	5	44	17.556	2408	979	6	6	5.489	4.640	98.188	0.815	1.183	0.845	0.769
261	131	25.748	12.115	3	49	43.698	6	981	15	13	13.996	11.917	173.378	0.862	1.174	0.851	0.868
262	85	43.306	15.362	1	88	35.456	3335	983	12	11	11.617	9.316	32.623	0.850	1.247	0.802	0.859
263	2634	32.347	16.390	1	93	239.179	1614	985	69	67	60.067	55.833	33.588	0.579	1.076	0.930	0.854
264	345	20.841	10.277	1	56	93.397	2667	985	19	31	27.230	16.132	96.511	0.497	1.688	0.592	0.803
265	228	14.281	7.048	1	33	77.255	1465	990	25	15	20.958	13.851	178.430	0.480	1.513	0.661	0.765
266	181	30.387	12.131	1	67	56.527	814	993	18	16	17.341	13.290	144.110	0.712	1.305	0.766	0.836
267	1814	22.044	10.759	0	63	212.208	558	994	43	64	60.218	38.355	77.535	0.506	1.570	0.637	0.873
268	1221	37.248	17.885	3	110	161.054	1	1004	29	60	57.037	27.256	81.870	0.592	2.093	0.478	0.911
269	103	46.233	18.457	2	78	48.284	3685	1005	18	10	17.706	7.407	13.007	0.555	2.390	0.418	0.772
270	122	18.852	8.825	1	45	52.870	2629	1016	19	11	17.707	8.772	177.590	0.548	2.019	0.495	0.753
271	240	91.237	27.262	20	154	61.012	74	1020	20	19	20.417	14.967	135.820	0.810	1.364	0.733	0.884
272	481	54.973	25.688	1	117	104.468	1225	1022	32	31	36.860	16.615	53.588	0.554	2.218	0.451	0.822
273	47	38.596	14.379	8	64	26.385	3910	1029	9	8	9.972	6.001	28.545	0.848	1.662	0.602	0.847
274	1900	36.343	18.953	0	105	209.622	3177	1030	74	42	69.003	35.059	9.848	0.543	1.968	0.508	0.875
275	95	44.442	13.718	5	75	40.385	3413	1031	14	10	12.964	9.330	160.222	0.732	1.389	0.720	0.856
276	64	13.906	8.098	1	37	54.527	2986	1032	15	11	12.842	6.345	8.633	0.271	2.024	0.494	0.542
277	132	46.280	19.255	6	82	44.042	438	1034	16	11	15.804	10.635	178.542	0.855	1.486	0.673	0.895
278	791	31.661	15.627	0	88	150.510	3767	1034	53	29	49.490	20.350	162.373	0.439	2.432	0.411	0.786
279	410	37.583	14.014	1	86	85.397	2642	1041	28	25	30.293	17.233	38.266	0.706	1.758	0.569	0.868
280	60	75.800	14.894	37	104	30.385	85	1042	11	8	11.115	6.873	6.011	0.817	1.617	0.618	0.863
281	17	15.824	7.350	3	34	17.899	1422	1043	6	5	5.973	3.624	158.094	0.667	1.648	0.607	0.739
282	132	19.341	8.810	2	42	49.456	2804	1052	17	12	17.998	9.338	13.281	0.678	1.927	0.519	0.838
283	707	32.098	16.167	0	79	129.539	2218	1053	37	31	35.203	25.571	151.836	0.529	1.377	0.726	0.826
284	3485	55.382	29.921	1	158	346.333	503	1061	77	93	84.047	52.795	77.479	0.365	1.592	0.628	0.712
285	1190	50.019	22.442	1	115	161.439	2521	1061	59	29	56.161	26.979	8.878	0.574	2.082	0.480	0.873
286	33	25.879	9.555	2	40	27.213	2975	1063	11	7	11.450	3.670	24.591	0.560	3.120	0.320	0.717
287	24	32.083	10.168	13	52	20.142	3186	1067	8	5	7.320	4.175	169.208	0.743	1.753	0.570	0.800
288	22	37.727	18.904	5	71	21.556	236	1075	9	5	8.312	3.370	161.533	0.595	2.466	0.405	0.746
289	1937	50.406	24.867	2	131	230.309	1528	1077	66	51	53.297	46.274	15.535	0.459	1.152	0.868	0.775
290	748	54.953	22.288	1	114	128.711	2863	1086	49	25	47.106	20.218	170.715	0.567	2.330	0.429	0.848
291	76	48.197	17.239	2	81	35.213	1407	1091	14	8	14.149	6.839	2.841	0.770	2.069	0.483	0.844
292	847	50.175	25.218	2	130	141.439	1075	1100	52	27	49.482	21.795	170.593	0.532	2.270	0.440	0.839
293	231	28.827	11.262	1	56	65.255	1370	1109	22	19	18.836	15.614	147.783	0.682	1.206	0.829	0.818
294	308	39.117	16.250	1	83	85.497	2856	1111	21	27	21.490	18.248	110.172	0.529	1.178	0.849	0.755
295	248	50.657	18.362	5	93	66.184	1682	1112	24	15	24.146	13.077	175.170	0.711	1.846	0.542	0.878
296	4302	46.813	23.393	0	135	558.299	3749	1121	102	109	90.012	60.853	95.301	0.173	1.479	0.676	0.545
297	82	26.841	11.845	4	59	48.385	2807	1126	20	7	20.279	5.149	4.756	0.440	3.939	0.254	0.756
298	27	49.444	13.687	15	72	20.142	2151	1127	8	5	7.749	4.436	6.023	0.836	1.747	0.573	0.831
299	86	34.012	15.169	5	77	40.284	3601	1128	13	12	12.859	8.516	139.471	0.666	1.510	0.662	0.782
300	186	45.876	17.693	5	80	60.770	1996	1129	22	16	23.089	10.257	26.008	0.633	2.251	0.444	0.814
301	280	36.111	14.727	0	78	74.569	2112	1130	25	17	24.269	14.690	172.367	0.633	1.652	0.605	0.835
302	16	12.875	7.623	4	25	23.556	2521	1133	9	5	7.792	2.614	12.098	0.362	2.981	0.336	0.533
303	255	43.075	16.318	2	84	65.012	347	1138	19	20	18.422	17.624	104.842	0.758	1.045	0.957	0.872
304	179	53.810	16.746	4	88	58.770	994	1138	21	13	21.663	10.521	17.675	0.651	2.059	0.486	0.848
305	16	28.188	12.656	10	49	14.485	2041	1140	6	3	6.272	3.248	0.000	0.958	1.931	0.518	0.941
306	99	43.141	14.164	11	68	37.799	149	1148	13	10	13.626	9.251	16.691	0.871	1.473	0.679	0.896
307	37	19.568	10.415	4	49	27.213	811	1154	8	9	9.499	4.959	57.188	0.628	1.915	0.522	0.718
308	80	32.263	14.704	8	68	39.456	3741	1158	16	9	14.168	7.189	175.229	0.646	1.971	0.507	0.780
309	122	66.951	26.096	2	112	54.870	212	1166	22	10	18.106	8.579	174.793	0.509	2.110	0.474	0.790
310	297	22.478	11.933	1	67	79.841	950	1166	28	17	26.715	14.155	13.767	0.585	1.887	0.530	0.834
311	239	56.854	23.344	1	110	59.941	1568	1170	23	14	21.887	13.903	175.471	0.836	1.574	0.635	0.914
312	188	25.840	13.297	2	71	57.841	816	1177	20	15	18.600	12.870	18.055	0.706	1.445	0.692	0.825
313	21	39.143	17.656	5	68	19.899	2251	1177	9	3	8.485	3.151	178.900	0.666	2.693	0.371	0.875
314	35	25.229	9.906	4	40	22.728	1222	1181	8	6	8.454	5.271	21.268	0.851	1.604	0.623	0.864
315	244	23.746	10.061	1	58	78.669	2889	1182	26	16	23.982	12.954	5.606	0.495	1.851	0.540	0.761
316	25	27.800	13.946	7	60	24.728	730	1185	11	4	9.875	3.223	2.039	0.514	3.064	0.326	0.725
317	1200	48.775	29.114	1	126	170.894	954	1186	56	37	53.359	28.634	162.289	0.516	1.863	0.537	0.844
318	1153	78.997	51.608	1	201	143.782	3538	1201	52	33	51.789	28.346	15.008	0.701	1.827	0.547	0.915
319	288	46.715	20.782	2	98	87.012	600	1209	37	12	34.296	10.692	3.803	0.478	3.208	0.312	0.846
320	2215	25.761	12.183	0	89	215.966	1593	1209	64	49	59.944	47.048	168.036	0.597	1.274	0.785	0.900
321	726	36.989	25.551	1	134	136.024	1537	1210	35	42	39.787	23.233	113.523	0.493	1.713	0.584	0.775
322	2835	53.342	28.845	0	162	301.120	2542	1212	87	66	72.851	49.548	161.365	0.393	1.470	0.680	0.751
323	991	17.482	8.654	1	53	166.752	1961	1215	45	34	45.396	27.795	12.619	0.448	1.633	0.612	0.837
324	1356	64.260	33.533	1	155	171.238	2634	1218	57	40	49.982	34.543	13.251	0.581	1.447	0.691	0.861
325	1442	51.936	25.059	2	142	171.924	3590	1226	52	48	56.039	32.763	139.499	0.613	1.710	0.585	0.838
326	30	22.100	8.672	6	41	22.142	1765	1232	7	6	6.861	5.567	50.765	0.769	1.232	0.811	0.811
327	1493	48.626	22.614	2	112	190.894	3943	1238	50	49	44.092	43.113	115.218	0.515	1.023	0.978	0.809
328	287	41.359	17.378	2	96	72.426	584	1244	29	14	27.314	13.379	176.095	0.688	2.042	0.490	0.883
329	17	38.765	12.148	17	64	20.728	201	1247	8	5	6.693	3.234	19.319	0.497	2.070	0.483	0.642
330	5641	42.325	25.267	0	142	397.203	3032	1248	104	91	94.553	75.961	152.213	0.449	1.245	0.803	0.815
331	214	44.023	15.291	7	81	58.527	1070	1250	20	15	19.696	13.834	9.289	0.785	1.424	0.702	0.877
332	1989	35.159	21.455	0	107	233.421	1362	1256	79	50	70.845	35.747	18.865	0.459	1.982	0.505	0.787
333	20	28.600	10.942	1	43	16.728	2750	1262	6	5	5.541	4.595	25.017	0.898	1.206	0.829	0.800
334	2610	47.075	25.787	0	147	235.966	2673	1267	68	55	62.182	53.442	172.382	0.589	1.164	0.859	0.862
335	96	39.948	14.559	7	77	38.627	1001	1283	15	9	14.994	8.152	179.325	0.809	1.839	0.544	0.881
336	96	24.750	12.862	0	56	60.870	367	1290	26	7	23.729	5.151	171.623	0.326	4.606	0.217	0.683
337	301	62.409	24.952	4	126	76.184	3511	1294	29	15	28.228	13.577	177.568	0.652	2.079	0.481	0.869
338	66	32.515	12.847	3	59	32.385	2752	1298	8	11	10.861	7.737	77.453	0.791	1.404	0.712	0.868
339	413	40.334	18.430	2	100	112.468	1982	1299	37	21	27.924	18.832	173.761	0.410	1.483	0.674	0.728
340	194	41.119	18.921	4	87	68.870	176	1306	28	11	25.734	9.599	10.526	0.514	2.681	0.373	0.826
341	26	35.077	15.912	11	67	19.314	1123	1309	7	5	6.767	4.892	176.730	0.876	1.383	0.723	0.852
342	6529	35.821	20.827	0	117	425.245	3750	1310	128	77	117.756	70.595	177.904	0.454	1.668	0.599	0.861
343	375	39.608	19.705	1	93	90.426	1663	1328	33	19	31.991	14.925	19.069	0.576	2.143	0.467	0.821
344	253	47.759	22.154	3	113	87.983	522	1331	32	17	27.154	11.863	8.049	0.411	2.289	0.437	0.680
345	21	16.000	9.508	1	32	16.485	2760	1343	5	5	5.319	5.027	90.000	0.971	1.058	0.945	0.913
346	57	37.193	11.590	10	59	30.971	3952	1343	11	8	12.145	5.976	22.905	0.747	2.032	0.492	0.844
347	219	52.397	21.298	9	100	69.255	3367	1348	27	16	26.679	10.452	25.631	0.574	2.553	0.392	0.837
348	3207	45.963	22.761	1	131	274.735	2868	1349	88	55	84.128	48.537	167.118	0.534	1.733	0.577	0.855
349	41	31.463	7.287	17	49	25.556	212	1350	10	6	10.186	5.125	166.258	0.789	1.988	0.503	0.872
350	40	23.375	8.929	5	41	30.385	2074	1351	13	6	11.109	4.585	3.377	0.544	2.423	0.413	0.734
351	263	65.529	24.868	8	123	66.912	2739	1360	22	19	23.249	14.403	149.335	0.738	1.614	0.620	0.862
352	1088	36.938	16.703	1	84	151.095	104	1370	49	37	45.809	30.241	20.927	0.599	1.515	0.660	0.859
353	2702	26.518	12.824	1	67	266.735	583	1372	58	77	71.693	47.986	72.800	0.477	1.494	0.669	0.872
354	546	22.095	10.840	2	57	133.782	986	1376	31	33	31.388	22.148	54.986	0.383	1.417	0.706	0.742
355	33	27.364	13.543	2	55	22.142	1709	1382	8	6	8.656	4.854	32.097	0.846	1.783	0.561	0.835
356	52	37.885	12.726	8	64	28.385	503	1386	10	8	9.184	7.209	175.173	0.811	1.274	0.785	0.839
357	21	38.714	11.875	16	67	17.314	384	1388	6	5	6.014	4.446	31.964	0.880	1.353	0.739	0.824
358	3331	48.795	28.541	1	162	336.191	1868	1390	96	73	98.892	42.887	147.714	0.370	2.306	0.434	0.753
359	303	68.733	34.992	3	152	69.012	956	1393	21	21	23.739	16.251	40.347	0.799	1.461	0.685	0.895
360	1746	30.749	15.552	0	101	200.309	504	1403	68	40	60.407	36.802	173.510	0.547	1.641	0.609	0.869
361	1931	37.576	23.108	0	118	281.907	3428	1404	59	70	75.310	32.647	58.988	0.305	2.307	0.433	0.737
362	58	47.397	20.189	14	83	35.799	3757	1404	15	7	12.950	5.703	175.326	0.569	2.271	0.440	0.763
363	1357	26.272	10.728	0	71	187.238	226	1406	43	49	44.120	39.161	54.759	0.486	1.127	0.888	0.848
364	23	20.739	7.835	8	38	19.899	495	1412	6	6	5.770	5.075	5.884	0.730	1.137	0.880	0.780
365	69	56.275	17.014	4	88	33.213	1303	1413	13	8	12.512	7.022	2.247	0.786	1.782	0.561	0.857
366	899	52.122	26.924	4	134	148.024	3025	1415	54	32	57.085	20.051	22.931	0.516	2.847	0.351	0.832
367	354	40.127	17.303	5	89	77.497	2368	1423	25	20	23.659	19.051	11.013	0.741	1.242	0.805	0.880
368	17	28.706	11.213	12	53	16.485	377	1431	7	3	6.846	3.162	0.000	0.786	2.165	0.462	0.895
369	226	29.668	10.071	1	52	65.841	2119	1431	18	19	20.344	14.144	129.822	0.655	1.438	0.695	0.848
370	1498	21.250	10.134	1	65	195.522	34	1437	50	51	44.381	42.976	160.164	0.492	1.033	0.968	0.858
371	70	29.214	13.376	4	58	36.042	2869	1439	12	9	11.661	7.643	30.080	0.677	1.526	0.655	0.800
372	198	25.636	10.567	1	50	72.669	138	1461	19	20	17.391	14.496	28.197	0.471	1.200	0.834	0.724
373	35	22.429	7.204	4	38	23.556	3046	1462	9	6	8.383	5.316	177.641	0.793	1.577	0.634	0.805
374	2087	45.697	22.332	1	127	241.865	985	1465	69	53	53.909	49.292	170.188	0.448	1.094	0.914	0.795
375	16	21.375	8.563	7	38	15.314	1200	1465	6	4	6.674	3.052	155.132	0.857	2.187	0.457	0.842
376	56	29.929	10.065	10	54	28.971	3635	1479	12	6	11.381	6.265	172.466	0.838	1.817	0.550	0.896
377	38	28.105	10.750	4	48	25.556	245	1480	9	6	9.120	5.305	19.947	0.731	1.719	0.582	0.809
378	241	24.124	11.980	1	58	64.426	3043	1480	18	21	19.849	15.459	83.587	0.730	1.284	0.779	0.838
379	25	35.000	14.056	16	65	18.142	3969	1481	7	5	6.354	5.010	4.346	0.954	1.268	0.789	0.847
380	23	16.000	6.722	4	34	18.485	1618	1486	7	4	7.242	4.044	177.740	0.846	1.791	0.558	0.902
381	94	13.457	6.447	1	29	44.627	1621	1490	12	13	11.837	10.111	34.716	0.593	1.171	0.854	0.758
382	97	26.619	12.943	5	57	42.870	2852	1490	16	10	14.646	8.432	174.834	0.663	1.737	0.576	0.815
383	4691	38.282	21.329	0	122	397.245	3144	1491	101	94	79.348	75.273	100.354	0.374	1.054	0.949	0.756
384	1058	39.745	19.760	0	96	144.267	1947	1495	35	49	47.345	28.453	104.148	0.639	1.664	0.601	0.857
385	1612	42.731	20.729	2	109	185.480	275	1499	57	44	51.676	39.718	165.878	0.589	1.301	0.769	0.889
386	19	11.789	5.750	3	25	23.314	1370	1508	8	5	8.032	3.012	11.268	0.439	2.667	0.375	0.594
387	131	34.473	12.662	5	62	51.698	103	1509	15	13	15.069	11.069	156.913	0.616	1.361	0.735	0.824
388	64	39.406	12.500	11	78	32.385	691	1512	11	9	10.574	7.707	22.587	0.767	1.372	0.729	0.821
389	45	28.067	14.998	3	56	33.799	2493	1512	14	7	13.827	4.144	24.890	0.495	3.337	0.300	0.726
390	17	46.353	14.461	19	72	17.314	2388	1513	7	4	6.066	3.568	172.549	0.713	1.700	0.588	0.756
391	469	48.838	19.047	2	92	91.983	3026	1518	27	26	26.288	22.715	40.419	0.697	1.157	0.864	0.857
392	1715	25.249	11.440	0	59	198.208	1657	1522	61	50	61.496	35.508	35.608	0.549	1.732	0.577	0.852
393	27	34.074	10.190	9	49	19.556	2690	1522	7	6	6.772	5.076	36.015	0.887	1.334	0.750	0.794
394	752	42.448	20.468	0	109	116.953	2118	1523	40	30	36.401	26.303	11.085	0.691	1.384	0.723	0.880
395	69	26.652	11.641	6	52	35.213	748	1525	12	10	11.780	7.458	143.953	0.699	1.580	0.633	0.767
396	16	15.625	6.010	6	25	18.142	2435	1527	5	7	5.418	3.760	105.389	0.611	1.441	0.694	0.667
397	461	72.249	36.043	2	144	97.740	92	1532	37	20	34.155	17.185	6.827	0.606	1.987	0.503	0.858
398	1407	22.077	11.866	0	85	243.078	2444	1536	63	44	56.190	31.882	30.064	0.299	1.762	0.567	0.735
399	38	15.500	9.625	3	39	30.142	2599	1562	10	7	10.491	4.612	18.159	0.526	2.275	0.440	0.717
400	18	26.667	10.192	11	42	16.728	134	1568	7	4	6.059	3.783	21.266	0.808	1.602	0.624	0.800
401	28	36.107	15.847	4	59	22.385	389	1572	8	7	7.245	4.921	19.851	0.702	1.472	0.679	0.727
402	584	37.536	15.028	2	80	99.154	1750	1572	31	27	29.759	24.986	164.880	0.746	1.191	0.840	0.891
403	17	18.706	10.184	1	40	18.728	49	1586	5	7	6.698	3.232	58.912	0.609	2.073	0.482	0.708
404	64	50.344	17.472	16	86	29.799	236	1586	11	8	10.330	7.888	0.010	0.906	1.310	0.764	0.883
405	31	38.484	12.107	16	60	21.556	3714	1589	8	6	7.701	5.126	21.746	0.838	1.502	0.666	0.816
406	22	26.864	14.581	3	50	18.142	2109	1591	7	5	6.151	4.554	173.910	0.840	1.351	0.740	0.800
407	452	29.954	12.340	0	60	99.154	2015	1595	31	25	27.005	21.311	18.554	0.578	1.267	0.789	0.839
408	562	21.676	9.691	0	51	105.640	416	1605	33	26	30.134	23.746	2.277	0.633	1.269	0.788	0.853
409	1823	48.676	23.399	1	120	177.238	671	1609	53	47	52.488	44.222	159.323	0.729	1.187	0.843	0.918
410	78	25.205	11.144	3	49	34.971	1193	1614	8	13	12.772	7.776	100.506	0.801	1.643	0.609	0.881
411	2164	33.817	15.471	1	90	222.693	1840	1619	63	57	57.226	48.148	28.552	0.548	1.189	0.841	0.870
412	16	27.812	10.998	6	42	15.899	3033	1620	7	3	6.812	2.991	176.526	0.795	2.278	0.439	0.865
413	19	24.158	12.294	0	46	19.314	3275	1620	6	6	6.743	3.588	131.591	0.640	1.880	0.532	0.760
414	55	54.400	10.955	25	79	28.142	2125	1632	9	8	9.592	7.301	13.393	0.873	1.314	0.761	0.902
415	841	48.629	24.089	1	125	143.497	1	1633	21	55	52.497	20.397	83.268	0.513	2.574	0.389	0.910
416	75	42.133	12.473	9	71	40.042	545	1638	17	7	15.139	6.308	179.948	0.588	2.400	0.417	0.820
417	1133	31.185	14.864	1	91	172.309	3550	1643	55	44	44.798	32.202	166.093	0.480	1.391	0.719	0.794
418	188	46.782	18.204	4	93	57.941	2848	1644	21	14	19.734	12.130	178.702	0.704	1.627	0.615	0.821
419	574	24.111	11.226	1	65	101.640	443	1668	29	31	28.375	25.756	53.547	0.698	1.102	0.908	0.869
420	3841	52.520	27.884	0	144	451.245	957	1670	85	80	76.248	64.139	152.146	0.237	1.189	0.841	0.714
421	1637	26.137	12.850	1	75	192.853	3958	1674	41	55	52.076	40.024	90.820	0.553	1.301	0.769	0.904
422	34	23.824	9.953	9	45	23.556	3617	1676	7	7	6.734	6.428	9.547	0.770	1.048	0.955	0.810
423	18	24.833	6.662	14	36	17.899	2996	1686	5	6	5.499	4.168	26.109	0.706	1.319	0.758	0.750
424	104	50.279	20.594	8	97	49.698	1501	1687	21	10	21.083	6.281	13.892	0.529	3.357	0.298	0.773
425	27	39.778	14.227	7	62	21.556	3426	1688	8	6	7.007	4.906	39.579	0.730	1.428	0.700	0.740
426	1163	62.168	32.138	4	178	246.894	2496	1694	97	21	99.490	14.884	0.588	0.240	6.685	0.150	0.651
427	1525	47.006	24.733	1	129	196.894	1117	1696	51	46	48.685	39.883	30.561	0.494	1.221	0.819	0.832
428	490	39.855	18.566	2	96	118.468	2697	1704	29	32	29.997	20.798	89.400	0.439	1.442	0.693	0.676
429	666	19.599	11.379	1	64	117.539	7	1711	38	28	37.264	22.756	22.670	0.606	1.638	0.611	0.838
430	210	13.005	6.970	0	41	87.154	2250	1715	21	17	19.207	13.921	166.835	0.347	1.380	0.725	0.685
431	2419	34.049	16.644	0	95	267.806	2486	1715	71	61	72.462	42.505	38.988	0.424	1.705	0.587	0.774
432	39	44.846	13.156	22	79	25.314	487	1720	10	5	10.428	4.762	179.941	0.765	2.190	0.457	0.897
433	825	20.518	9.312	0	50	135.539	902	1728	38	30	36.417	28.844	12.884	0.564	1.263	0.792	0.861
434	1971	24.480	12.032	0	77	219.279	1851	1729	57	53	50.509	49.686	169.866	0.515	1.017	0.984	0.841
435	548	24.703	11.583	2	61	96.569	764	1732	32	27	30.927	22.560	38.483	0.738	1.371	0.729	0.881
436	52	25.365	10.339	4	50	34.627	432	1736	12	8	10.141	6.529	163.177	0.545	1.553	0.644	0.717
437	1410	27.607	13.569	0	83	200.066	3068	1748	66	34	62.821	28.578	177.077	0.443	2.198	0.455	0.813
438	124	27.395	11.347	2	57	46.284	667	1749	17	11	16.042	9.842	12.731	0.727	1.630	0.613	0.832
439	621	24.948	13.214	0	70	126.610	1610	1751	28	38	35.729	22.130	98.478	0.487	1.614	0.619	0.814
440	296	30.828	13.700	1	71	67.355	393	1754	22	17	22.738	16.575	7.444	0.820	1.372	0.729	0.911
441	492	67.703	29.300	6	142	96.569	3232	1768	32	22	32.189	19.461	9.307	0.663	1.654	0.605	0.879
442	15257	43.983	31.558	0	188	1330.119	2711	1773	255	180	219.897	88.341	32.055	0.108	2.489	0.402	0.575
443	286	39.283	21.828	2	113	66.770	3503	1777	24	16	23.071	15.784	9.074	0.806	1.462	0.684	0.909
444	328	54.308	25.820	1	118	90.912	3903	1785	34	17	31.595	13.218	166.620	0.499	2.390	0.418	0.819
445	2199	44.561	24.129	0	127	222.451	833	1786	66	55	59.643	46.943	5.020	0.558	1.271	0.787	0.834
446	78	19.923	10.626	4	52	44.527	531	1795	17	9	15.606	6.364	169.417	0.494	2.452	0.408	0.729
447	979	41.931	17.450	2	100	139.196	1146	1798	42	36	40.343	30.898	21.635	0.635	1.306	0.766	0.864
448	21	21.476	8.364	6	34	20.971	742	1808	8	5	7.563	3.535	165.706	0.600	2.139	0.467	0.667
449	10143	35.746	25.781	0	163	560.541	501	1812	130	130	135.564	95.265	53.282	0.406	1.423	0.703	0.819
450	37	45.919	17.936	4	73	24.971	450	1819	10	5	9.744	4.835	1.977	0.746	2.015	0.496	0.831
451	305	58.039	24.344	5	126	84.426	3428	1821	34	17	27.463	14.140	175.131	0.538	1.942	0.515	0.770
452	271	38.701	16.424	4	76	75.012	3467	1825	29	15	27.057	12.753	3.691	0.605	2.122	0.471	0.838
453	56	62.768	19.396	17	99	31.799	2760	1827	12	8	10.797	6.604	173.008	0.696	1.635	0.612	0.794
454	83	24.145	11.536	1	49	42.042	403	1836	15	9	15.085	7.006	6.060	0.590	2.153	0.464	0.755
455	38	32.447	10.192	6	50	23.799	1898	1838	9	7	7.410	6.530	173.284	0.843	1.135	0.881	0.800
456	16	38.250	12.788	21	63	16.728	968	1841	7	4	6.386	3.190	167.944	0.719	2.002	0.499	0.762
457	151	11.682	5.880	0	24	62.184	2251	1846	16	16	14.844	12.952	140.756	0.491	1.146	0.873	0.726
458	21	21.571	12.659	5	45	17.899	3128	1852	7	4	7.025	3.806	11.903	0.824	1.846	0.542	0.857
459	534	53.112	19.140	8	100	99.640	888	1855	35	25	32.578	20.870	7.160	0.676	1.561	0.641	0.865
460	20	30.850	12.027	9	59	16.728	95	1858	7	4	7.160	3.556	162.254	0.898	2.013	0.497	0.851
461	41	38.854	14.291	11	67	23.899	2426	1862	9	5	9.720	5.370	171.311	0.902	1.810	0.552	0.953
462	492	40.988	16.767	1	94	98.811	653	1863	26	32	34.140	18.349	58.402	0.633	1.861	0.537	0.862
463	276	35.884	17.505	2	95	80.426	1182	1865	28	15	26.962	13.034	179.829	0.536	2.069	0.483	0.820
464	1916	30.133	13.494	1	73	192.309	3252	1867	51	54	53.766	45.373	61.780	0.651	1.185	0.844	0.901
465	205	39.541	15.507	0	72	61.012	367	1870	21	16	19.372	13.474	6.785	0.692	1.438	0.696	0.825
466	63	56.032	18.193	6	87	31.799	2305	1886	11	9	11.428	7.019	15.674	0.783	1.628	0.614	0.834
467	27	20.778	9.811	3	41	26.971	3309	1887	11	5	8.841	3.888	9.577	0.466	2.274	0.440	0.659
468	794	52.545	28.825	1	115	113.882	42	1891	35	33	33.944	29.783	6.969	0.769	1.140	0.877	0.906
469	9750	41.362	24.266	0	159	643.754	3461	1891	206	90	182.736	67.934	168.351	0.296	2.690	0.372	0.755
470	100	65.990	21.366	9	114	43.213	368	1896	17	8	17.009	7.485	5.723	0.673	2.272	0.440	0.862
471	43	14.698	7.106	1	29	35.799	3869	1896	9	12	8.493	6.446	126.296	0.422	1.318	0.759	0.610
472	1224	49.301	21.574	0	125	163.095	3108	1898	37	46	45.955	33.912	89.077	0.578	1.355	0.738	0.863
473	521	52.774	26.229	3	129	111.882	2855	1900	35	30	33.189	19.987	36.610	0.523	1.660	0.602	0.750
474	72	63.000	15.668	25	100	34.385	697	1902	12	8	12.551	7.304	179.952	0.765	1.718	0.582	0.862
475	103	62.825	23.296	4	112	42.627	268	1916	17	9	17.093	7.672	11.119	0.712	2.228	0.449	0.851
476	28	16.500	7.589	2	34	25.556	1222	1923	11	5	10.252	3.477	178.048	0.539	2.948	0.339	0.727
477	196	54.449	24.902	4	117	70.770	1734	1924	28	14	25.758	9.688	12.402	0.492	2.659	0.376	0.798
478	1503	53.506	30.572	1	150	158.752	1689	1928	46	51	47.430	40.347	115.884	0.749	1.176	0.851	0.908
479	394	49.178	19.885	4	111	84.426	2911	1928	30	18	28.330	17.708	3.063	0.695	1.600	0.625	0.888
480	32	49.562	12.208	22	71	21.899	2362	1936	9	4	9.588	4.250	176.770	0.838	2.256	0.443	0.941
481	349	23.799	10.614	0	57	89.983	2443	1939	29	20	27.291	16.283	173.924	0.542	1.676	0.597	0.810
482	26	14.192	7.338	0	27	22.728	355	1943	7	7	6.848	4.834	49.351	0.633	1.417	0.706	0.712
483	53	41.868	14.999	14	71	28.971	1799	1949	11	7	11.204	6.023	8.349	0.794	1.860	0.538	0.848
484	537	14.790	7.491	1	40	116.468	1951	1957	35	28	31.717	21.557	28.455	0.497	1.471	0.680	0.792
485	1644	34.263	16.806	0	96	174.894	2767	1962	52	48	48.153	43.470	146.651	0.675	1.108	0.903	0.893
486	2755	31.893	16.377	0	92	263.078	1721	1965	95	44	94.345	37.180	12.470	0.500	2.538	0.394	0.894
487	50	29.960	14.404	1	65	27.556	3327	1965	11	6	10.896	5.843	2.009	0.827	1.865	0.536	0.877
488	56	17.107	8.172	1	34	30.971	1560	1966	8	10	10.798	6.603	74.392	0.734	1.635	0.612	0.818
489	140	29.629	12.310	2	56	51.113	375	1970	19	12	17.571	10.145	166.628	0.673	1.732	0.577	0.833
490	94	56.851	24.493	7	108	41.456	479	1970	17	9	15.892	7.531	174.357	0.687	2.110	0.474	0.843
491	18	25.556	10.153	11	52	17.314	1472	1970	7	4	6.230	3.679	1.708	0.755	1.693	0.591	0.783
492	770	50.471	22.476	1	116	143.196	1557	1975	48	34	46.599	21.039	35.734	0.472	2.215	0.451	0.791
493	22	35.500	14.305	11	63	18.142	536	1976	7	5	6.541	4.283	174.829	0.840	1.527	0.655	0.786
494	3649	31.591	16.281	0	89	270.049	156	1996	71	79	77.019	60.323	108.776	0.629	1.277	0.783	0.899
495	18	30.833	18.296	7	61	17.899	2953	2001	7	4	7.164	3.199	17.815	0.706	2.239	0.447	0.800
496	19	24.684	12.490	1	41	16.728	660	2004	7	4	6.520	3.710	175.426	0.853	1.757	0.569	0.809
497	372	16.737	8.140	1	44	103.054	718	2008	24	27	22.364	21.178	107.244	0.440	1.056	0.947	0.768
498	264	33.307	19.827	0	92	75.255	3538	2009	28	17	27.509	12.219	161.180	0.586	2.251	0.444	0.815
499	2318	37.108	18.500	1	95	224.108	2085	2018	68	51	61.590	47.919	2.256	0.580	1.285	0.778	0.876
500	1598	38.842	20.767	2	109	217.865	22	2020	39	68	61.929	32.854	85.407	0.423	1.885	0.531	0.812
501	192	14.932	7.690	2	39	74.912	3157	2024	18	19	17.867	13.682	48.068	0.430	1.306	0.766	0.696
502	1519	38.934	20.242	1	108	199.137	1085	2026	53	54	54.308	35.613	58.098	0.481	1.525	0.656	0.809
503	65	31.185	12.288	3	61	30.971	1563	2035	10	9	10.011	8.267	156.286	0.852	1.211	0.826	0.872
504	7363	35.718	19.163	0	111	538.098	1652	2043	132	129	108.299	86.564	38.927	0.320	1.251	0.799	0.702
505	1693	51.828	28.969	0	140	232.735	357	2046	65	49	59.263	36.374	15.085	0.393	1.629	0.614	0.758
506	31	24.935	11.349	6	49	23.556	1889	2047	10	5	8.611	4.583	14.852	0.702	1.879	0.532	0.795
507	1078	23.986	10.518	1	62	136.853	3684	2047	45	35	42.104	32.599	9.976	0.723	1.292	0.774	0.904
508	546	48.048	21.189	2	111	105.983	1854	2050	42	19	39.895	17.425	179.569	0.611	2.289	0.437	0.881
509	90	15.767	8.297	5	37	41.456	3094	2050	15	9	14.305	8.011	14.653	0.658	1.786	0.560	0.811
510	258	50.620	24.187	2	102	74.426	2055	2052	27	17	25.851	12.707	157.842	0.585	2.034	0.492	0.826
511	1682	34.243	19.797	0	89	182.652	2171	2053	65	40	64.561	33.171	16.974	0.634	1.946	0.514	0.894
512	23	15.000	6.453	2	28	24.728	2042	2054	10	5	9.157	3.198	18.708	0.473	2.863	0.349	0.667
513	1549	23.325	11.219	0	74	180.894	960	2056	42	56	51.731	38.125	92.909	0.595	1.357	0.737	0.896
514	639	38.482	20.000	1	95	167.581	2812	2060	40	32	39.399	20.650	31.416	0.286	1.908	0.524	0.719
515	80	50.400	23.835	6	100	35.456	3336	2062	14	9	13.016	7.826	169.906	0.800	1.663	0.601	0.847
516	915	71.814	38.556	1	173	142.953	444	2072	38	37	37.741	30.869	63.653	0.563	1.223	0.818	0.834
517	35	45.143	18.611	17	84	24.142	1444	2075	10	5	9.830	4.533	3.940	0.755	2.168	0.461	0.843
518	41	19.829	10.934	2	45	28.627	550	2077	11	8	11.173	4.672	33.168	0.629	2.391	0.418	0.739
519	342	49.418	21.516	0	98	90.912	2084	2078	33	20	29.282	14.871	162.262	0.520	1.969	0.508	0.784
520	110	58.055	19.798	4	101	45.698	3764	2079	16	10	16.222	8.634	0.372	0.662	1.879	0.532	0.827
521	54	34.722	12.943	4	67	32.042	1126	2092	12	9	10.027	6.857	17.111	0.661	1.462	0.684	0.771
522	798	52.912	27.095	3	136	131.296	3908	2105	47	28	43.776	23.210	175.561	0.582	1.886	0.530	0.840
523	118	24.110	11.258	3	51	55.113	2258	2106	16	15	17.369	8.650	53.107	0.488	2.008	0.498	0.740
524	1338	25.869	11.491	1	64	164.995	1424	2108	42	50	46.641	36.526	68.467	0.618	1.277	0.783	0.887
525	91	16.703	8.392	3	41	47.355	94	2114	15	14	12.631	9.173	52.029	0.510	1.377	0.726	0.700
526	22	28.136	12.703	7	63	17.314	58	2115	5	6	6.347	4.413	52.144	0.922	1.438	0.695	0.863
527	86	43.360	16.666	8	79	44.284	3606	2119	16	9	15.988	6.849	170.954	0.551	2.335	0.428	0.775
528	442	43.043	16.601	1	84	89.154	949	2133	25	28	30.635	18.370	121.477	0.699	1.668	0.600	0.861
529	69	33.855	10.439	6	55	32.385	34	2134	12	8	11.255	7.806	1.316	0.827	1.442	0.694	0.868
530	2436	29.628	18.268	0	93	222.108	2579	2138	68	60	76.847	40.361	140.234	0.621	1.904	0.525	0.908
531	527	17.765	9.079	1	55	113.640	2546	2163	35	28	32.028	20.950	148.863	0.513	1.529	0.654	0.784
532	35	25.743	11.030	6	50	26.385	1608	2166	11	6	9.802	4.546	172.903	0.632	2.156	0.464	0.753
533	373	31.099	14.131	1	77	84.326	3475	2167	24	24	23.376	20.316	32.715	0.659	1.151	0.869	0.862
534	152	24.395	13.526	2	68	51.113	896	2174	18	14	17.242	11.225	141.781	0.731	1.536	0.651	0.840
535	45	47.178	13.619	15	75	25.899	3897	2192	9	6	9.091	6.302	8.086	0.843	1.442	0.693	0.918
536	112	52.732	16.926	7	93	40.627	2273	2194	12	13	14.790	9.642	54.301	0.853	1.534	0.652	0.896
537	767	24.050	11.360	1	60	145.924	656	2195	35	38	35.098	27.824	53.700	0.453	1.261	0.793	0.807
538	181	70.155	29.197	4	163	57.355	3119	2198	22	14	22.213	10.375	24.279	0.691	2.141	0.467	0.870
539	103	59.029	23.509	5	106	39.799	1892	2200	15	9	15.127	8.670	174.972	0.817	1.745	0.573	0.896
540	120	24.642	10.927	4	60	49.941	386	2204	18	12	16.993	8.991	168.834	0.605	1.890	0.529	0.787
541	350	35.206	16.222	1	73	82.669	2207	2208	28	20	28.606	15.578	24.857	0.644	1.836	0.545	0.854
542	171	34.099	17.440	0	88	70.083	3889	2213	25	14	21.587	10.086	169.550	0.437	2.140	0.467	0.707
543	1462	32.536	15.193	1	82	169.480	3933	2226	45	48	45.420	40.983	90.643	0.640	1.108	0.902	0.891
544	47	34.894	14.595	5	58	32.385	1882	2229	13	6	12.247	4.886	12.917	0.563	2.506	0.399	0.770
545	138	16.623	9.230	2	47	53.941	686	2230	16	15	18.144	9.684	38.854	0.596	1.874	0.534	0.784
546	500	17.108	8.076	1	42	105.054	1638	2232	30	30	26.808	23.747	176.129	0.569	1.129	0.886	0.819
547	39	30.128	12.190	5	52	24.142	882	2234	9	6	9.653	5.144	164.684	0.841	1.877	0.533	0.848
548	255	25.714	14.246	1	74	66.426	3207	2239	23	18	21.832	14.872	26.363	0.726	1.468	0.681	0.850
549	266	57.530	21.562	4	124	71.012	737	2241	27	15	25.000	13.547	177.780	0.663	1.845	0.542	0.851
550	1934	39.961	17.372	1	96	201.137	136	2248	58	55	60.579	40.649	42.735	0.601	1.490	0.671	0.871
551	92	30.000	14.074	2	64	45.456	1103	2254	18	8	16.868	6.944	172.832	0.560	2.429	0.412	0.803
552	2863	27.080	13.413	0	76	274.149	3408	2254	90	47	86.223	42.277	8.327	0.479	2.039	0.490	0.854
553	88	52.659	21.608	8	93	37.456	674	2257	13	10	12.485	8.975	16.579	0.788	1.391	0.719	0.850
554	2112	42.817	23.853	1	131	278.250	2242	2258	73	58	61.585	43.664	21.748	0.343	1.410	0.709	0.685
555	1898	23.343	11.857	1	64	225.522	1054	2261	61	46	58.685	41.179	159.142	0.469	1.425	0.702	0.861
556	121	42.645	18.686	1	95	54.527	2217	2261	20	13	20.647	7.462	160.257	0.511	2.767	0.361	0.729
557	31	16.742	7.831	4	33	30.042	2000	2272	9	9	10.276	3.841	46.801	0.432	2.675	0.374	0.590
558	79	22.114	12.406	2	57	36.971	2039	2277	15	7	14.599	6.890	178.668	0.726	2.119	0.472	0.868
559	164	30.915	16.708	1	74	78.669	929	2280	24	18	19.718	10.590	21.775	0.333	1.862	0.537	0.606
560	327	23.578	10.795	2	59	74.426	2367	2283	25	19	24.284	17.145	163.464	0.742	1.416	0.706	0.881
561	173	21.214	10.676	3	53	87.740	3748	2287	31	13	28.186	7.815	175.488	0.282	3.607	0.277	0.597
562	96	15.823	7.887	0	34	53.113	3780	2287	19	10	16.510	7.404	9.621	0.428	2.230	0.448	0.693
563	17	23.353	13.000	3	48	16.728	3398	2288	5	6	5.934	3.648	139.669	0.763	1.627	0.615	0.773
564	81	18.926	10.256	1	44	41.456	2545	2289	14	10	12.873	8.011	175.154	0.592	1.607	0.622	0.761
565	37	53.000	13.414	25	82	23.556	474	2291	10	5	9.827	4.794	177.917	0.838	2.050	0.488	0.871
566	125	34.168	18.948	4	75	66.184	2737	2296	22	15	21.464	7.415	35.532	0.359	2.895	0.345	0.625
567	16	25.312	12.462	9	45	18.728	3063	2296	8	4	6.557	3.107	17.821	0.573	2.110	0.474	0.667
568	356	28.472	15.556	2	94	86.569	3011	2303	22	24	24.709	18.345	52.414	0.597	1.347	0.742	0.855
569	4688	39.846	21.289	1	139	477.872	865	2306	138	83	108.645	54.940	7.267	0.258	1.978	0.506	0.662
570	1093	44.581	22.360	1	118	158.267	3680	2306	41	43	43.082	32.303	72.038	0.548	1.334	0.750	0.809
571	37	61.459	19.706	23	99	26.142	2461	2310	11	5	9.563	4.927	11.027	0.680	1.941	0.515	0.813
572	606	25.307	11.233	1	62	109.983	3207	2312	33	28	31.796	24.267	161.028	0.630	1.310	0.763	0.864
573	36	36.611	14.060	12	69	22.728	603	2314	9	5	9.493	4.829	2.171	0.876	1.966	0.509	0.900
574	112	23.027	10.878	2	60	60.042	2533	2314	25	7	23.976	5.948	174.744	0.390	4.031	0.248	0.749
575	166	27.542	10.675	4	57	56.770	1083	2321	18	17	18.575	11.379	35.646	0.647	1.632	0.613	0.790
576	33	29.455	13.654	2	55	21.556	2726	2323	9	5	9.067	4.634	10.771	0.892	1.957	0.511	0.868
577	97	19.021	9.681	1	45	42.870	3324	2324	12	13	11.732	10.527	151.474	0.663	1.114	0.897	0.802
578	119	39.689	16.875	5	83	49.698	2340	2326	19	12	18.294	8.282	26.860	0.605	2.209	0.453	0.785
579	150	35.780	15.197	7	82	54.284	3440	2326	18	13	16.503	11.573	169.697	0.640	1.426	0.701	0.802
580	139	19.604	10.273	0	50	81.497	2476	2330	20	14	17.604	10.054	10.150	0.263	1.751	0.571	0.629
581	144	35.951	14.913	5	75	58.770	183	2338	22	12	18.392	9.969	12.496	0.524	1.845	0.542	0.760
582	69	13.000	6.181	2	29	48.527	3454	2345	14	11	13.479	6.518	18.740	0.368	2.068	0.484	0.575
583	1799	30.404	14.140	1	79	225.865	2674	2360	51	52	50.365	45.479	43.287	0.443	1.107	0.903	0.850
584	38	49.474	14.601	4	73	22.728	1019	2361	7	7	7.283	6.644	170.534	0.924	1.096	0.912	0.874
585	993	25.910	11.626	0	63	135.782	3208	2362	45	32	43.308	29.194	5.054	0.677	1.483	0.674	0.887
586	132	91.886	29.775	12	141	46.284	1916	2374	18	10	17.374	9.674	10.563	0.774	1.796	0.557	0.886
587	112	24.268	12.335	4	57	49.456	695	2376	19	10	17.116	8.332	5.880	0.575	2.054	0.487	0.792
588	99	58.737	21.563	15	102	42.042	1620	2384	17	9	15.137	8.327	9.070	0.704	1.818	0.550	0.850
589	25	19.720	7.871	1	35	20.728	1287	2385	8	5	7.525	4.230	11.330	0.731	1.779	0.562	0.806
590	73	33.658	13.956	4	62	36.627	1085	2392	14	9	14.567	6.381	157.563	0.684	2.283	0.438	0.802
591	5160	45.807	25.477	0	147	556.985	2534	2400	91	116	105.888	62.046	68.489	0.209	1.707	0.586	0.658
592	934	53.133	26.458	1	138	182.066	94	2401	57	39	51.879	22.923	152.720	0.354	2.263	0.442	0.737
593	16	18.312	8.739	3	32	15.314	132	2404	6	4	5.752	3.542	168.207	0.857	1.624	0.616	0.821
594	246	58.480	21.797	2	128	68.527	693	2405	25	13	24.736	12.662	4.620	0.658	1.954	0.512	0.869
595	33	16.364	8.742	5	43	31.799	1852	2406	9	8	7.037	5.971	64.456	0.410	1.179	0.848	0.595
596	23	20.522	7.873	6	34	18.728	3323	2408	6	6	7.144	4.099	45.000	0.824	1.743	0.574	0.780
597	1287	30.812	13.322	0	72	162.510	1792	2416	46	41	49.793	32.909	39.354	0.612	1.513	0.661	0.895
598	46	49.065	17.112	11	73	29.556	1619	2428	12	6	11.757	4.982	169.600	0.662	2.360	0.424	0.821
599	513	54.530	30.472	1	130	88.083	2662	2439	27	27	28.267	23.107	43.785	0.831	1.223	0.817	0.909
600	124	12.097	6.995	1	35	81.740	551	2440	19	19	15.728	10.038	42.302	0.233	1.567	0.638	0.527
601	97	69.660	24.592	8	124	41.456	64	2452	16	10	15.688	7.873	19.879	0.709	1.993	0.502	0.847
602	2737	26.080	11.913	0	63	253.421	3644	2460	76	58	74.180	46.979	26.539	0.536	1.579	0.633	0.905
603	192	40.906	19.011	2	92	56.184	1869	2461	20	15	19.229	12.713	164.436	0.764	1.512	0.661	0.857
604	51	42.098	14.525	3	68	28.971	216	2463	9	9	10.472	6.201	134.396	0.764	1.689	0.592	0.829
605	10181	31.294	19.598	0	130	592.098	2366	2463	170	91	160.747	80.641	174.506	0.365	1.993	0.502	0.833
606	6207	30.820	18.588	0	132	393.889	3034	2474	120	89	107.847	73.280	170.816	0.503	1.472	0.679	0.847
607	20	33.500	9.572	15	46	18.142	1870	2487	7	5	6.571	3.875	25.453	0.764	1.696	0.590	0.755
608	132	18.189	9.045	1	41	56.284	1313	2488	15	14	13.770	12.206	112.787	0.524	1.128	0.886	0.735
609	31	14.903	7.773	3	34	26.971	213	2490	8	9	6.363	6.203	66.020	0.536	1.026	0.975	0.626
610	791	31.143	12.908	1	65	140.024	265	2494	47	30	47.857	21.044	18.769	0.507	2.274	0.440	0.841
611	280	28.036	11.629	4	59	75.841	2149	2496	28	17	25.934	13.746	5.055	0.612	1.887	0.530	0.820
612	422	48.768	23.546	1	117	83.841	3175	2498	27	22	27.012	19.892	149.157	0.754	1.358	0.736	0.891
613	52	40.404	18.882	7	84	28.971	2021	2501	12	6	11.911	5.558	170.187	0.779	2.143	0.467	0.860
614	680	64.662	31.235	0	157	111.598	1	2503	25	39	36.351	23.818	82.167	0.686	1.526	0.655	0.935
615	127	76.457	26.259	8	134	48.527	188	2506	18	10	18.189	8.890	5.043	0.678	2.046	0.489	0.836
616	340	26.318	12.878	2	62	73.841	2660	2506	28	16	26.822	16.140	174.882	0.784	1.662	0.602	0.918
617	228	34.254	14.036	4	76	61.113	2152	2519	19	16	19.256	15.075	170.330	0.767	1.277	0.783	0.891
618	37	37.378	13.137	11	63	24.385	1968	2520	9	7	8.550	5.510	156.977	0.782	1.552	0.644	0.779
619	45	14.911	6.615	3	30	27.556	508	2529	8	9	11.102	5.161	52.696	0.745	2.151	0.465	0.818
620	207	65.908	24.136	10	113	63.113	3484	2531	23	14	21.386	12.324	166.732	0.653	1.735	0.576	0.841
621	1421	37.298	17.741	0	93	172.652	3612	2532	56	37	53.376	33.897	175.520	0.599	1.575	0.635	0.880
622	4271	34.243	18.699	0	113	337.505	911	2537	95	76	94.587	57.492	32.297	0.471	1.645	0.608	0.858
623	73	46.370	14.474	10	79	34.385	2298	2554	11	9	11.605	8.009	23.852	0.776	1.449	0.690	0.859
624	17	25.118	10.368	11	45	17.899	320	2557	7	4	6.305	3.433	170.842	0.667	1.837	0.544	0.756
625	582	44.558	19.502	2	96	117.640	253	2566	42	24	40.026	18.514	10.074	0.528	2.162	0.463	0.773
626	847	53.942	26.428	2	127	125.196	1902	2566	36	41	36.961	29.177	78.630	0.679	1.267	0.789	0.851
627	21	39.524	11.758	18	61	19.314	1219	2569	8	4	7.057	3.789	173.627	0.707	1.862	0.537	0.840
628	585	26.622	11.715	1	63	129.539	1064	2572	33	30	29.404	25.331	67.632	0.438	1.161	0.861	0.764
629	195	20.169	10.520	2	59	66.770	2276	2579	23	13	22.644	10.964	7.614	0.550	2.065	0.484	0.802
630	193	20.104	9.231	3	44	60.184	3489	2588	16	18	16.826	14.604	124.301	0.670	1.152	0.868	0.854
631	252	52.028	24.405	1	114	63.355	2202	2589	24	15	22.117	14.507	12.779	0.789	1.525	0.656	0.894
632	1333	48.641	27.047	0	132	200.208	617	2591	56	43	43.216	39.273	23.720	0.418	1.100	0.909	0.737
633	254	22.378	11.154	1	53	74.184	116	2596	23	17	23.052	14.029	20.216	0.580	1.643	0.609	0.819
634	2395	53.486	35.385	1	157	207.966	221	2597	59	58	57.502	53.032	129.760	0.696	1.084	0.922	0.902
635	28	52.679	18.351	21	82	19.314	42	2601	7	5	6.855	5.200	14.040	0.943	1.318	0.759	0.903
636	1003	50.207	26.606	0	126	144.368	3006	2603	53	31	47.127	27.098	175.766	0.605	1.739	0.575	0.853
637	187	15.845	7.979	1	42	62.184	785	2604	21	16	19.969	11.923	160.430	0.608	1.675	0.597	0.811
638	2153	27.051	12.714	1	72	223.037	848	2608	54	58	58.848	46.583	60.801	0.544	1.263	0.792	0.871
639	38	40.789	13.549	9	66	24.142	1851	2610	9	6	8.966	5.396	178.780	0.819	1.662	0.602	0.844
640	250	35.344	14.283	3	75	80.770	3591	2617	31	13	29.840	10.667	3.548	0.482	2.797	0.357	0.769
641	77	64.701	17.485	19	107	33.556	3969	2621	11	9	11.495	8.529	25.195	0.859	1.348	0.742	0.911
642	52	33.462	14.911	4	67	38.042	2387	2623	13	9	11.113	5.958	21.120	0.452	1.865	0.536	0.675
643	81	38.753	14.772	11	90	36.627	2754	2635	12	11	12.651	8.152	157.748	0.759	1.552	0.644	0.814
644	394	54.183	29.694	1	120	85.255	1319	2640	33	16	32.888	15.254	0.051	0.681	2.156	0.464	0.899
645	39	55.359	23.840	10	96	23.556	583	2648	9	6	8.638	5.748	2.936	0.883	1.503	0.665	0.848
646	882	43.412	24.735	1	120	119.740	1999	2649	28	39	40.031	28.053	80.018	0.773	1.427	0.701	0.931
647	285	18.537	10.190	1	51	74.912	2138	2654	22	20	21.055	17.234	17.035	0.638	1.222	0.819	0.810
648	5104	34.387	18.364	0	112	328.919	135	2664	97	84	90.654	71.686	19.718	0.593	1.265	0.791	0.883
649	503	39.980	19.021	2	94	94.225	2744	2666	32	25	29.077	22.026	12.823	0.712	1.320	0.758	0.867
650	110	44.627	20.055	5	87	51.941	3761	2666	18	14	16.762	8.356	21.345	0.512	2.006	0.498	0.714
651	70	27.900	13.359	5	62	37.456	1989	2693	14	10	15.098	5.903	31.155	0.627	2.557	0.391	0.809
652	153	41.856	16.202	4	85	51.113	1281	2699	18	13	16.817	11.584	172.600	0.736	1.452	0.689	0.857
653	55	80.109	23.789	17	129	28.728	108	2702	11	6	11.051	6.337	2.145	0.837	1.744	0.573	0.917
654	2359	33.053	15.753	0	110	211.137	1665	2705	66	52	63.324	47.432	167.973	0.665	1.335	0.749	0.909
655	20	18.200	6.066	6	29	20.142	1965	2708	7	6	7.941	3.207	139.910	0.619	2.477	0.404	0.690
656	45	24.111	11.040	3	52	29.213	2988	2708	11	8	10.125	5.659	159.696	0.663	1.789	0.559	0.750
657	29	55.276	14.926	19	73	20.142	1532	2709	8	5	8.218	4.493	10.171	0.898	1.829	0.547	0.853
658	43	55.535	16.956	11	86	26.971	2282	2713	9	7	9.314	5.878	165.755	0.743	1.585	0.631	0.811
659	324	22.250	10.692	1	60	83.983	2590	2713	27	21	24.390	16.914	12.929	0.577	1.442	0.693	0.812
660	67	39.119	12.172	8	62	31.213	1439	2717	10	10	10.616	8.036	33.028	0.864	1.321	0.757	0.865
661	60	48.633	15.096	12	77	30.385	3122	2717	11	8	10.446	7.314	5.858	0.817	1.428	0.700	0.851
662	66	49.470	13.380	15	72	32.042	1294	2718	12	9	10.403	8.078	176.565	0.808	1.288	0.776	0.815
663	110	74.509	25.303	11	114	45.698	3871	2721	19	9	17.818	7.860	176.206	0.662	2.267	0.441	0.837
664	1044	20.457	9.417	0	49	147.095	3050	2734	41	39	40.374	32.924	22.176	0.606	1.226	0.815	0.858
665	36	62.472	15.533	25	89	24.728	856	2742	10	5	8.837	5.187	172.488	0.740	1.704	0.587	0.837
666	263	41.627	22.151	5	116	84.326	1541	2750	19	20	19.605	17.080	102.870	0.465	1.148	0.871	0.779
667	48	55.417	15.593	5	89	26.728	3525	2750	10	6	10.336	5.913	179.009	0.844	1.748	0.572	0.906
668	224	16.272	8.534	1	41	87.983	592	2752	25	19	23.520	12.126	25.085	0.364	1.940	0.516	0.702
669	716	29.682	14.490	2	80	142.752	2083	2754	48	29	37.930	24.035	14.606	0.442	1.578	0.634	0.774
670	1087	45.137	22.465	1	116	210.309	3305	2754	37	66	63.303	21.863	108.410	0.309	2.895	0.345	0.623
671	29	36.724	12.570	14	60	20.142	1933	2756	7	6	6.799	5.431	19.714	0.898	1.252	0.799	0.853
672	874	43.121	22.045	1	111	155.095	2799	2756	52	36	51.299	21.692	23.634	0.457	2.365	0.423	0.781
673	100	88.310	24.420	10	126	40.284	197	2758	15	10	14.426	8.826	163.948	0.774	1.635	0.612	0.855
674	264	54.553	25.995	4	113	100.083	306	2758	39	14	33.782	9.950	174.773	0.331	3.395	0.295	0.687
675	222	18.923	11.762	0	65	64.184	1315	2764	20	18	18.858	14.989	144.108	0.677	1.258	0.795	0.822
676	268	44.272	21.405	2	105	70.184	2008	2768	21	20	20.023	17.042	48.698	0.684	1.175	0.851	0.841
677	78	41.218	14.189	8	69	37.799	24	2769	14	9	12.609	7.876	167.250	0.686	1.601	0.625	0.839
678	90	42.356	14.637	11	74	39.456	3650	2770	15	10	14.999	7.640	168.368	0.726	1.963	0.509	0.822
679	169	50.645	25.442	1	108	53.113	3693	2770	21	11	20.258	10.622	179.302	0.753	1.907	0.524	0.894
680	108	23.741	12.342	3	56	46.870	3520	2772	16	11	14.615	9.409	18.197	0.618	1.553	0.644	0.797
681	350	52.931	21.278	7	110	78.669	3974	2773	25	19	25.553	17.439	164.919	0.711	1.465	0.682	0.874
682	261	56.659	25.556	3	114	82.083	3819	2776	22	25	25.162	13.207	41.427	0.487	1.905	0.525	0.749
683	23	23.696	10.182	7	44	19.314	2000	2787	7	5	6.905	4.241	9.057	0.775	1.628	0.614	0.807
684	25	25.320	12.449	2	50	19.899	1915	2797	7	5	6.948	4.581	19.122	0.793	1.517	0.659	0.833
685	16	17.500	7.127	7	29	15.314	244	2798	5	5	4.890	4.166	97.235	0.857	1.174	0.852	0.780
686	662	26.612	11.492	0	62	105.983	2088	2803	30	32	29.539	28.535	45.577	0.741	1.035	0.966	0.883
687	116	37.379	16.877	8	74	55.941	774	2808	17	16	16.597	8.899	34.188	0.466	1.865	0.536	0.701
688	65	26.569	10.577	4	48	30.971	307	2813	11	8	11.427	7.243	160.379	0.852	1.578	0.634	0.872
689	50	42.240	16.250	8	75	28.385	661	2816	11	7	11.447	5.561	11.558	0.780	2.058	0.486	0.840
690	476	48.128	24.500	1	116	101.255	442	2819	36	22	36.452	16.626	21.515	0.583	2.192	0.456	0.848
691	29	46.207	15.592	12	73	20.142	2675	2825	8	5	7.536	4.900	164.699	0.898	1.538	0.650	0.892
692	100	39.900	12.986	6	72	40.627	1786	2826	12	13	12.517	10.172	59.394	0.761	1.231	0.813	0.830
693	233	58.120	20.512	7	102	67.012	1301	2830	26	16	24.554	12.082	167.504	0.652	2.032	0.492	0.849
694	49	60.837	18.808	14	92	26.971	3200	2834	10	7	9.515	6.557	14.006	0.846	1.451	0.689	0.867
695	429	65.601	30.378	2	143	87.497	712	2851	31	21	30.557	17.876	174.110	0.704	1.709	0.585	0.898
696	81	44.099	16.888	12	76	42.627	107	2863	16	10	14.216	7.255	11.628	0.560	1.960	0.510	0.757
697	87	101.195	29.232	38	155	37.799	1955	2864	15	8	14.228	7.785	170.819	0.765	1.828	0.547	0.888
698	736	52.135	26.546	2	128	134.610	2310	2865	52	25	46.089	20.333	179.704	0.510	2.267	0.441	0.833
699	324	64.846	33.927	1	138	88.912	474	2868	35	18	32.530	12.682	14.345	0.515	2.565	0.390	0.798
700	51	29.980	10.730	6	53	26.971	2567	2886	9	8	9.201	7.058	13.100	0.881	1.304	0.767	0.857
701	1415	69.657	43.722	0	165	177.681	1968	2888	66	36	61.868	29.121	172.557	0.563	2.125	0.471	0.848
702	46	42.435	13.472	8	71	28.385	1197	2901	10	6	10.732	5.458	173.617	0.717	1.966	0.509	0.836
703	19	19.053	10.799	3	40	17.314	165	2908	7	4	6.758	3.580	1.641	0.796	1.888	0.530	0.844
704	146	66.226	23.437	5	118	52.284	2858	2916	17	13	15.365	12.098	178.797	0.671	1.270	0.787	0.837
705	525	43.846	19.491	1	87	115.296	2434	2918	46	21	45.604	14.658	17.888	0.496	3.111	0.321	0.863
706	139	48.655	21.503	1	91	57.698	1172	2919	24	9	22.494	7.868	0.976	0.525	2.859	0.350	0.806
707	145	38.310	18.744	3	85	47.799	2908	2920	16	12	18.207	10.140	25.796	0.798	1.796	0.557	0.906
708	45	18.644	8.009	5	38	38.042	3052	2929	10	10	8.946	6.404	115.396	0.391	1.397	0.716	0.616
709	822	41.376	22.134	2	104	154.368	1260	2930	53	34	53.414	19.594	155.674	0.433	2.726	0.367	0.707
710	491	28.153	13.291	2	68	100.569	1459	2944	28	26	28.110	22.240	30.648	0.610	1.264	0.791	0.846
711	70	24.929	11.586	4	51	34.627	1539	2944	14	8	13.818	6.450	19.338	0.734	2.142	0.467	0.838
712	937	15.672	8.034	0	46	148.610	2214	2949	41	36	42.097	28.340	149.984	0.533	1.485	0.673	0.839
713	33	18.788	9.889	3	37	23.556	1339	2953	9	6	8.774	4.789	177.777	0.747	1.832	0.546	0.786
714	694	29.110	16.664	2	100	132.953	923	2956	38	34	31.756	27.826	119.925	0.493	1.141	0.876	0.745
715	227	32.687	13.225	2	64	60.527	1781	2958	20	17	20.829	13.876	32.036	0.779	1.501	0.666	0.866
716	31	32.323	11.309	12	58	20.385	1207	2969	7	7	6.436	6.133	82.090	0.937	1.049	0.953	0.795
717	651	61.369	29.029	4	153	129.154	3648	2976	43	23	36.845	22.497	166.144	0.490	1.638	0.611	0.822
718	73	19.616	10.066	2	47	50.870	2256	2978	16	13	15.629	5.947	29.466	0.354	2.628	0.380	0.557
719	704	31.321	12.123	4	59	141.397	2624	2979	55	20	47.462	18.886	179.805	0.442	2.513	0.398	0.881
720	33	14.970	6.966	2	30	26.142	547	2983	9	7	8.660	4.852	35.075	0.607	1.785	0.560	0.733
721	52	39.788	15.074	8	70	32.971	3573	2994	14	5	13.881	4.770	8.098	0.601	2.910	0.344	0.839
722	27	70.000	30.462	16	125	27.899	1500	2996	13	3	11.461	2.999	178.457	0.436	3.821	0.262	0.857
