 	Area	Mean	StdDev	Min	Max	Perim.	BX	BY	Width	Height	Major	Minor	Angle	Circ.	AR	Round	Solidity
1	17371	26.797	21.274	0	131	607.571	3370	1	145	166	173.458	127.509	115.181	0.591	1.360	0.735	0.936
2	31	20.129	9.344	1	43	26.142	1624	2	7	9	8.915	4.428	115.250	0.570	2.013	0.497	0.689
3	21	12.476	6.369	4	29	21.314	2529	2	6	7	6.418	4.166	121.992	0.581	1.541	0.649	0.712
4	1910	22.616	10.417	0	61	213.480	162	18	45	63	60.886	39.941	92.681	0.527	1.524	0.656	0.877
5	101	28.842	11.919	5	53	44.284	37	27	12	15	15.801	8.139	123.035	0.647	1.942	0.515	0.789
6	4500	28.925	14.722	0	83	361.990	2010	40	64	114	114.046	50.239	100.344	0.432	2.270	0.441	0.850
7	19	11.105	7.824	0	28	21.899	3516	40	8	5	5.405	4.476	13.525	0.498	1.208	0.828	0.644
8	67	18.851	9.511	2	39	40.042	2441	46	11	13	14.570	5.855	124.199	0.525	2.489	0.402	0.744
9	1076	48.112	22.181	1	125	160.309	3614	47	39	55	58.126	23.569	120.241	0.526	2.466	0.405	0.869
10	75	24.680	10.662	3	52	41.113	1798	53	11	15	14.754	6.472	120.637	0.558	2.279	0.439	0.739
11	373	12.786	7.306	0	46	126.468	2094	64	27	24	23.546	20.169	161.953	0.293	1.167	0.857	0.691
12	31	20.452	9.902	4	43	28.627	3754	81	7	11	9.140	4.318	119.179	0.475	2.117	0.472	0.639
13	32	18.906	8.920	2	37	26.385	1081	82	6	10	8.532	4.775	106.618	0.578	1.787	0.560	0.719
14	2104	39.596	23.264	0	122	298.635	1295	97	48	102	85.429	31.358	97.441	0.296	2.724	0.367	0.640
15	17	19.118	8.838	4	38	17.314	3778	99	5	6	5.943	3.642	73.719	0.713	1.632	0.613	0.739
16	1652	31.484	16.771	0	86	187.723	178	110	47	55	50.958	41.277	94.683	0.589	1.235	0.810	0.865
17	1661	24.136	11.657	1	65	221.279	645	112	45	62	55.501	38.105	96.577	0.426	1.457	0.687	0.824
18	329	27.182	12.863	1	63	107.054	3603	113	20	34	28.660	14.616	112.583	0.361	1.961	0.510	0.731
19	350	20.211	9.818	0	48	119.296	3045	114	16	39	38.792	11.488	98.642	0.309	3.377	0.296	0.699
20	1036	28.630	13.275	1	65	164.309	3837	130	47	37	46.352	28.458	157.733	0.482	1.629	0.614	0.802
21	2544	35.281	18.686	1	103	240.250	762	134	59	69	64.947	49.873	123.730	0.554	1.302	0.768	0.893
22	24	14.250	8.066	2	33	19.314	3782	137	5	7	8.095	3.775	111.205	0.809	2.145	0.466	0.842
23	86	21.279	9.678	2	43	39.456	1342	142	9	14	13.493	8.115	99.430	0.694	1.663	0.601	0.823
24	138	14.558	8.236	0	42	72.083	1410	150	18	18	15.405	11.406	151.821	0.334	1.351	0.740	0.611
25	26	20.385	7.066	7	34	23.556	1924	151	6	9	7.758	4.267	100.412	0.589	1.818	0.550	0.722
26	44	16.977	7.914	4	39	29.213	3683	157	9	10	11.405	4.912	130.468	0.648	2.322	0.431	0.752
27	443	40.932	16.619	2	87	90.326	3957	163	24	27	28.233	19.978	120.110	0.682	1.413	0.708	0.869
28	51	30.588	12.692	5	55	30.627	2179	169	9	11	12.434	5.222	123.000	0.683	2.381	0.420	0.791
29	57	23.386	10.319	2	48	30.870	322	172	10	11	12.198	5.950	131.687	0.752	2.050	0.488	0.781
30	52	17.231	7.651	3	38	36.627	1965	173	8	12	12.160	5.445	68.736	0.487	2.233	0.448	0.684
31	2686	21.985	10.095	0	56	237.765	2683	173	64	64	60.534	56.496	166.700	0.597	1.071	0.933	0.902
32	103	28.437	12.574	0	55	44.870	3078	175	10	17	16.944	7.740	102.610	0.643	2.189	0.457	0.802
33	3157	32.189	17.140	0	93	321.161	3127	176	56	90	83.971	47.869	94.227	0.385	1.754	0.570	0.844
34	527	30.696	13.479	1	65	127.296	1661	177	24	46	45.279	14.819	107.479	0.409	3.055	0.327	0.750
35	7311	38.109	23.163	0	133	519.914	3797	201	122	129	109.930	84.678	48.006	0.340	1.298	0.770	0.719
36	17	11.647	6.334	4	23	21.314	178	208	4	9	8.543	2.534	75.063	0.470	3.372	0.297	0.654
37	51	24.529	10.452	2	53	29.213	1971	208	8	11	11.757	5.523	122.074	0.751	2.129	0.470	0.843
38	121	16.050	8.441	1	39	56.527	2191	221	14	18	15.199	10.137	110.557	0.476	1.499	0.667	0.716
39	231	31.377	13.732	1	65	73.255	847	225	18	23	22.389	13.137	111.711	0.541	1.704	0.587	0.770
40	1911	47.980	26.349	1	128	201.037	869	230	52	64	71.872	33.854	123.231	0.594	2.123	0.471	0.903
41	288	55.024	19.306	8	114	68.426	3947	230	18	24	24.613	14.899	118.821	0.773	1.652	0.605	0.885
42	151	43.298	19.236	7	93	53.355	415	234	14	20	20.495	9.381	115.136	0.667	2.185	0.458	0.823
43	25	16.520	6.758	4	29	29.799	3830	234	9	9	9.267	3.435	131.069	0.354	2.698	0.371	0.515
44	215	42.823	14.514	5	86	59.841	683	240	18	21	21.405	12.789	119.799	0.754	1.674	0.597	0.857
45	3415	22.945	11.257	0	69	304.635	3484	242	86	58	84.546	51.429	159.045	0.462	1.644	0.608	0.898
46	1199	17.528	8.988	0	51	164.894	1318	264	37	51	47.217	32.332	85.367	0.554	1.460	0.685	0.870
47	852	31.751	15.344	0	85	170.167	2307	264	43	46	42.796	25.348	136.071	0.370	1.688	0.592	0.744
48	633	57.517	25.462	0	137	133.782	3412	264	30	45	42.450	18.986	118.432	0.444	2.236	0.447	0.797
49	118	36.119	12.850	5	69	45.456	3638	271	12	16	17.026	8.824	120.208	0.718	1.930	0.518	0.840
50	767	31.346	15.677	1	85	169.095	2949	272	44	42	48.234	20.247	33.437	0.337	2.382	0.420	0.643
51	7871	30.975	17.769	0	105	632.281	3211	299	118	140	113.792	88.070	77.476	0.247	1.292	0.774	0.704
52	246	40.248	15.479	4	82	64.527	1975	312	17	21	21.393	14.641	117.568	0.742	1.461	0.684	0.886
53	21	15.381	7.283	2	28	17.314	3014	324	5	6	6.812	3.925	49.313	0.880	1.736	0.576	0.857
54	14760	28.009	16.160	0	99	788.247	606	337	158	178	181.590	103.491	132.553	0.299	1.755	0.570	0.798
55	2351	31.588	15.148	1	79	218.208	1848	337	62	64	72.139	41.495	132.760	0.620	1.738	0.575	0.896
56	605	39.364	18.047	1	87	105.882	3711	337	29	33	30.271	25.447	101.505	0.678	1.190	0.841	0.866
57	2828	31.212	15.905	0	89	278.978	2102	340	48	98	92.459	38.944	103.814	0.457	2.374	0.421	0.831
58	82	16.854	8.430	0	43	62.184	2451	341	15	13	14.973	6.973	134.979	0.266	2.147	0.466	0.612
59	27	11.037	4.686	2	20	22.142	321	380	6	8	9.428	3.646	116.609	0.692	2.586	0.387	0.771
60	21	16.571	8.778	4	32	22.728	1792	383	6	8	8.497	3.147	114.458	0.511	2.700	0.370	0.700
61	109	30.789	14.772	5	69	52.184	1626	387	11	18	15.932	8.711	111.402	0.503	1.829	0.547	0.749
62	30	14.800	7.654	4	33	26.971	3799	390	9	7	6.708	5.695	21.365	0.518	1.178	0.849	0.667
63	17	14.588	7.080	5	26	24.142	442	409	5	10	9.366	2.311	108.404	0.367	4.053	0.247	0.596
64	66	27.182	10.820	2	56	34.385	884	411	9	12	12.454	6.747	124.194	0.701	1.846	0.542	0.825
65	1248	43.576	20.533	2	116	170.167	817	419	33	60	56.852	27.950	98.034	0.542	2.034	0.492	0.865
66	16331	23.114	12.086	0	73	803.963	2733	453	194	152	192.811	107.843	161.523	0.318	1.788	0.559	0.814
67	55	21.564	8.439	1	43	40.042	3581	462	11	11	12.119	5.779	146.157	0.431	2.097	0.477	0.675
68	31	12.226	6.443	0	29	37.456	5	465	7	12	9.108	4.334	96.472	0.278	2.102	0.476	0.481
69	69	29.130	12.093	5	59	42.284	781	473	9	15	16.116	5.451	114.567	0.485	2.956	0.338	0.719
70	826	32.459	13.991	0	74	130.953	1381	475	28	43	40.228	26.144	95.001	0.605	1.539	0.650	0.887
71	52	42.058	14.367	12	67	38.728	1	482	4	17	15.967	4.146	91.504	0.436	3.851	0.260	0.867
72	320	48.669	18.642	7	99	81.154	2612	483	21	29	31.191	13.063	120.084	0.611	2.388	0.419	0.845
73	42	17.667	7.149	4	32	41.456	1181	486	9	16	16.222	3.297	115.659	0.307	4.921	0.203	0.545
74	664	21.286	9.794	0	52	119.054	3629	504	29	35	34.669	24.386	111.948	0.589	1.422	0.703	0.870
75	430	19.137	10.072	1	47	92.569	3128	507	26	25	25.660	21.336	148.178	0.631	1.203	0.832	0.850
76	393	38.109	17.690	2	94	102.326	2541	513	19	36	34.679	14.429	111.697	0.472	2.403	0.416	0.830
77	127	23.417	10.180	3	56	59.698	1	520	11	23	20.168	8.018	104.431	0.448	2.516	0.398	0.779
78	175	23.297	10.095	1	45	65.841	2145	520	16	18	15.821	14.083	147.409	0.507	1.123	0.890	0.795
79	5059	27.888	14.544	0	78	364.375	563	531	92	97	91.350	70.513	128.951	0.479	1.296	0.772	0.870
80	3950	24.899	11.219	1	65	307.362	1053	537	77	84	89.527	56.176	53.340	0.525	1.594	0.627	0.879
81	1979	41.916	19.730	1	99	219.522	1459	537	45	76	75.058	33.571	107.970	0.516	2.236	0.447	0.853
82	120	42.017	14.491	8	73	48.870	3820	538	12	18	17.691	8.636	116.371	0.631	2.048	0.488	0.805
83	164	27.030	12.690	2	69	53.941	1437	540	15	16	16.859	12.386	125.925	0.708	1.361	0.735	0.841
84	42	23.071	9.878	4	41	26.971	682	555	7	10	9.813	5.450	110.143	0.726	1.801	0.555	0.792
85	24	12.542	7.740	3	30	26.971	2865	561	7	9	8.642	3.536	61.932	0.415	2.444	0.409	0.600
86	3706	41.446	22.508	0	123	398.759	3600	571	97	118	132.828	35.524	134.414	0.293	3.739	0.267	0.778
87	60	25.633	12.875	2	55	34.627	3927	572	10	12	12.598	6.064	121.444	0.629	2.078	0.481	0.769
88	181	38.116	14.948	2	74	58.770	978	575	16	20	23.215	9.927	125.416	0.659	2.339	0.428	0.856
89	1021	46.617	19.759	1	97	140.953	3116	576	32	47	48.368	26.877	106.491	0.646	1.800	0.556	0.893
90	160	47.250	17.790	6	91	55.941	3955	576	16	19	19.725	10.328	118.697	0.642	1.910	0.524	0.810
91	29	32.586	10.729	15	62	24.971	556	581	8	8	9.227	4.002	131.421	0.584	2.306	0.434	0.716
92	777	19.058	9.487	0	52	141.338	1808	598	38	35	38.680	25.577	142.869	0.489	1.512	0.661	0.823
93	18	20.722	9.791	3	35	15.899	3753	603	5	5	5.591	4.099	111.435	0.895	1.364	0.733	0.837
94	54	28.074	13.998	1	53	30.627	1311	607	9	11	12.366	5.560	124.252	0.723	2.224	0.450	0.818
95	4964	31.856	18.506	0	104	350.960	3848	613	83	97	99.681	63.406	121.874	0.506	1.572	0.636	0.882
96	272	62.544	21.396	7	103	69.598	1241	614	20	23	26.381	13.128	126.664	0.706	2.010	0.498	0.868
97	6782	31.610	17.822	0	103	560.098	849	627	114	110	107.919	80.015	129.799	0.272	1.349	0.741	0.788
98	4412	33.046	19.294	0	101	349.889	1861	633	95	100	124.752	45.030	130.263	0.453	2.770	0.361	0.875
99	597	23.399	11.258	1	62	119.882	530	643	28	39	39.239	19.371	115.589	0.522	2.026	0.494	0.838
100	44	12.273	6.377	3	32	31.799	3743	658	10	9	9.235	6.066	43.388	0.547	1.522	0.657	0.688
101	61	27.492	11.503	5	51	40.042	2866	667	9	14	12.157	6.388	111.721	0.478	1.903	0.525	0.667
102	22	26.273	9.770	10	47	18.142	3711	682	6	6	6.150	4.555	131.750	0.840	1.350	0.741	0.772
103	16	15.750	8.820	4	31	14.485	3823	683	4	5	5.423	3.757	119.872	0.958	1.443	0.693	0.889
104	37	17.919	8.980	2	41	28.142	643	685	7	10	9.540	4.938	113.492	0.587	1.932	0.518	0.733
105	42	17.595	8.387	3	41	30.627	2459	687	10	9	11.094	4.820	141.822	0.563	2.301	0.435	0.730
106	564	23.647	10.604	0	58	127.196	656	695	28	48	50.320	14.271	117.719	0.438	3.526	0.284	0.831
107	479	31.294	13.200	1	67	98.125	2688	700	26	33	34.295	17.783	119.018	0.625	1.929	0.519	0.852
108	119	27.580	11.289	6	60	44.042	2041	707	11	15	15.681	9.662	111.452	0.771	1.623	0.616	0.881
109	854	30.057	16.247	0	76	124.468	801	715	34	38	39.707	27.384	129.130	0.693	1.450	0.690	0.882
110	529	41.543	16.802	1	91	111.882	549	727	31	34	39.226	17.171	128.853	0.531	2.284	0.438	0.827
111	1562	17.045	8.559	0	47	212.108	3168	727	57	47	54.142	36.733	30.886	0.436	1.474	0.678	0.837
112	22	15.000	8.524	0	31	19.899	1241	731	5	7	6.574	4.261	136.171	0.698	1.543	0.648	0.786
113	283	29.519	12.739	2	64	74.326	3547	732	21	22	22.923	15.719	132.287	0.644	1.458	0.686	0.831
114	50	16.600	8.352	3	37	29.556	409	738	8	10	9.975	6.382	122.650	0.719	1.563	0.640	0.813
115	135	15.904	8.335	0	38	80.326	2868	738	20	20	20.662	8.319	137.288	0.263	2.484	0.403	0.616
116	36	13.639	7.754	2	35	24.971	3222	741	10	6	8.582	5.341	9.968	0.726	1.607	0.622	0.800
117	1474	39.276	22.317	1	115	159.581	1315	742	47	52	53.701	34.949	129.520	0.727	1.537	0.651	0.910
118	2174	33.367	15.537	1	93	231.723	1	747	56	55	63.846	43.355	33.618	0.509	1.473	0.679	0.840
119	2504	34.069	16.787	1	90	258.593	2935	758	62	76	77.646	41.061	119.232	0.471	1.891	0.529	0.811
120	167	19.257	10.888	1	57	52.284	186	768	15	17	17.122	12.419	117.148	0.768	1.379	0.725	0.854
121	203	20.069	10.111	1	46	67.012	421	780	15	24	20.046	12.894	106.457	0.568	1.555	0.643	0.801
122	27	18.556	8.842	4	38	40.042	1666	782	6	11	8.452	4.068	95.447	0.212	2.078	0.481	0.505
123	745	32.852	16.327	1	78	132.468	1159	783	34	38	33.040	28.710	51.867	0.534	1.151	0.869	0.793
124	38	18.553	8.494	4	38	31.799	1377	783	10	10	10.096	4.792	126.350	0.472	2.107	0.475	0.623
125	102	35.088	16.085	5	68	48.770	3468	802	15	17	20.790	6.247	130.169	0.539	3.328	0.300	0.779
126	76	31.118	14.235	3	55	42.385	1660	803	9	14	14.450	6.697	109.413	0.532	2.158	0.463	0.784
127	1614	42.269	23.134	1	120	207.037	766	808	43	69	72.531	28.333	112.508	0.473	2.560	0.391	0.861
128	245	19.784	10.527	1	56	99.497	370	809	15	41	40.407	7.720	104.999	0.311	5.234	0.191	0.728
129	119	31.487	12.752	2	60	44.284	3321	811	12	16	14.760	10.266	89.103	0.763	1.438	0.696	0.824
130	2600	25.464	13.053	0	95	295.120	471	823	56	92	77.668	42.623	76.874	0.375	1.822	0.549	0.799
131	111	37.396	15.462	4	66	47.456	2116	825	12	17	15.693	9.006	119.161	0.619	1.742	0.574	0.793
132	2796	21.808	10.015	0	58	265.664	2307	829	68	64	63.884	55.726	4.307	0.498	1.146	0.872	0.865
133	283	18.102	9.040	0	43	79.154	3016	834	23	24	25.519	14.120	134.715	0.568	1.807	0.553	0.797
134	75	20.547	9.547	2	44	38.284	2923	840	11	12	11.350	8.413	59.944	0.643	1.349	0.741	0.773
135	300	33.070	13.189	3	69	72.669	3181	854	20	25	24.832	15.382	122.457	0.714	1.614	0.619	0.862
136	44	19.386	9.480	2	41	30.042	686	858	11	9	9.888	5.666	149.351	0.613	1.745	0.573	0.704
137	264	27.432	10.931	2	59	74.083	3253	870	18	27	28.031	11.991	117.050	0.604	2.338	0.428	0.843
138	35	13.657	7.063	2	30	24.971	1071	872	10	6	9.237	4.824	167.857	0.705	1.915	0.522	0.769
139	177	17.938	8.379	1	39	61.841	1276	882	14	21	18.441	12.221	75.046	0.582	1.509	0.663	0.783
140	47	13.830	6.489	2	29	34.627	1923	889	8	12	10.971	5.455	117.607	0.493	2.011	0.497	0.686
141	32	23.938	12.160	2	53	27.314	3439	902	5	11	9.251	4.404	104.665	0.539	2.100	0.476	0.753
142	355	18.901	8.879	1	42	85.740	1829	906	25	21	24.954	18.113	160.112	0.607	1.378	0.726	0.844
143	89	25.607	9.853	5	50	39.456	831	909	10	15	13.836	8.190	109.198	0.718	1.689	0.592	0.813
144	34	16.529	8.106	5	33	27.556	3096	923	9	8	8.129	5.325	146.871	0.563	1.526	0.655	0.694
145	44	15.136	8.878	1	41	28.385	243	945	8	10	8.749	6.403	125.597	0.686	1.366	0.732	0.746
146	4909	38.385	22.333	0	138	454.458	1233	948	96	111	91.793	68.092	115.144	0.299	1.348	0.742	0.718
147	128	26.906	12.603	6	60	51.698	3863	957	11	19	18.753	8.691	98.257	0.602	2.158	0.463	0.803
148	148	24.966	11.944	0	57	53.941	223	958	17	17	20.671	9.116	140.533	0.639	2.268	0.441	0.809
149	42	20.857	10.276	2	44	27.799	287	960	8	10	11.090	4.822	122.899	0.683	2.300	0.435	0.785
150	3767	26.494	13.521	0	81	344.475	3650	961	72	81	78.595	61.026	126.825	0.399	1.288	0.776	0.860
151	82	21.841	11.303	1	59	39.213	248	967	11	13	14.889	7.012	117.477	0.670	2.123	0.471	0.804
152	50	18.000	8.919	0	38	34.627	2123	967	8	13	11.111	5.729	122.500	0.524	1.939	0.516	0.725
153	192	23.380	10.370	1	52	62.770	2801	971	19	17	18.341	13.329	142.606	0.612	1.376	0.727	0.797
154	57	19.719	9.904	0	38	33.799	257	981	10	11	11.578	6.268	134.161	0.627	1.847	0.541	0.750
155	16	14.375	5.608	4	23	18.485	2127	982	3	8	8.399	2.426	94.429	0.588	3.463	0.289	0.800
156	1511	18.747	9.060	1	54	211.522	793	986	46	52	50.478	38.113	117.360	0.424	1.324	0.755	0.846
157	585	47.304	23.561	0	117	133.196	770	991	21	48	47.298	15.748	99.253	0.414	3.003	0.333	0.796
158	22	20.818	8.057	4	39	21.556	1214	996	6	8	7.251	3.863	111.763	0.595	1.877	0.533	0.677
159	3145	42.919	23.271	0	112	292.635	1546	996	73	73	71.896	55.696	151.345	0.462	1.291	0.775	0.842
160	55	24.345	10.321	7	48	39.213	3088	1004	11	12	11.605	6.034	129.098	0.449	1.923	0.520	0.621
161	233	26.562	12.612	1	72	81.497	394	1010	19	29	31.158	9.521	115.934	0.441	3.273	0.306	0.777
162	30	19.067	8.432	1	35	27.213	163	1011	7	10	9.490	4.025	117.437	0.509	2.358	0.424	0.645
163	23	18.696	7.326	5	35	23.556	3268	1016	7	8	7.857	3.727	116.679	0.521	2.108	0.474	0.648
164	102	50.000	21.732	6	98	47.941	313	1022	12	18	19.868	6.537	120.969	0.558	3.039	0.329	0.776
165	932	16.087	9.081	0	58	153.338	2985	1025	35	41	38.220	31.048	86.775	0.498	1.231	0.812	0.848
166	119	13.420	6.775	1	34	64.184	3231	1032	15	18	14.400	10.522	122.172	0.363	1.369	0.731	0.598
167	478	39.245	14.066	4	80	91.983	2138	1048	24	30	28.548	21.319	110.229	0.710	1.339	0.747	0.874
168	898	25.673	13.789	0	73	129.782	813	1067	31	46	46.444	24.618	118.175	0.670	1.887	0.530	0.904
169	10008	22.070	11.338	0	74	652.281	2820	1069	117	143	134.668	94.622	68.434	0.296	1.423	0.703	0.835
170	2993	21.908	10.798	0	71	357.061	3915	1080	64	87	73.863	51.593	100.121	0.295	1.432	0.698	0.780
171	43	20.535	10.588	4	41	25.314	3745	1085	6	9	8.985	6.094	107.079	0.843	1.474	0.678	0.915
172	1356	24.246	10.411	0	57	177.238	899	1095	41	45	44.813	38.527	103.802	0.542	1.163	0.860	0.867
173	291	23.450	11.227	2	64	76.083	694	1112	18	26	24.400	15.185	108.666	0.632	1.607	0.622	0.845
174	57	28.614	9.754	5	48	30.971	1373	1146	8	11	11.245	6.454	116.779	0.747	1.742	0.574	0.814
175	74	24.919	9.415	7	49	38.284	74	1147	11	12	12.410	7.592	123.207	0.634	1.635	0.612	0.755
176	54	16.667	10.556	1	44	34.042	155	1152	10	12	8.721	7.884	85.947	0.586	1.106	0.904	0.679
177	142	33.239	14.724	2	76	55.941	3173	1152	13	19	18.548	9.748	120.469	0.570	1.903	0.526	0.802
178	93	34.247	13.295	7	68	42.042	3488	1155	11	15	15.469	7.655	119.615	0.661	2.021	0.495	0.812
179	160	28.431	14.241	1	59	50.284	2294	1161	13	18	18.539	10.989	114.648	0.795	1.687	0.593	0.879
180	35	9.314	4.788	2	19	26.971	3966	1164	8	9	8.706	5.119	54.583	0.605	1.701	0.588	0.680
181	296	72.014	24.368	18	131	74.426	3109	1165	18	26	27.152	13.880	110.181	0.672	1.956	0.511	0.877
182	248	22.069	9.330	3	46	72.426	3409	1166	16	24	22.586	13.980	97.663	0.594	1.616	0.619	0.814
183	600	28.892	12.445	1	62	113.882	2002	1189	29	35	30.291	25.220	79.211	0.581	1.201	0.833	0.820
184	1473	34.945	17.822	0	89	201.865	3221	1189	49	60	57.441	32.650	125.856	0.454	1.759	0.568	0.821
185	90	22.400	9.462	4	46	41.113	963	1191	13	14	15.364	7.459	129.788	0.669	2.060	0.485	0.783
186	7317	40.017	25.097	0	140	423.446	2761	1196	98	138	144.639	64.411	113.768	0.513	2.246	0.445	0.862
187	44	13.432	7.990	1	26	42.042	144	1199	7	13	10.870	5.154	108.982	0.313	2.109	0.474	0.603
188	32	17.781	8.358	6	34	30.385	3301	1200	8	10	9.278	4.392	127.518	0.436	2.113	0.473	0.604
189	126	11.770	6.438	1	30	61.012	1237	1213	13	18	14.475	11.083	101.683	0.425	1.306	0.766	0.683
190	45	27.222	10.068	7	50	28.971	973	1220	7	11	10.485	5.465	102.688	0.674	1.919	0.521	0.811
191	1894	28.003	15.553	0	95	191.723	91	1239	49	61	64.622	37.317	124.264	0.648	1.732	0.577	0.910
192	326	48.178	26.399	2	119	82.326	3587	1239	26	26	29.758	13.948	134.195	0.604	2.133	0.469	0.846
193	793	51.376	23.201	3	111	113.882	415	1244	32	37	39.011	25.882	122.485	0.768	1.507	0.663	0.906
194	3350	22.860	11.301	0	68	313.747	1812	1248	75	71	87.548	48.720	142.381	0.428	1.797	0.556	0.889
195	221	14.516	7.210	1	37	89.397	1006	1252	20	23	21.839	12.885	65.107	0.348	1.695	0.590	0.652
196	4986	25.166	11.823	0	76	381.103	3371	1256	98	85	103.814	61.151	150.301	0.431	1.698	0.589	0.874
197	28	12.143	7.347	1	26	26.385	1758	1265	9	8	7.034	5.069	132.162	0.505	1.388	0.721	0.596
198	947	31.172	14.355	1	76	142.853	1123	1285	33	47	42.490	28.377	103.341	0.583	1.497	0.668	0.861
199	3127	40.884	20.134	1	119	319.262	2514	1295	51	106	94.923	41.944	104.480	0.386	2.263	0.442	0.815
200	147	33.163	13.319	4	70	55.113	3107	1313	14	18	18.023	10.385	126.363	0.608	1.736	0.576	0.797
201	236	24.449	10.621	2	51	63.598	2341	1319	18	21	19.931	15.076	114.036	0.733	1.322	0.756	0.852
202	339	15.457	8.301	1	46	97.983	3687	1319	29	22	26.718	16.155	155.148	0.444	1.654	0.605	0.783
203	27	14.370	6.823	3	27	23.556	1854	1330	6	9	7.917	4.342	111.742	0.611	1.823	0.548	0.720
204	344	34.442	13.859	4	74	82.569	1410	1338	25	23	24.517	17.865	141.228	0.634	1.372	0.729	0.837
205	24	15.542	7.768	6	36	20.728	1872	1344	5	8	7.974	3.832	108.561	0.702	2.081	0.481	0.762
206	756	25.024	12.067	1	72	185.480	778	1345	25	63	58.288	16.514	104.192	0.276	3.530	0.283	0.765
207	486	23.642	12.824	0	65	107.640	5	1372	25	31	27.433	22.556	107.549	0.527	1.216	0.822	0.823
208	18	21.333	7.268	8	33	18.728	37	1375	6	6	5.492	4.173	167.886	0.645	1.316	0.760	0.667
209	412	22.726	11.948	2	74	93.740	566	1376	22	34	34.188	15.344	107.293	0.589	2.228	0.449	0.818
210	364	24.349	10.986	1	56	100.225	1315	1379	22	29	27.958	16.577	124.873	0.455	1.687	0.593	0.777
211	289	22.356	9.304	3	43	90.326	3619	1382	20	27	23.754	15.491	116.519	0.445	1.533	0.652	0.756
212	313	15.256	7.408	1	39	92.326	720	1400	22	23	20.438	19.499	70.167	0.461	1.048	0.954	0.767
213	32	18.406	8.519	2	36	25.556	3300	1408	6	10	9.506	4.286	107.144	0.616	2.218	0.451	0.727
214	126	21.151	10.757	2	57	51.598	784	1413	14	18	17.110	9.376	120.300	0.595	1.825	0.548	0.780
215	219	13.342	7.248	0	38	116.711	2916	1414	22	27	20.058	13.902	123.131	0.202	1.443	0.693	0.567
216	59	34.203	16.142	4	84	32.627	3845	1418	9	12	13.155	5.710	122.323	0.696	2.304	0.434	0.808
217	605	18.215	9.535	0	52	114.711	2857	1419	30	33	35.287	21.830	130.599	0.578	1.616	0.619	0.847
218	753	17.578	8.209	0	47	154.610	1167	1425	34	37	37.516	25.556	124.516	0.396	1.468	0.681	0.795
219	1829	34.794	18.145	0	97	196.794	942	1427	46	64	57.794	40.294	85.078	0.593	1.434	0.697	0.868
220	63	18.492	10.203	2	44	34.627	540	1436	10	12	12.755	6.289	116.939	0.660	2.028	0.493	0.792
221	1943	22.227	10.567	0	59	248.978	1918	1436	79	43	77.964	31.731	178.331	0.394	2.457	0.407	0.704
222	56	12.893	7.857	1	35	56.284	2926	1440	15	11	11.344	6.286	25.010	0.222	1.805	0.554	0.477
223	2111	42.928	21.295	1	113	247.563	779	1444	58	83	88.846	30.252	118.931	0.433	2.937	0.341	0.845
224	3038	38.665	20.461	0	112	265.664	3747	1445	61	88	90.129	42.918	113.333	0.541	2.100	0.476	0.895
225	1097	20.266	9.552	1	56	153.095	3085	1450	38	43	44.602	31.316	125.931	0.588	1.424	0.702	0.874
226	7208	30.066	16.666	0	93	478.742	2416	1455	123	110	119.165	77.015	148.736	0.395	1.547	0.646	0.833
227	72	29.292	12.619	5	60	46.284	203	1469	12	16	16.547	5.540	116.420	0.422	2.987	0.335	0.682
228	346	15.558	8.263	1	45	92.326	343	1469	19	29	27.494	16.023	98.996	0.510	1.716	0.583	0.809
229	634	40.032	25.398	1	107	140.368	1171	1493	27	51	55.888	14.444	110.161	0.404	3.869	0.258	0.785
230	282	41.979	18.929	5	103	73.598	3709	1497	20	23	23.854	15.052	136.695	0.654	1.585	0.631	0.844
231	676	45.428	21.744	1	94	121.397	1	1500	26	43	42.242	20.376	112.542	0.576	2.073	0.482	0.863
232	3686	22.461	10.583	0	62	384.274	2943	1502	69	104	95.742	49.019	102.182	0.314	1.953	0.512	0.794
233	62	13.532	6.880	1	29	49.941	2271	1511	10	14	11.122	7.098	81.078	0.312	1.567	0.638	0.554
234	604	17.452	8.027	0	46	112.811	1661	1518	31	32	28.493	26.991	133.438	0.596	1.056	0.947	0.851
235	104	47.913	16.218	11	78	44.284	727	1526	13	15	16.197	8.175	121.183	0.666	1.981	0.505	0.806
236	16	17.500	10.777	5	43	19.899	2879	1527	4	8	8.057	2.529	111.510	0.508	3.186	0.314	0.744
237	71	19.718	11.059	1	45	53.012	2301	1533	16	16	18.891	4.785	131.296	0.317	3.948	0.253	0.607
238	132	13.553	6.422	1	39	62.184	2595	1534	18	13	16.225	10.358	166.793	0.429	1.566	0.638	0.698
239	114	27.570	12.712	3	63	44.284	3655	1540	14	14	13.212	10.986	126.944	0.730	1.203	0.832	0.817
240	21	20.190	9.448	8	37	25.556	3305	1556	8	7	7.954	3.362	128.933	0.404	2.366	0.423	0.568
241	208	48.399	16.424	7	93	67.355	1972	1559	15	23	22.127	11.969	116.742	0.576	1.849	0.541	0.819
242	69	23.058	9.037	2	43	36.627	733	1561	8	15	14.785	5.942	114.125	0.646	2.488	0.402	0.836
243	650	33.992	16.898	2	86	111.154	3843	1568	32	32	36.519	22.662	133.618	0.661	1.611	0.621	0.883
244	1939	24.384	14.732	0	73	219.421	1327	1571	44	73	70.304	35.116	83.915	0.506	2.002	0.499	0.829
245	197	20.137	10.089	1	55	82.326	3669	1578	29	21	32.334	7.757	149.746	0.365	4.168	0.240	0.689
246	106	15.736	6.582	2	34	62.426	904	1580	14	17	13.850	9.745	95.979	0.342	1.421	0.704	0.635
247	64	17.797	8.614	1	39	35.456	2749	1584	11	12	14.325	5.689	127.676	0.640	2.518	0.397	0.771
248	87	44.471	18.623	8	87	43.698	1916	1597	10	17	16.258	6.813	117.689	0.573	2.386	0.419	0.798
249	2184	16.968	8.706	0	53	349.304	1466	1612	45	103	105.602	26.332	77.540	0.225	4.010	0.249	0.703
250	191	19.042	9.270	1	60	74.083	2189	1614	18	19	18.573	13.094	119.299	0.437	1.418	0.705	0.718
251	466	18.751	9.119	1	47	91.497	2145	1616	28	24	26.407	22.469	156.506	0.699	1.175	0.851	0.870
252	331	18.100	9.763	2	52	84.083	1541	1629	24	25	22.126	19.048	133.865	0.588	1.162	0.861	0.818
253	26	15.385	7.473	5	38	24.385	3322	1635	7	9	8.252	4.012	124.959	0.549	2.057	0.486	0.684
254	179	19.659	10.832	0	49	73.255	458	1645	15	24	22.135	10.297	74.496	0.419	2.150	0.465	0.688
255	4147	27.551	12.813	0	68	336.617	2357	1658	80	103	102.698	51.414	122.758	0.460	1.997	0.501	0.875
256	945	18.294	9.509	0	51	141.095	2057	1664	42	33	41.804	28.782	162.819	0.597	1.452	0.689	0.854
257	41	25.000	11.813	2	59	35.456	3175	1670	9	12	11.172	4.673	113.291	0.410	2.391	0.418	0.603
258	23	18.913	8.872	1	34	20.728	3065	1677	7	6	6.123	4.782	129.973	0.673	1.280	0.781	0.719
259	149	61.826	20.872	7	113	51.698	2625	1683	14	18	18.615	10.192	121.901	0.701	1.826	0.548	0.832
260	258	17.930	9.878	1	45	107.882	3712	1683	23	37	37.984	8.648	114.563	0.279	4.392	0.228	0.667
261	2190	22.312	10.593	0	59	262.492	2271	1696	55	73	75.884	36.746	66.936	0.399	2.065	0.484	0.754
262	2445	37.420	16.019	0	101	255.078	2903	1700	69	77	93.070	33.449	130.454	0.472	2.782	0.359	0.863
263	27	18.815	9.406	5	34	24.971	1571	1705	7	9	9.312	3.692	127.276	0.544	2.522	0.396	0.701
264	36	14.694	7.062	3	30	35.799	3021	1706	10	11	9.421	4.866	68.654	0.353	1.936	0.516	0.518
265	79	37.253	14.068	5	71	41.213	2975	1721	11	14	14.893	6.754	125.669	0.584	2.205	0.454	0.802
266	1663	35.196	16.917	0	90	198.208	3732	1737	49	60	64.301	32.930	119.755	0.532	1.953	0.512	0.874
267	23	17.043	10.408	2	39	24.142	3060	1783	5	10	9.710	3.016	109.488	0.496	3.220	0.311	0.708
268	333	14.946	7.911	0	41	107.054	3624	1787	21	24	23.430	18.096	105.540	0.365	1.295	0.772	0.784
269	188	18.521	8.581	2	44	84.083	3868	1790	25	17	23.136	10.346	154.559	0.334	2.236	0.447	0.663
270	16	17.688	9.343	5	34	14.485	2951	1793	4	5	5.186	3.928	127.982	0.958	1.320	0.757	0.889
271	78	29.346	10.284	8	51	37.113	2228	1812	11	13	11.737	8.462	120.008	0.712	1.387	0.721	0.788
272	42	22.119	10.158	3	39	27.799	458	1813	8	10	9.812	5.450	125.616	0.683	1.801	0.555	0.743
273	3626	29.543	17.806	0	93	332.676	817	1813	70	89	70.888	65.128	87.287	0.412	1.088	0.919	0.801
274	314	26.968	12.269	1	61	92.326	3730	1814	17	33	33.273	12.016	106.820	0.463	2.769	0.361	0.777
275	4373	28.402	13.179	0	79	359.446	2619	1849	90	82	82.864	67.193	134.552	0.425	1.233	0.811	0.843
276	17	47.059	18.380	12	80	21.657	3997	1853	2	10	10.226	2.117	93.048	0.455	4.831	0.207	0.919
277	291	13.557	7.046	0	32	94.225	3761	1855	18	25	23.327	15.883	102.948	0.412	1.469	0.681	0.761
278	196	24.566	11.226	0	53	86.083	1108	1858	20	20	20.077	12.430	143.995	0.332	1.615	0.619	0.714
279	330	22.500	9.721	1	51	85.012	3981	1871	18	28	24.700	17.011	106.517	0.574	1.452	0.689	0.841
280	22	19.773	7.400	4	34	25.556	2593	1893	7	8	8.113	3.453	134.901	0.423	2.350	0.426	0.595
281	535	31.037	16.858	1	84	94.912	626	1895	24	32	33.041	20.616	116.705	0.746	1.603	0.624	0.907
282	19	12.368	7.974	3	30	19.314	3120	1896	5	7	7.832	3.089	65.673	0.640	2.536	0.394	0.717
283	102	17.265	8.541	2	43	55.941	2797	1910	14	18	19.755	6.574	121.411	0.410	3.005	0.333	0.664
284	104	23.808	12.735	0	54	57.113	3201	1914	13	22	22.857	5.793	120.652	0.401	3.945	0.253	0.730
285	46	14.913	6.538	4	28	31.799	3916	1918	9	10	9.741	6.013	136.353	0.572	1.620	0.617	0.724
286	2961	36.734	19.702	1	121	388.174	661	1923	85	132	118.495	31.816	123.492	0.247	3.724	0.269	0.690
287	81	37.556	15.115	6	78	44.284	30	1928	11	17	16.832	6.127	119.388	0.519	2.747	0.364	0.810
288	52	23.885	9.068	8	43	31.799	2448	1932	8	12	12.985	5.099	116.557	0.646	2.547	0.393	0.794
289	401	33.835	15.078	4	74	81.497	3105	1935	27	23	26.470	19.289	148.754	0.759	1.372	0.729	0.879
290	82	15.756	8.807	1	34	40.870	515	1944	12	11	11.065	9.436	173.126	0.617	1.173	0.853	0.770
291	45	22.800	11.265	4	53	26.971	3539	1946	6	11	11.174	5.127	109.017	0.777	2.179	0.459	0.841
292	1404	22.079	10.432	0	64	187.823	228	1950	40	54	54.636	32.719	108.038	0.500	1.670	0.599	0.845
293	828	63.729	27.964	4	144	131.539	41	1967	32	48	50.768	20.766	117.234	0.601	2.445	0.409	0.893
294	146	22.973	11.424	3	52	57.355	2787	1994	14	21	20.308	9.154	122.467	0.558	2.219	0.451	0.789
295	290	30.297	14.563	3	67	90.326	1455	1995	28	21	28.470	12.969	153.701	0.447	2.195	0.456	0.726
296	40	11.925	5.408	2	24	35.799	3750	1997	9	10	10.880	4.681	124.701	0.392	2.324	0.430	0.593
297	103	13.971	7.297	2	35	56.770	3988	2002	11	18	15.374	8.530	79.242	0.402	1.802	0.555	0.698
298	20	21.050	7.970	10	35	25.556	184	2008	6	9	7.862	3.239	108.387	0.385	2.427	0.412	0.563
299	71	24.042	9.506	6	46	38.042	1380	2009	11	11	12.214	7.401	127.493	0.617	1.650	0.606	0.780
300	55	17.309	10.088	2	38	44.284	2121	2042	10	17	17.634	3.971	115.080	0.352	4.440	0.225	0.663
301	143	44.937	18.002	5	88	49.698	2963	2054	14	17	19.915	9.142	124.912	0.728	2.178	0.459	0.859
302	147	19.701	10.236	1	53	64.669	698	2055	17	21	22.968	8.149	122.925	0.442	2.818	0.355	0.714
303	291	23.955	11.582	1	59	87.640	3585	2056	23	29	31.221	11.867	125.033	0.476	2.631	0.380	0.779
304	111	28.234	12.209	2	65	46.042	309	2057	14	14	16.058	8.801	132.922	0.658	1.824	0.548	0.796
305	184	24.880	12.813	2	61	80.326	752	2059	23	27	30.691	7.633	130.312	0.358	4.021	0.249	0.701
306	277	18.921	9.398	1	47	74.083	910	2065	21	20	20.084	17.560	137.522	0.634	1.144	0.874	0.842
307	308	26.740	11.949	1	70	87.054	1071	2084	22	27	25.594	15.323	118.105	0.511	1.670	0.599	0.794
308	44	15.250	8.041	2	33	34.385	1434	2084	10	9	11.099	5.048	126.334	0.468	2.199	0.455	0.693
309	63	18.556	7.293	2	38	31.799	1372	2086	8	12	11.417	7.026	97.788	0.783	1.625	0.615	0.851
310	33	18.000	7.802	4	38	26.971	1138	2087	6	11	11.020	3.813	110.906	0.570	2.890	0.346	0.742
311	20	20.650	10.287	3	42	18.728	3876	2106	5	7	7.513	3.389	118.089	0.717	2.217	0.451	0.755
312	109	20.615	9.245	2	43	48.284	2245	2112	12	17	16.049	8.647	114.127	0.588	1.856	0.539	0.762
313	31	13.194	7.035	3	31	25.556	817	2127	9	6	8.277	4.769	12.768	0.596	1.736	0.576	0.705
314	1893	26.470	16.460	1	98	223.279	2689	2132	42	81	80.006	30.126	103.697	0.477	2.656	0.377	0.818
315	76	18.974	8.851	2	39	40.870	776	2133	11	13	13.528	7.153	124.381	0.572	1.891	0.529	0.724
316	48	20.833	9.456	4	40	33.456	2754	2134	9	10	10.078	6.064	118.433	0.539	1.662	0.602	0.706
317	1661	27.786	16.422	1	89	243.664	2579	2135	57	86	95.976	22.035	121.398	0.352	4.356	0.230	0.859
318	709	25.711	11.696	1	63	129.296	740	2137	31	38	36.829	24.511	133.141	0.533	1.503	0.666	0.847
319	17	12.706	5.554	3	21	17.314	2282	2149	5	6	6.508	3.326	117.312	0.713	1.957	0.511	0.773
320	20	25.000	10.848	4	48	21.556	314	2162	5	8	6.917	3.682	97.204	0.541	1.879	0.532	0.645
321	740	45.162	22.785	1	109	128.267	1179	2164	38	44	52.281	18.022	129.998	0.565	2.901	0.345	0.875
322	142	26.923	10.126	5	52	55.456	222	2178	13	20	20.560	8.794	111.126	0.580	2.338	0.428	0.798
323	395	26.071	11.839	2	60	84.912	3374	2179	23	28	26.584	18.918	83.967	0.688	1.405	0.712	0.837
324	78	24.231	9.115	7	48	38.284	2646	2182	13	11	13.126	7.566	144.402	0.669	1.735	0.576	0.784
325	235	38.089	16.368	2	79	70.184	2125	2188	21	22	26.100	11.464	129.786	0.600	2.277	0.439	0.817
326	287	19.111	9.453	1	48	95.983	3095	2190	26	31	33.022	11.066	122.860	0.391	2.984	0.335	0.736
327	5836	25.005	13.485	0	82	546.056	2463	2193	98	137	114.126	65.109	115.614	0.246	1.753	0.571	0.738
328	139	19.381	9.592	1	54	63.598	2915	2194	16	17	17.307	10.226	120.422	0.432	1.693	0.591	0.745
329	6839	23.314	12.028	0	76	440.801	1567	2209	107	111	125.963	69.129	137.338	0.442	1.822	0.549	0.879
330	91	15.154	7.675	0	33	71.012	1009	2211	16	20	20.548	5.639	115.947	0.227	3.644	0.274	0.543
331	38	22.000	9.094	5	41	34.042	1275	2214	8	12	12.536	3.860	115.417	0.412	3.248	0.308	0.650
332	78	40.308	14.329	9	77	38.042	899	2223	9	15	15.349	6.470	114.814	0.677	2.372	0.422	0.839
333	1965	34.011	15.290	0	86	223.037	3914	2224	43	82	81.508	30.695	104.799	0.496	2.655	0.377	0.862
334	93	17.634	7.867	3	34	40.284	2442	2225	11	14	12.836	9.225	99.734	0.720	1.391	0.719	0.795
335	1572	31.403	16.508	1	88	195.723	3565	2227	57	51	63.621	31.460	148.961	0.516	2.022	0.495	0.820
336	164	16.561	8.337	1	38	59.841	117	2232	19	16	18.883	11.058	152.980	0.576	1.708	0.586	0.761
337	6000	30.606	18.460	0	111	524.198	1022	2234	107	140	125.233	61.002	123.101	0.274	2.053	0.487	0.729
338	15757	22.845	15.195	0	105	887.016	2964	2236	167	183	177.423	113.077	127.668	0.252	1.569	0.637	0.754
339	5684	24.344	11.331	0	69	383.002	3621	2236	107	101	102.351	70.709	135.623	0.487	1.448	0.691	0.877
340	446	29.480	14.436	1	75	97.154	3736	2247	24	30	27.661	20.530	74.247	0.594	1.347	0.742	0.812
341	22	14.682	7.383	3	30	22.971	1790	2249	5	8	7.482	3.744	89.934	0.524	1.998	0.500	0.647
342	21	16.238	8.276	4	34	24.385	1313	2257	8	8	9.166	2.917	130.850	0.444	3.142	0.318	0.600
343	37	19.811	8.714	5	39	28.971	1904	2262	6	12	12.086	3.898	113.116	0.554	3.101	0.323	0.779
344	549	17.714	9.519	0	48	129.296	1	2266	28	39	34.699	20.145	112.471	0.413	1.722	0.581	0.772
345	1268	41.448	16.318	1	89	166.652	203	2269	45	45	52.102	30.987	138.206	0.574	1.681	0.595	0.868
346	85	21.871	9.333	4	42	39.213	2945	2275	10	14	14.090	7.681	117.058	0.695	1.834	0.545	0.850
347	219	38.689	18.064	1	77	70.184	113	2276	14	27	26.753	10.423	109.919	0.559	2.567	0.390	0.830
348	618	29.764	11.562	1	63	113.539	580	2276	28	37	36.895	21.327	116.072	0.602	1.730	0.578	0.865
349	5742	37.680	21.269	1	139	429.428	3421	2291	86	135	132.456	55.195	109.553	0.391	2.400	0.417	0.791
350	167	32.689	13.337	4	66	54.527	1748	2305	13	21	20.581	10.331	108.777	0.706	1.992	0.502	0.861
351	93	33.774	13.025	4	70	43.799	2205	2311	12	14	14.128	8.381	117.415	0.609	1.686	0.593	0.785
352	49	16.000	8.155	3	38	33.213	3225	2339	10	11	12.503	4.990	124.218	0.558	2.506	0.399	0.742
353	3025	22.845	12.412	0	71	283.948	1860	2344	72	77	77.689	49.576	132.571	0.471	1.567	0.638	0.841
354	263	22.886	11.424	0	62	78.912	3205	2357	18	30	30.835	10.860	113.670	0.531	2.839	0.352	0.823
355	38	15.737	8.642	1	46	35.213	1129	2373	10	12	11.033	4.385	126.858	0.385	2.516	0.397	0.547
356	303	15.030	7.603	1	37	117.196	3825	2378	22	33	30.590	12.612	117.620	0.277	2.426	0.412	0.653
357	160	14.706	8.264	1	39	98.225	1142	2384	30	30	36.656	5.558	140.064	0.208	6.596	0.152	0.544
358	68	13.926	6.754	1	35	41.799	3094	2409	12	11	11.930	7.257	39.887	0.489	1.644	0.608	0.687
359	70	18.800	10.004	2	38	55.113	333	2411	10	16	15.479	5.758	117.451	0.290	2.688	0.372	0.664
360	458	20.188	10.361	0	57	114.953	694	2413	25	34	33.468	17.424	109.574	0.436	1.921	0.521	0.779
361	58	14.741	7.045	2	31	54.527	1172	2414	17	11	14.472	5.103	146.207	0.245	2.836	0.353	0.516
362	26	18.615	7.823	4	37	23.556	1644	2424	6	9	7.895	4.193	113.231	0.589	1.883	0.531	0.722
363	1155	47.950	23.301	1	106	199.179	2266	2428	55	68	79.393	18.523	125.845	0.366	4.286	0.233	0.843
364	165	13.733	7.199	1	37	118.125	1197	2431	35	26	34.197	6.143	142.184	0.149	5.566	0.180	0.525
365	1319	25.505	11.888	0	66	190.894	3711	2435	51	58	68.708	24.443	126.594	0.455	2.811	0.356	0.837
366	24	30.458	10.587	8	50	21.556	2929	2445	6	8	9.113	3.353	123.954	0.649	2.718	0.368	0.738
367	187	18.481	9.435	0	44	62.284	1088	2447	17	19	19.899	11.965	123.440	0.606	1.663	0.601	0.808
368	32	11.281	5.419	1	22	31.799	3877	2449	9	10	10.874	3.747	133.048	0.398	2.902	0.345	0.593
369	308	16.289	7.989	1	38	91.397	2107	2463	20	25	22.774	17.220	101.566	0.463	1.323	0.756	0.767
370	3613	18.643	9.503	0	56	311.019	2322	2466	75	74	79.403	57.935	140.810	0.469	1.371	0.730	0.865
371	65	12.615	7.715	1	39	43.698	1195	2467	10	15	13.799	5.998	118.797	0.428	2.301	0.435	0.637
372	1700	20.184	9.707	0	57	246.149	2026	2481	47	72	71.282	30.365	111.278	0.353	2.347	0.426	0.793
373	77	31.299	13.974	5	64	45.698	726	2488	13	15	16.027	6.117	124.876	0.463	2.620	0.382	0.691
374	52	21.423	11.414	2	51	34.385	1904	2503	9	10	9.519	6.956	115.774	0.553	1.369	0.731	0.712
375	406	26.392	10.919	1	62	90.811	3146	2503	22	30	28.774	17.966	111.979	0.619	1.602	0.624	0.831
376	964	22.177	9.362	1	50	177.480	226	2505	35	48	48.570	25.271	114.293	0.385	1.922	0.520	0.820
377	46	17.696	9.656	3	38	39.456	947	2509	9	14	13.179	4.444	113.118	0.371	2.965	0.337	0.634
378	579	28.299	12.920	1	72	124.610	3082	2529	29	36	36.510	20.192	125.513	0.469	1.808	0.553	0.828
379	47	9.319	5.798	1	22	33.456	3650	2529	12	9	12.549	4.769	153.239	0.528	2.631	0.380	0.734
380	2994	28.990	15.330	0	79	255.321	3373	2539	62	73	75.106	50.756	119.595	0.577	1.480	0.676	0.919
381	1590	27.162	13.346	1	71	222.007	2353	2547	45	73	67.472	30.004	105.689	0.405	2.249	0.445	0.809
382	462	16.970	9.015	1	44	112.468	2028	2556	26	29	25.193	23.349	55.579	0.459	1.079	0.927	0.790
383	712	25.753	12.754	0	64	130.853	2963	2560	38	36	43.723	20.734	133.131	0.523	2.109	0.474	0.855
384	1871	22.625	11.594	0	65	236.593	3163	2568	52	63	71.980	33.096	123.129	0.420	2.175	0.460	0.852
385	19	23.474	13.434	5	46	18.728	1522	2581	6	6	6.884	3.514	130.296	0.681	1.959	0.510	0.691
386	93	21.817	10.122	5	49	45.456	2438	2593	10	17	15.568	7.606	114.457	0.566	2.047	0.489	0.785
387	682	18.985	9.464	1	54	121.782	84	2607	28	38	37.660	23.058	113.257	0.578	1.633	0.612	0.866
388	17	21.765	9.556	4	35	19.314	1204	2611	5	7	6.168	3.509	129.685	0.573	1.758	0.569	0.654
389	199	36.457	15.477	7	73	65.841	2090	2612	18	23	25.176	10.064	127.420	0.577	2.502	0.400	0.826
390	477	47.260	24.493	2	107	100.225	1598	2615	25	35	37.568	16.166	120.045	0.597	2.324	0.430	0.866
391	3695	29.100	15.609	0	86	689.151	3081	2636	78	261	222.219	21.171	101.391	0.098	10.496	0.095	0.444
392	78	31.436	12.785	3	62	40.042	2493	2637	9	14	13.865	7.163	112.672	0.611	1.936	0.517	0.808
393	29	14.897	9.178	2	39	26.971	3578	2646	6	11	10.901	3.387	109.745	0.501	3.218	0.311	0.707
394	694	30.099	15.706	0	80	132.267	2350	2650	31	42	44.843	19.705	119.358	0.499	2.276	0.439	0.836
395	83	12.590	7.413	1	36	40.042	3198	2651	13	10	11.940	8.851	160.274	0.651	1.349	0.741	0.787
396	3442	19.495	9.983	0	69	418.316	1621	2654	119	57	119.846	36.568	171.644	0.247	3.277	0.305	0.679
397	92	20.326	9.602	1	46	43.113	3580	2668	11	14	12.071	9.704	113.439	0.622	1.244	0.804	0.773
398	17	16.000	8.711	2	34	20.728	2080	2671	4	8	6.479	3.341	92.919	0.497	1.939	0.516	0.654
399	105	21.533	9.022	3	41	44.284	2031	2674	12	14	13.263	10.080	103.780	0.673	1.316	0.760	0.789
400	43	16.372	7.597	3	40	30.385	1345	2679	8	11	9.954	5.500	112.142	0.585	1.810	0.553	0.699
401	1745	29.582	15.280	0	79	342.960	722	2683	72	75	85.947	25.851	133.009	0.186	3.325	0.301	0.662
402	338	43.491	24.061	1	114	84.811	2422	2685	23	30	31.489	13.667	124.224	0.591	2.304	0.434	0.838
403	2671	23.707	10.924	0	70	249.421	216	2695	72	55	70.231	48.424	161.093	0.540	1.450	0.689	0.892
404	3130	26.629	12.829	0	78	268.149	1786	2699	80	68	74.789	53.286	151.027	0.547	1.404	0.712	0.875
405	342	30.386	12.497	3	64	79.497	2674	2700	21	27	27.116	16.059	120.527	0.680	1.689	0.592	0.853
406	160	14.500	7.930	0	37	68.770	1650	2704	14	23	19.282	10.565	99.257	0.425	1.825	0.548	0.732
407	48	30.625	12.072	10	58	31.456	2604	2707	9	12	11.418	5.352	125.299	0.610	2.133	0.469	0.750
408	563	17.861	8.666	0	44	113.882	2097	2708	28	30	29.339	24.433	124.440	0.546	1.201	0.833	0.850
409	5538	24.066	12.094	0	70	419.387	3751	2723	110	90	102.903	68.523	158.570	0.396	1.502	0.666	0.836
410	345	14.400	7.717	0	43	101.983	701	2733	23	27	22.829	19.241	119.191	0.417	1.186	0.843	0.768
411	1233	18.397	9.100	0	49	170.309	1589	2735	48	40	48.757	32.199	145.919	0.534	1.514	0.660	0.877
412	69	26.536	13.006	7	54	35.213	321	2738	9	13	14.711	5.972	120.025	0.699	2.463	0.406	0.847
413	434	38.297	15.722	2	89	101.154	980	2743	22	38	39.517	13.983	111.038	0.533	2.826	0.354	0.846
414	124	24.629	11.548	1	55	45.456	3980	2751	14	14	15.874	9.946	133.684	0.754	1.596	0.627	0.835
415	3510	25.753	12.450	0	68	278.735	2968	2764	77	78	93.356	47.871	138.292	0.568	1.950	0.513	0.901
416	898	16.087	8.612	0	54	152.167	663	2765	31	45	41.216	27.741	93.637	0.487	1.486	0.673	0.842
417	49	15.714	7.550	3	34	39.213	3591	2768	10	11	9.648	6.466	108.352	0.400	1.492	0.670	0.616
418	48	17.750	8.741	2	39	33.213	1093	2774	9	12	13.052	4.682	111.239	0.547	2.787	0.359	0.706
419	215	23.233	11.227	1	58	73.497	3583	2781	20	24	26.609	10.288	127.410	0.500	2.586	0.387	0.769
420	1068	32.396	15.743	0	78	154.995	2806	2789	38	56	59.886	22.707	116.848	0.559	2.637	0.379	0.887
421	60	40.333	16.844	4	71	31.799	731	2794	8	11	11.649	6.558	114.570	0.746	1.776	0.563	0.828
422	145	37.717	16.265	4	80	53.941	2323	2796	14	20	18.796	9.822	120.830	0.626	1.914	0.523	0.810
423	46	26.457	13.204	6	51	30.971	2861	2798	8	11	11.254	5.204	129.402	0.603	2.163	0.462	0.760
424	313	45.748	16.813	5	87	76.912	154	2799	21	25	26.354	15.122	123.301	0.665	1.743	0.574	0.856
425	30	13.333	7.644	2	35	34.971	1637	2801	8	12	7.316	5.221	93.938	0.308	1.401	0.714	0.488
426	124	14.419	6.963	1	31	64.184	1911	2816	16	18	13.729	11.500	171.271	0.378	1.194	0.838	0.646
427	97	28.309	12.853	3	61	40.042	3172	2828	11	14	13.523	9.133	116.445	0.760	1.481	0.675	0.836
428	68	17.309	8.229	3	37	45.113	1899	2833	11	14	14.844	5.833	118.702	0.420	2.545	0.393	0.660
429	242	25.661	12.568	4	61	71.255	197	2840	18	25	21.769	14.154	105.757	0.599	1.538	0.650	0.800
430	101	21.802	10.752	2	50	48.527	308	2847	11	16	14.876	8.645	104.167	0.539	1.721	0.581	0.740
431	134	32.142	13.034	3	66	52.284	563	2848	10	20	19.965	8.546	106.392	0.616	2.336	0.428	0.843
432	68	22.426	10.222	4	53	35.799	485	2851	9	13	12.418	6.972	110.022	0.667	1.781	0.561	0.800
433	142	44.725	16.010	8	79	51.355	1563	2859	14	18	19.717	9.170	121.109	0.677	2.150	0.465	0.828
434	285	16.481	8.651	1	42	78.669	2478	2869	20	25	23.339	15.548	113.346	0.579	1.501	0.666	0.810
435	16	21.125	9.099	8	42	16.728	2541	2877	5	6	7.008	2.907	127.110	0.719	2.411	0.415	0.744
436	138	46.899	18.783	5	97	53.698	3928	2885	14	19	19.530	8.997	123.809	0.601	2.171	0.461	0.812
437	478	40.038	19.431	2	88	119.196	214	2890	37	37	48.406	12.573	137.812	0.423	3.850	0.260	0.786
438	198	19.808	9.689	1	48	61.941	3980	2892	19	17	19.160	13.157	148.286	0.649	1.456	0.687	0.830
439	1023	17.380	8.518	0	46	154.167	3317	2894	38	41	39.101	33.312	118.632	0.541	1.174	0.852	0.855
440	40	15.025	8.760	1	32	36.042	1993	2904	11	8	9.010	5.652	158.622	0.387	1.594	0.627	0.611
441	1638	16.998	8.821	0	52	219.865	3127	2911	49	59	55.844	37.346	66.008	0.426	1.495	0.669	0.822
442	68	16.368	8.361	0	38	42.870	264	2915	10	12	10.643	8.135	90.568	0.465	1.308	0.764	0.727
443	142	12.831	6.340	2	31	87.497	2075	2920	14	26	22.502	8.035	105.131	0.233	2.800	0.357	0.578
444	190	30.553	13.561	4	72	57.941	2321	2924	16	19	20.920	11.564	123.843	0.711	1.809	0.553	0.852
445	35	18.657	10.680	3	44	29.213	2941	2927	8	9	7.709	5.780	125.371	0.515	1.334	0.750	0.636
446	440	67.498	26.123	3	125	99.983	3019	2930	22	37	40.064	13.983	113.156	0.553	2.865	0.349	0.862
447	499	36.852	14.250	4	83	103.882	623	2933	31	30	35.917	17.689	141.363	0.581	2.030	0.492	0.845
448	213	25.371	11.214	4	63	67.012	1025	2933	19	20	20.821	13.026	125.896	0.596	1.598	0.626	0.818
449	253	23.901	11.819	2	55	73.941	2447	2984	28	15	24.857	12.959	162.032	0.582	1.918	0.521	0.858
450	48	21.667	11.928	1	51	45.113	3982	2987	11	11	10.767	5.676	134.685	0.296	1.897	0.527	0.568
451	100	32.560	14.349	8	74	42.042	1059	2988	14	11	14.081	9.042	137.702	0.711	1.557	0.642	0.862
