 	Area	Mean	StdDev	Min	Max	Perim.	BX	BY	Width	Height	Major	Minor	Angle	Circ.	AR	Round	Solidity
1	514	26.745	12.476	2	67	136.368	2779	2	44	26	36.633	17.865	168.470	0.347	2.051	0.488	0.672
2	33	32.121	10.703	8	48	22.728	522	5	6	8	7.642	5.498	94.798	0.803	1.390	0.719	0.846
3	30	14.767	7.137	3	31	23.556	3918	5	8	7	7.945	4.807	144.466	0.679	1.653	0.605	0.741
4	46	22.565	9.062	9	45	28.971	2463	8	11	7	10.065	5.819	6.033	0.689	1.730	0.578	0.786
5	1497	46.361	23.271	1	119	238.593	3433	15	74	47	56.792	33.562	13.225	0.330	1.692	0.591	0.676
6	2891	44.484	25.028	0	133	281.563	2501	16	92	67	96.877	37.996	30.198	0.458	2.550	0.392	0.808
7	53	17.264	8.832	3	39	45.113	188	23	14	12	13.241	5.097	39.125	0.327	2.598	0.385	0.549
8	54	43.833	11.009	17	64	27.556	2160	24	9	8	8.607	7.988	167.304	0.894	1.077	0.928	0.864
9	23	9.304	6.049	0	22	24.728	1440	27	5	10	8.570	3.417	110.517	0.473	2.508	0.399	0.676
10	2409	40.562	19.229	1	105	360.333	2150	28	75	81	71.073	43.156	50.890	0.233	1.647	0.607	0.558
11	7378	34.055	19.459	0	102	443.529	3752	30	97	116	101.453	92.594	91.296	0.471	1.096	0.913	0.844
12	684	38.538	16.850	1	92	168.267	1564	32	37	42	40.775	21.359	58.995	0.304	1.909	0.524	0.619
13	206	22.743	10.376	1	54	59.941	652	40	20	17	19.052	13.767	161.412	0.720	1.384	0.723	0.826
14	32	31.188	13.393	9	65	21.314	1853	52	6	7	7.578	5.376	61.730	0.885	1.410	0.709	0.877
15	298	39.628	19.936	2	83	72.912	1535	56	26	20	25.025	15.162	26.026	0.704	1.651	0.606	0.847
16	27	29.259	11.258	6	56	21.556	3318	57	7	6	6.812	5.047	18.624	0.730	1.350	0.741	0.761
17	612	21.940	10.743	1	53	118.711	2577	58	33	29	32.606	23.898	29.511	0.546	1.364	0.733	0.833
18	21	21.810	9.400	6	45	20.142	3970	73	6	7	5.600	4.774	78.735	0.650	1.173	0.853	0.677
19	72	37.361	12.181	3	63	33.799	717	75	9	11	11.367	8.065	83.819	0.792	1.409	0.710	0.842
20	18	16.722	8.079	5	31	17.314	1259	75	5	6	5.366	4.271	54.110	0.755	1.256	0.796	0.766
21	45	33.978	12.155	6	61	26.627	4	77	10	8	8.738	6.557	7.836	0.798	1.333	0.750	0.789
22	1431	30.429	14.143	1	83	177.823	2537	77	45	54	46.116	39.509	65.177	0.569	1.167	0.857	0.818
23	39	21.641	9.922	4	45	25.799	1521	90	10	7	9.161	5.421	169.441	0.736	1.690	0.592	0.743
24	44	23.273	11.345	5	46	28.971	429	91	9	8	8.682	6.452	40.011	0.659	1.346	0.743	0.759
25	571	15.067	7.711	0	43	148.510	3159	95	31	33	28.049	25.919	97.941	0.325	1.082	0.924	0.727
26	1207	34.926	16.316	1	85	190.894	1647	98	52	46	54.337	28.283	142.944	0.416	1.921	0.521	0.764
27	97	18.660	9.017	3	47	45.698	514	99	17	10	14.921	8.277	16.476	0.584	1.803	0.555	0.770
28	69	24.304	9.664	4	46	35.799	3457	107	14	7	12.814	6.856	169.498	0.677	1.869	0.535	0.831
29	573	25.623	11.379	1	59	106.811	1358	124	24	35	32.602	22.378	85.259	0.631	1.457	0.686	0.855
30	1074	45.750	23.963	1	105	161.823	2067	126	52	41	50.277	27.199	27.678	0.515	1.848	0.541	0.779
31	550	25.945	12.223	0	56	128.024	1106	133	44	25	45.448	15.408	162.821	0.422	2.950	0.339	0.728
32	33	12.121	5.732	1	26	30.385	1881	137	12	5	9.985	4.208	173.169	0.449	2.373	0.421	0.680
33	1209	27.277	11.518	1	63	172.409	1250	142	33	56	55.116	27.929	102.561	0.511	1.973	0.507	0.858
34	28	22.821	8.074	4	37	22.971	974	145	7	8	6.151	5.796	113.801	0.667	1.061	0.942	0.718
35	1857	55.925	28.226	1	141	183.480	1056	145	55	50	51.651	45.776	27.908	0.693	1.128	0.886	0.903
36	104	23.135	10.590	2	52	49.113	1478	153	15	12	14.765	8.969	164.412	0.542	1.646	0.607	0.738
37	373	42.751	19.023	1	91	79.497	130	155	28	21	28.061	16.925	155.737	0.742	1.658	0.603	0.864
38	134	26.209	12.241	1	56	50.284	2501	160	12	18	17.796	9.587	69.878	0.666	1.856	0.539	0.827
39	36	39.972	13.133	8	68	23.556	1679	168	8	7	7.690	5.960	149.538	0.815	1.290	0.775	0.791
40	128	14.992	7.632	2	33	58.770	2923	168	18	15	15.694	10.384	32.485	0.466	1.511	0.662	0.690
41	262	60.927	20.368	14	101	65.355	2440	173	23	17	21.460	15.545	1.131	0.771	1.381	0.724	0.876
42	229	31.323	13.532	2	70	61.355	2723	177	19	18	17.969	16.227	145.093	0.764	1.107	0.903	0.872
43	982	41.619	17.089	4	89	137.782	3481	180	45	38	45.653	27.388	35.738	0.650	1.667	0.600	0.856
44	23	20.174	11.968	2	43	20.142	1766	187	6	7	6.342	4.618	85.257	0.712	1.373	0.728	0.708
45	54	17.519	8.665	3	35	28.142	929	210	9	8	9.817	7.003	160.127	0.857	1.402	0.713	0.871
46	555	33.445	14.496	3	72	110.468	1035	212	36	27	32.666	21.632	9.426	0.572	1.510	0.662	0.829
47	128	14.008	6.993	0	34	74.669	3443	219	17	17	14.482	11.253	111.454	0.288	1.287	0.777	0.612
48	1280	47.841	22.294	2	114	175.480	960	224	38	52	49.934	32.638	76.769	0.522	1.530	0.654	0.843
49	754	54.683	20.643	3	112	131.196	3806	224	44	33	48.925	19.622	26.208	0.550	2.493	0.401	0.807
50	16	12.438	7.685	5	29	15.899	699	237	4	6	5.771	3.530	85.424	0.795	1.635	0.612	0.821
51	33	24.727	13.798	1	48	25.556	740	242	8	7	7.609	5.522	141.105	0.635	1.378	0.726	0.733
52	393	58.061	35.170	0	149	82.912	1342	244	24	28	26.175	19.117	123.239	0.718	1.369	0.730	0.899
53	66	11.848	6.291	2	27	44.284	1483	247	11	12	9.805	8.570	108.355	0.423	1.144	0.874	0.660
54	1708	25.891	11.215	1	62	181.581	212	262	44	56	54.967	39.563	102.821	0.651	1.389	0.720	0.899
55	692	29.753	14.331	2	76	149.296	3330	267	37	39	37.711	23.364	101.116	0.390	1.614	0.620	0.680
56	71	24.915	8.547	6	49	34.042	2628	272	11	11	9.901	9.130	73.364	0.770	1.084	0.922	0.802
57	223	66.435	28.212	6	108	65.841	3837	276	24	16	23.552	12.056	22.883	0.646	1.954	0.512	0.837
58	494	29.879	12.565	1	61	100.912	657	278	29	24	28.712	21.907	9.224	0.610	1.311	0.763	0.848
59	211	37.336	12.908	3	64	65.598	1532	282	25	15	23.972	11.207	17.636	0.616	2.139	0.468	0.821
60	134	41.090	14.726	4	78	46.042	2931	282	14	14	13.404	12.728	164.086	0.794	1.053	0.950	0.862
61	988	38.510	20.913	1	97	137.439	1848	288	36	43	45.708	27.522	68.402	0.657	1.661	0.602	0.852
62	319	16.633	9.038	1	51	86.225	2777	293	26	20	22.181	18.311	171.672	0.539	1.211	0.826	0.782
63	80	28.225	9.642	7	55	33.799	512	299	11	10	12.113	8.409	36.771	0.880	1.440	0.694	0.889
64	25	17.280	8.203	4	31	18.728	1895	305	7	5	6.410	4.966	162.903	0.896	1.291	0.775	0.833
65	326	58.488	23.916	7	102	73.497	271	314	24	20	25.004	16.600	24.981	0.758	1.506	0.664	0.883
66	3935	43.759	23.518	0	117	394.316	1279	314	124	85	113.467	44.156	28.848	0.318	2.570	0.389	0.729
67	30	20.533	9.126	7	40	24.142	3835	316	5	10	9.092	4.201	95.462	0.647	2.164	0.462	0.779
68	213	59.437	19.527	5	106	65.841	1189	323	25	15	22.670	11.963	167.061	0.617	1.895	0.528	0.819
69	1721	24.619	10.806	0	59	196.794	2134	326	56	51	55.692	39.346	44.628	0.558	1.415	0.706	0.840
70	162	16.710	8.448	1	41	60.184	1248	328	20	16	18.748	11.002	25.872	0.562	1.704	0.587	0.762
71	94	44.745	12.358	14	73	38.284	529	331	13	12	11.524	10.386	146.439	0.806	1.110	0.901	0.836
72	374	50.717	22.464	2	106	79.255	352	344	27	22	24.863	19.152	29.537	0.748	1.298	0.770	0.883
73	223	34.758	12.035	0	63	69.598	577	351	20	17	18.914	15.012	33.150	0.579	1.260	0.794	0.815
74	1540	36.430	16.745	0	83	163.238	3844	359	49	48	46.588	42.088	41.864	0.726	1.107	0.903	0.894
75	2063	23.137	10.260	0	57	240.693	804	367	51	61	58.517	44.888	81.500	0.447	1.304	0.767	0.860
76	314	44.080	18.517	4	91	81.841	3575	368	31	19	31.550	12.672	155.413	0.589	2.490	0.402	0.843
77	653	28.577	12.553	1	71	123.539	2059	372	30	34	31.201	26.647	121.210	0.538	1.171	0.854	0.814
78	96	18.427	8.716	0	48	49.941	3676	374	13	13	11.398	10.724	131.112	0.484	1.063	0.941	0.708
79	582	13.945	7.266	1	42	171.137	359	383	33	33	32.449	22.837	41.593	0.250	1.421	0.704	0.714
80	3291	27.830	12.315	1	73	268.049	1039	383	69	79	71.610	58.515	57.053	0.576	1.224	0.817	0.881
81	32	17.156	7.833	3	32	30.627	701	384	10	7	8.423	4.837	167.659	0.429	1.741	0.574	0.610
82	30	30.233	10.830	2	55	21.799	3158	384	8	7	7.064	5.408	28.684	0.793	1.306	0.766	0.759
83	720	34.489	12.816	4	67	114.711	974	386	34	35	34.286	26.738	125.761	0.688	1.282	0.780	0.878
84	103	40.126	13.516	2	74	42.870	1549	393	15	12	13.218	9.922	10.265	0.704	1.332	0.751	0.811
85	20	16.700	7.915	8	38	19.556	172	395	7	6	6.102	4.173	153.215	0.657	1.462	0.684	0.678
86	232	40.677	14.877	1	72	68.184	767	396	24	15	24.347	12.132	16.464	0.627	2.007	0.498	0.832
87	626	37.864	18.034	2	96	131.539	1755	396	43	30	36.054	22.107	159.898	0.455	1.631	0.613	0.747
88	3353	26.169	11.585	0	68	268.877	3065	397	84	64	85.427	49.974	154.365	0.583	1.709	0.585	0.910
89	1921	24.770	12.179	0	74	341.990	3779	397	50	104	97.717	25.030	71.240	0.206	3.904	0.256	0.672
90	2088	34.108	17.583	0	92	205.037	2013	398	67	50	66.108	40.215	153.986	0.624	1.644	0.608	0.893
91	4954	27.675	14.220	0	76	348.375	1318	403	97	87	97.628	64.609	148.514	0.513	1.511	0.662	0.897
92	113	26.991	11.624	2	57	49.941	3983	427	13	17	15.752	9.134	79.260	0.569	1.725	0.580	0.722
93	19	27.684	12.570	2	57	17.314	728	430	6	5	5.718	4.230	13.412	0.796	1.352	0.740	0.826
94	124	24.508	10.762	2	53	44.042	439	431	14	13	14.503	10.886	28.879	0.803	1.332	0.751	0.861
95	55	24.491	9.171	5	51	35.799	3736	437	11	9	10.694	6.549	159.208	0.539	1.633	0.612	0.705
96	1945	43.559	20.617	0	106	213.723	620	450	55	58	56.816	43.587	117.562	0.535	1.303	0.767	0.851
97	180	32.961	13.872	2	74	67.598	1314	460	21	17	18.462	12.413	149.744	0.495	1.487	0.672	0.756
98	443	45.955	16.877	7	84	85.255	1488	473	28	22	29.367	19.207	25.007	0.766	1.529	0.654	0.911
99	276	28.692	14.143	2	69	88.326	1563	474	30	20	28.614	12.281	35.038	0.445	2.330	0.429	0.726
100	1640	44.379	22.921	1	112	236.451	3179	481	81	51	87.498	23.865	24.772	0.369	3.666	0.273	0.735
101	584	45.315	24.619	1	109	94.083	3375	485	31	24	30.870	24.087	13.133	0.829	1.282	0.780	0.932
102	58	36.534	12.510	11	63	28.627	3690	485	9	10	9.243	7.990	55.339	0.889	1.157	0.864	0.835
103	226	59.898	19.249	5	97	63.941	3970	485	25	14	24.947	11.535	13.409	0.695	2.163	0.462	0.874
104	42	28.000	10.488	11	52	24.385	3171	497	8	8	8.468	6.315	136.002	0.888	1.341	0.746	0.832
105	386	19.518	9.726	1	52	90.912	1446	499	22	27	26.076	18.847	83.790	0.587	1.384	0.723	0.812
106	337	31.276	12.714	1	62	85.740	2005	510	27	23	28.087	15.277	33.063	0.576	1.839	0.544	0.798
107	62	51.419	12.587	19	77	31.799	617	516	9	10	9.273	8.513	42.859	0.771	1.089	0.918	0.827
108	39	32.846	11.665	11	53	25.213	438	518	9	8	7.296	6.806	136.778	0.771	1.072	0.933	0.772
109	81	44.593	14.146	5	69	36.042	462	525	11	11	10.827	9.525	0.376	0.784	1.137	0.880	0.844
110	112	21.679	9.602	3	43	54.870	88	527	16	16	18.298	7.793	39.331	0.467	2.348	0.426	0.693
111	4606	26.544	13.457	1	72	460.558	2442	535	130	92	127.293	46.071	144.981	0.273	2.763	0.362	0.732
112	183	18.623	9.780	1	51	64.770	70	539	15	18	16.332	14.266	78.065	0.548	1.145	0.874	0.812
113	52	21.731	10.032	1	48	30.385	30	545	12	7	11.359	5.829	18.495	0.708	1.949	0.513	0.812
114	1068	28.002	11.113	0	67	144.853	2799	556	45	35	42.122	32.283	161.621	0.640	1.305	0.766	0.891
115	16	17.625	6.965	5	29	21.556	3628	559	5	8	7.571	2.691	105.437	0.433	2.813	0.355	0.582
116	1520	39.283	19.445	0	108	178.066	148	560	60	41	53.139	36.420	179.706	0.602	1.459	0.685	0.863
117	627	36.555	15.469	1	82	113.054	1753	561	29	35	33.058	24.149	62.972	0.616	1.369	0.731	0.847
118	98	12.000	6.385	1	31	64.426	3401	564	16	18	13.554	9.206	129.744	0.297	1.472	0.679	0.546
119	1364	32.637	14.919	0	79	172.752	1937	566	58	41	57.897	29.997	17.197	0.574	1.930	0.518	0.858
120	603	44.730	24.108	1	102	103.296	2879	570	29	31	31.616	24.284	63.209	0.710	1.302	0.768	0.887
121	2985	30.233	13.631	1	75	269.907	247	591	75	65	78.464	48.438	141.018	0.515	1.620	0.617	0.880
122	173	37.867	15.692	5	84	53.698	2314	600	19	13	18.343	12.008	172.109	0.754	1.528	0.655	0.861
123	24	17.708	7.486	5	30	19.314	3805	609	8	4	7.894	3.871	178.058	0.809	2.039	0.490	0.873
124	25	20.640	7.483	4	38	18.728	222	614	7	5	7.112	4.476	153.103	0.896	1.589	0.629	0.847
125	1227	55.377	24.781	0	137	175.581	671	621	66	32	53.496	29.204	177.979	0.500	1.832	0.546	0.848
126	36	21.944	10.656	1	40	31.556	2631	626	6	11	9.035	5.073	91.438	0.454	1.781	0.561	0.679
127	45	39.867	10.912	15	55	26.042	469	633	9	9	7.977	7.183	66.055	0.834	1.111	0.900	0.776
128	110	40.018	14.945	6	82	41.456	2802	634	14	12	13.128	10.669	13.507	0.804	1.230	0.813	0.849
129	18	14.222	4.236	5	19	20.971	986	637	6	8	8.820	2.598	55.863	0.514	3.394	0.295	0.643
130	54	24.278	8.553	9	43	31.213	1366	638	11	9	9.004	7.636	7.778	0.697	1.179	0.848	0.755
131	97	21.577	11.251	3	55	49.698	3543	641	13	11	12.854	9.608	141.391	0.494	1.338	0.747	0.785
132	26	28.654	9.996	4	51	19.314	2758	645	7	5	6.453	5.130	5.847	0.876	1.258	0.795	0.881
133	77	22.351	10.087	2	53	36.870	1189	650	11	12	13.600	7.209	51.844	0.712	1.887	0.530	0.811
134	7306	43.632	25.785	0	142	430.517	898	655	101	106	112.926	82.375	44.652	0.495	1.371	0.729	0.852
135	1851	47.272	23.596	0	116	212.551	2714	662	74	44	68.833	34.239	18.506	0.515	2.010	0.497	0.857
136	84	21.869	8.282	2	39	45.456	74	677	14	9	12.748	8.390	163.324	0.511	1.520	0.658	0.778
137	71	16.789	7.825	0	35	40.042	271	677	15	9	14.276	6.332	176.265	0.556	2.255	0.444	0.736
138	211	24.592	13.194	1	57	59.698	1791	679	21	14	20.975	12.808	176.141	0.744	1.638	0.611	0.881
139	529	36.480	15.825	3	94	107.296	1507	685	36	27	29.950	22.489	19.786	0.577	1.332	0.751	0.814
140	755	40.662	16.114	4	88	121.296	3765	685	33	33	33.088	29.053	132.016	0.645	1.139	0.878	0.873
141	301	35.030	13.575	3	66	65.941	1404	688	21	19	21.198	18.079	5.867	0.870	1.172	0.853	0.908
142	1311	43.426	24.304	1	120	183.581	697	705	47	42	43.571	38.310	147.822	0.489	1.137	0.879	0.799
143	45	27.133	13.329	4	54	28.142	2816	705	9	8	9.497	6.033	22.752	0.714	1.574	0.635	0.789
144	964	41.406	18.882	1	96	149.782	1706	716	34	48	43.523	28.201	74.185	0.540	1.543	0.648	0.817
145	69	33.478	12.017	8	66	32.627	2678	716	11	10	11.016	7.975	41.479	0.815	1.381	0.724	0.826
146	2470	43.070	22.788	0	113	259.806	2915	718	85	63	90.443	34.772	148.073	0.460	2.601	0.384	0.833
147	67	21.672	9.998	0	50	33.213	513	720	11	10	10.293	8.288	151.239	0.763	1.242	0.805	0.812
148	182	28.390	12.332	2	61	54.770	2135	721	17	16	16.238	14.271	155.678	0.762	1.138	0.879	0.845
149	220	52.159	17.399	12	95	59.598	2482	721	21	16	19.936	14.050	167.871	0.778	1.419	0.705	0.861
150	557	18.873	9.365	1	55	131.539	59	726	30	33	30.229	23.460	133.512	0.405	1.289	0.776	0.761
151	58	36.328	13.474	5	62	28.385	2730	726	8	10	9.436	7.826	112.424	0.905	1.206	0.829	0.872
152	47	43.851	9.641	14	60	26.385	3297	728	9	7	8.356	7.162	171.940	0.848	1.167	0.857	0.839
153	16	23.500	12.458	4	42	15.314	1620	729	5	5	5.213	3.908	57.692	0.857	1.334	0.750	0.800
154	19	13.316	7.917	0	29	18.728	3381	730	6	6	6.440	3.756	154.117	0.681	1.714	0.583	0.731
155	53	20.774	10.696	5	48	37.213	1057	735	14	9	12.771	5.284	17.754	0.481	2.417	0.414	0.702
156	73	44.219	14.528	9	79	32.627	3276	751	12	9	11.587	8.022	18.760	0.862	1.444	0.692	0.859
157	82	44.232	16.576	7	74	34.627	603	756	10	12	12.099	8.629	56.779	0.859	1.402	0.713	0.877
158	38	30.158	10.859	4	48	25.556	2834	761	9	7	7.475	6.473	159.384	0.731	1.155	0.866	0.792
159	56	26.482	12.735	4	57	31.213	1867	764	11	8	10.810	6.596	4.926	0.722	1.639	0.610	0.778
160	48	28.479	11.823	7	55	28.971	347	792	8	9	9.266	6.596	145.188	0.719	1.405	0.712	0.793
161	71	26.592	9.802	5	52	36.870	2963	810	11	10	10.515	8.597	156.751	0.656	1.223	0.818	0.772
162	18	25.444	7.625	10	36	15.899	3657	813	6	4	5.448	4.207	8.117	0.895	1.295	0.772	0.878
163	32	29.375	14.742	2	55	21.556	2996	817	7	7	6.878	5.923	25.089	0.865	1.161	0.861	0.800
164	40	29.325	11.829	7	59	28.971	3565	821	10	8	8.401	6.063	2.178	0.599	1.386	0.722	0.734
165	23	23.652	11.645	1	46	20.142	1306	836	7	6	6.663	4.395	167.684	0.712	1.516	0.660	0.719
166	203	57.340	17.206	7	101	56.770	220	841	19	16	17.747	14.564	154.000	0.792	1.219	0.821	0.881
167	892	28.880	13.916	1	72	130.711	3297	851	40	36	37.881	29.982	5.552	0.656	1.263	0.791	0.858
168	39	20.077	11.106	1	44	27.799	3461	861	10	8	10.209	4.864	33.167	0.634	2.099	0.476	0.736
169	71	52.831	12.931	22	86	34.042	239	870	11	10	11.414	7.920	177.773	0.770	1.441	0.694	0.816
170	36	31.694	9.310	14	53	23.556	959	874	8	7	7.934	5.778	48.260	0.815	1.373	0.728	0.800
171	348	37.698	13.374	1	70	76.083	3840	881	27	18	26.149	16.945	174.414	0.755	1.543	0.648	0.890
172	20	17.100	7.980	3	36	17.314	1360	885	6	5	5.685	4.479	21.668	0.838	1.269	0.788	0.816
173	94	40.926	13.924	2	67	37.456	1088	890	13	11	12.424	9.633	162.855	0.842	1.290	0.775	0.862
174	110	82.073	19.761	21	119	40.042	2340	898	12	13	12.472	11.230	129.760	0.862	1.111	0.900	0.876
175	32	24.750	9.298	7	41	23.556	2461	898	9	6	8.029	5.074	22.313	0.725	1.582	0.632	0.780
176	1881	17.964	9.157	0	54	240.108	2657	909	55	59	62.842	38.111	44.128	0.410	1.649	0.606	0.836
177	117	48.632	12.020	16	71	44.870	3418	910	15	12	13.256	11.238	12.543	0.730	1.180	0.848	0.824
178	122	44.090	17.863	1	98	48.284	481	912	18	11	19.110	8.128	21.121	0.658	2.351	0.425	0.808
179	41	28.317	10.241	5	55	28.385	2812	912	11	7	9.817	5.318	22.706	0.639	1.846	0.542	0.759
180	541	23.165	11.097	1	59	122.711	526	918	24	38	33.429	20.605	80.849	0.451	1.622	0.616	0.813
181	23	22.261	8.142	5	36	20.728	3062	919	7	6	5.632	5.199	169.859	0.673	1.083	0.923	0.742
182	1509	23.844	11.306	1	61	220.693	1554	923	49	63	64.956	29.579	121.153	0.389	2.196	0.455	0.829
183	180	34.728	14.071	5	67	57.355	1293	938	20	15	20.178	11.358	149.839	0.688	1.777	0.563	0.845
184	165	39.830	14.734	5	70	51.698	1001	944	17	15	17.393	12.079	42.140	0.776	1.440	0.694	0.859
185	621	40.277	19.333	4	106	115.296	1476	945	35	28	33.859	23.352	4.136	0.587	1.450	0.690	0.844
186	29	21.897	12.962	2	51	22.728	9	954	7	7	6.557	5.631	16.582	0.705	1.164	0.859	0.763
187	784	42.584	18.127	1	116	169.681	3813	956	50	39	55.938	17.845	26.600	0.342	3.135	0.319	0.685
188	27	23.593	9.137	9	43	19.314	806	957	7	5	6.385	5.384	177.626	0.910	1.186	0.843	0.885
189	68	34.662	10.557	4	57	31.799	771	968	10	9	9.810	8.826	15.319	0.845	1.112	0.900	0.872
190	5306	29.996	14.137	0	81	374.032	823	969	107	108	130.054	51.946	137.260	0.477	2.504	0.399	0.853
191	2274	40.287	19.327	0	103	199.037	577	979	63	55	57.477	50.374	5.903	0.721	1.141	0.876	0.909
192	75	39.960	15.878	5	74	35.456	1834	990	13	9	12.322	7.749	179.155	0.750	1.590	0.629	0.820
193	1931	44.118	20.413	1	116	275.078	3872	990	96	52	90.931	27.039	21.437	0.321	3.363	0.297	0.647
194	105	19.390	9.490	3	45	51.698	3394	991	14	13	15.001	8.912	158.899	0.494	1.683	0.594	0.750
195	85	33.494	15.748	2	69	37.698	1708	992	13	11	11.675	9.270	21.017	0.752	1.259	0.794	0.813
196	23	16.609	9.233	4	38	19.314	3290	998	7	5	6.801	4.306	42.145	0.775	1.579	0.633	0.807
197	43	14.581	7.274	4	30	32.971	3501	999	9	10	10.138	5.401	37.490	0.497	1.877	0.533	0.677
198	1010	24.660	11.792	2	61	158.409	1306	1000	48	35	47.928	26.831	13.472	0.506	1.786	0.560	0.835
199	1995	53.554	29.230	1	134	216.794	2580	1007	66	50	68.864	36.886	159.426	0.533	1.867	0.536	0.841
200	57	33.018	13.381	5	62	28.385	315	1008	8	10	9.897	7.333	102.510	0.889	1.350	0.741	0.857
201	17	26.353	13.606	8	51	18.728	1015	1009	5	7	5.777	3.747	100.369	0.609	1.542	0.649	0.667
202	549	24.898	10.971	0	58	113.054	1209	1014	27	32	29.241	23.905	84.740	0.540	1.223	0.818	0.834
203	179	12.285	6.728	0	33	76.669	3117	1014	18	19	17.478	13.040	36.902	0.383	1.340	0.746	0.701
204	2611	53.145	27.406	1	136	286.735	3768	1014	65	70	72.374	45.934	63.911	0.399	1.576	0.635	0.770
205	1175	23.409	10.855	0	62	152.953	37	1023	33	49	49.145	30.441	79.709	0.631	1.614	0.619	0.890
206	563	30.556	14.599	1	83	120.368	1824	1031	31	31	30.981	23.138	43.883	0.488	1.339	0.747	0.813
207	34	26.882	9.685	7	49	26.971	1450	1032	8	8	7.329	5.906	179.265	0.587	1.241	0.806	0.694
208	66	19.455	7.664	4	40	37.456	2539	1048	12	10	10.302	8.157	14.369	0.591	1.263	0.792	0.725
209	23	26.348	13.282	3	50	17.314	680	1050	6	5	5.653	5.180	13.424	0.964	1.091	0.916	0.868
210	1944	39.647	19.681	1	95	248.492	641	1056	66	59	61.822	40.037	31.810	0.396	1.544	0.648	0.739
211	117	32.274	13.626	3	59	45.113	3618	1058	14	15	16.192	9.200	50.567	0.722	1.760	0.568	0.842
212	216	20.940	9.791	1	54	60.770	3125	1062	19	17	17.682	15.554	9.558	0.735	1.137	0.880	0.842
213	93	27.398	11.421	2	51	41.456	802	1066	10	14	12.956	9.140	90.540	0.680	1.418	0.705	0.823
214	34	26.853	11.190	10	49	22.142	102	1070	9	5	8.732	4.958	9.251	0.871	1.761	0.568	0.861
215	102	26.520	11.165	1	58	40.870	3970	1071	14	12	12.831	10.121	16.734	0.767	1.268	0.789	0.813
216	28	30.929	15.540	0	60	19.556	1275	1072	6	7	6.492	5.491	94.298	0.920	1.182	0.846	0.836
217	403	57.392	25.631	4	118	79.255	2355	1072	25	24	27.766	18.480	39.694	0.806	1.502	0.666	0.910
218	521	18.608	8.939	1	46	124.953	3221	1072	32	26	28.603	23.192	4.928	0.419	1.233	0.811	0.803
219	171	23.684	10.894	3	49	60.426	375	1073	21	16	20.336	10.706	31.305	0.589	1.900	0.526	0.795
220	33	24.788	7.936	6	43	20.971	3733	1078	7	7	6.610	6.356	62.824	0.943	1.040	0.962	0.835
221	1120	43.621	20.512	1	97	148.510	3075	1086	49	36	47.808	29.828	174.789	0.638	1.603	0.624	0.860
222	1288	21.867	10.422	0	59	164.510	493	1094	40	46	44.028	37.248	69.341	0.598	1.182	0.846	0.872
223	38	24.316	10.740	6	47	28.627	1254	1098	10	8	8.638	5.601	178.838	0.583	1.542	0.648	0.673
224	34	23.618	10.966	2	42	22.385	2854	1101	8	7	6.934	6.243	17.271	0.853	1.111	0.900	0.800
225	859	34.887	12.971	2	71	126.953	3406	1108	36	36	35.824	30.530	141.407	0.670	1.173	0.852	0.885
226	5535	36.960	19.976	0	109	400.416	1278	1111	129	81	115.657	60.933	170.577	0.434	1.898	0.527	0.833
227	461	49.189	21.623	0	99	87.255	559	1112	29	23	28.443	20.637	161.788	0.761	1.378	0.726	0.887
228	500	55.446	28.138	1	121	99.640	2070	1120	24	32	28.230	22.551	103.324	0.633	1.252	0.799	0.863
229	1003	20.744	9.408	1	55	149.095	1787	1121	37	38	36.967	34.546	112.452	0.567	1.070	0.934	0.871
230	35	28.657	11.532	2	49	23.556	3192	1129	9	6	8.239	5.409	15.829	0.793	1.523	0.656	0.814
231	8060	35.048	26.811	0	151	522.985	548	1130	142	116	124.803	82.228	7.849	0.370	1.518	0.659	0.755
232	28	21.321	10.726	6	49	22.971	2451	1131	9	6	9.393	3.795	23.707	0.667	2.475	0.404	0.757
233	1411	34.004	15.444	0	77	203.622	1943	1132	73	36	64.111	28.022	175.499	0.428	2.288	0.437	0.814
234	139	21.705	10.509	1	52	49.113	2635	1137	13	16	15.036	11.770	56.852	0.724	1.277	0.783	0.832
235	25	11.520	4.709	4	22	23.556	2388	1139	8	7	6.039	5.271	87.703	0.566	1.146	0.873	0.625
236	79	38.266	12.462	6	67	38.385	2895	1141	13	9	13.652	7.368	24.257	0.674	1.853	0.540	0.849
237	181	35.867	15.460	4	69	58.527	3601	1143	15	19	17.625	13.075	101.150	0.664	1.348	0.742	0.821
238	33	32.758	11.675	9	53	22.728	3504	1150	8	6	7.006	5.997	179.290	0.803	1.168	0.856	0.815
239	663	21.830	11.197	0	62	126.711	2830	1152	32	39	38.548	21.899	123.523	0.519	1.760	0.568	0.805
240	1043	30.079	13.871	1	79	172.066	870	1169	49	38	44.420	29.896	178.922	0.443	1.486	0.673	0.802
241	1102	22.494	11.002	0	73	170.652	203	1170	46	55	58.334	24.053	53.972	0.476	2.425	0.412	0.828
242	1573	35.261	20.884	0	98	272.049	697	1177	82	42	80.644	24.835	21.782	0.267	3.247	0.308	0.758
243	170	33.588	14.929	3	78	64.426	1289	1188	25	11	23.004	9.409	2.373	0.515	2.445	0.409	0.773
244	1325	38.537	20.401	1	103	177.581	2308	1190	60	39	48.642	34.683	170.176	0.528	1.402	0.713	0.815
245	326	19.061	8.869	2	49	87.497	1340	1196	26	22	20.679	20.072	177.612	0.535	1.030	0.971	0.810
246	97	20.495	10.400	1	44	42.284	2926	1214	12	15	13.718	9.003	119.895	0.682	1.524	0.656	0.798
247	188	13.830	6.463	1	32	75.841	3492	1214	18	20	16.879	14.182	54.612	0.411	1.190	0.840	0.699
248	16	16.188	8.750	2	28	15.314	1095	1218	5	5	4.962	4.106	170.538	0.857	1.209	0.827	0.780
249	5790	36.141	20.089	0	100	327.990	793	1235	86	100	94.498	78.013	76.140	0.676	1.211	0.826	0.922
250	554	23.365	10.640	0	50	116.468	167	1236	29	30	33.177	21.261	128.704	0.513	1.560	0.641	0.841
251	16	27.938	11.722	8	48	16.728	3524	1238	6	5	5.546	3.673	163.970	0.719	1.510	0.662	0.727
252	2030	49.568	24.439	1	122	214.309	7	1251	55	61	55.970	46.179	123.215	0.555	1.212	0.825	0.831
253	506	37.498	16.511	2	81	102.225	3196	1253	35	27	32.213	20.000	150.608	0.608	1.611	0.621	0.840
254	371	65.011	24.198	8	130	84.669	3574	1255	30	19	27.283	17.314	6.710	0.650	1.576	0.635	0.842
255	57	33.614	13.071	8	69	36.042	3416	1257	12	9	10.508	6.906	16.638	0.551	1.522	0.657	0.699
256	116	28.250	12.284	1	54	46.627	1380	1261	12	14	13.038	11.328	73.075	0.670	1.151	0.869	0.814
257	65	46.292	14.045	10	67	32.042	1674	1270	11	10	9.989	8.285	34.946	0.796	1.206	0.829	0.807
258	17	20.588	7.186	12	39	16.485	3620	1281	6	4	6.161	3.513	172.119	0.786	1.754	0.570	0.850
259	67	14.627	8.101	2	39	41.698	3184	1282	12	10	10.984	7.767	36.214	0.484	1.414	0.707	0.702
260	44	36.636	13.472	11	63	25.556	1789	1287	9	7	8.728	6.419	174.036	0.847	1.360	0.735	0.830
261	1250	68.254	35.735	0	146	142.024	3717	1298	39	46	43.686	36.432	92.717	0.779	1.199	0.834	0.925
262	2372	17.669	9.039	0	53	278.434	2137	1300	64	66	74.970	40.284	126.858	0.384	1.861	0.537	0.831
263	114	22.053	9.692	3	48	52.527	3843	1301	12	17	14.009	10.361	102.582	0.519	1.352	0.740	0.722
264	2431	43.070	20.780	1	101	231.522	465	1303	71	58	72.059	42.954	143.248	0.570	1.678	0.596	0.857
265	104	28.471	10.224	7	55	40.042	3604	1303	15	10	14.833	8.927	13.369	0.815	1.661	0.602	0.885
266	445	26.000	13.729	2	74	118.468	1087	1308	20	38	36.653	15.458	92.582	0.398	2.371	0.422	0.744
267	2127	29.362	14.822	0	81	298.534	604	1312	90	48	80.931	33.463	169.545	0.300	2.419	0.413	0.701
268	62	48.290	16.597	2	82	31.799	3653	1312	10	10	9.553	8.263	136.381	0.771	1.156	0.865	0.816
269	117	24.171	9.234	0	44	47.456	3945	1314	13	16	14.589	10.211	115.376	0.653	1.429	0.700	0.807
270	6129	35.855	21.361	0	105	390.375	61	1327	116	85	103.791	75.187	170.458	0.505	1.380	0.724	0.866
271	323	24.300	11.790	1	57	87.154	2490	1328	27	22	28.035	14.669	27.523	0.534	1.911	0.523	0.804
272	1100	50.013	27.245	1	120	150.510	2734	1351	49	40	48.238	29.034	37.229	0.610	1.661	0.602	0.834
273	24	24.625	9.956	2	41	19.556	964	1354	8	5	7.342	4.162	6.788	0.789	1.764	0.567	0.750
274	171	41.673	13.471	5	72	52.184	1247	1354	16	17	16.444	13.240	55.100	0.789	1.242	0.805	0.859
275	441	27.964	11.713	1	69	97.983	2681	1360	29	26	27.615	20.333	149.881	0.577	1.358	0.736	0.817
276	198	51.066	19.891	0	98	66.426	3264	1361	22	17	19.745	12.768	22.376	0.564	1.546	0.647	0.769
277	261	33.364	15.189	3	67	69.841	175	1370	24	17	24.186	13.740	19.523	0.672	1.760	0.568	0.852
278	1331	38.730	22.224	2	132	196.894	3241	1381	51	52	55.781	30.381	49.045	0.431	1.836	0.545	0.778
279	1753	40.325	20.464	1	106	248.836	912	1387	52	61	60.168	37.096	50.180	0.356	1.622	0.617	0.809
280	43	44.279	13.578	13	72	24.385	306	1396	8	8	7.541	7.260	155.325	0.909	1.039	0.963	0.843
281	150	69.920	18.479	20	108	46.870	3945	1397	14	15	15.428	12.379	42.958	0.858	1.246	0.802	0.888
282	75	18.893	8.900	1	41	35.213	3776	1399	14	8	12.830	7.443	7.422	0.760	1.724	0.580	0.847
283	112	32.884	11.592	3	61	44.284	2406	1404	15	12	13.820	10.319	10.930	0.718	1.339	0.747	0.833
284	2665	38.678	18.963	1	103	241.907	202	1406	79	53	72.810	46.603	6.777	0.572	1.562	0.640	0.849
285	31	22.161	8.874	3	41	21.314	1109	1408	8	5	8.516	4.635	179.354	0.858	1.837	0.544	0.873
286	964	39.783	21.122	1	104	126.468	605	1419	33	41	42.083	29.166	112.172	0.757	1.443	0.693	0.919
287	29	20.483	8.227	4	36	27.213	2100	1427	9	7	7.884	4.683	159.422	0.492	1.683	0.594	0.630
288	31	33.516	8.656	16	50	22.142	53	1429	7	7	6.887	5.731	178.944	0.795	1.202	0.832	0.785
289	62	12.806	6.100	1	29	39.213	2316	1433	8	14	14.168	5.572	73.430	0.507	2.543	0.393	0.717
290	20	12.750	7.745	2	28	18.728	1874	1441	8	4	7.361	3.459	170.128	0.717	2.128	0.470	0.800
291	89	26.382	10.287	1	49	40.042	58	1449	12	12	13.857	8.178	127.856	0.698	1.695	0.590	0.809
292	122	32.279	14.945	0	66	49.113	519	1458	19	11	18.712	8.302	19.425	0.636	2.254	0.444	0.816
293	96	20.469	10.939	2	50	54.770	1131	1465	13	18	15.913	7.681	114.355	0.402	2.072	0.483	0.610
294	33	18.970	8.819	3	38	25.556	2526	1472	7	8	7.179	5.853	166.214	0.635	1.227	0.815	0.750
295	8645	32.984	17.338	0	104	537.855	1495	1480	147	137	169.505	64.937	39.454	0.376	2.610	0.383	0.794
296	1017	42.942	19.571	3	100	149.196	3940	1480	39	44	40.487	31.983	85.987	0.574	1.266	0.790	0.813
297	41	23.634	10.440	3	46	30.870	1142	1483	9	11	8.048	6.487	81.165	0.541	1.241	0.806	0.678
298	54	21.593	9.559	3	40	50.042	2716	1489	15	10	11.912	5.772	153.748	0.271	2.064	0.485	0.545
299	185	34.032	12.747	5	63	63.941	822	1497	13	24	22.670	10.390	86.432	0.569	2.182	0.458	0.806
300	241	22.253	10.043	1	49	74.184	1157	1504	23	20	25.355	12.102	151.024	0.550	2.095	0.477	0.764
301	93	21.247	10.785	3	51	46.870	6	1507	12	17	15.967	7.416	114.092	0.532	2.153	0.464	0.697
302	18	15.167	7.618	5	33	18.971	1791	1510	7	6	7.028	3.261	32.917	0.629	2.155	0.464	0.632
303	48	35.479	9.813	12	65	26.627	202	1517	10	8	9.084	6.728	150.237	0.851	1.350	0.741	0.807
304	44	51.159	16.488	8	80	27.213	1453	1523	9	9	7.811	7.172	124.150	0.747	1.089	0.918	0.765
305	50	39.240	10.028	18	58	25.556	2018	1523	8	8	8.399	7.580	86.983	0.962	1.108	0.902	0.893
306	114	30.956	13.081	1	62	43.456	2535	1526	11	15	13.827	10.498	87.004	0.759	1.317	0.759	0.844
307	19	14.053	6.637	2	27	16.728	3260	1543	6	5	6.431	3.762	34.339	0.853	1.709	0.585	0.809
308	46	37.522	16.922	7	64	26.385	3083	1544	10	7	9.316	6.287	175.529	0.830	1.482	0.675	0.814
309	1146	23.573	10.369	0	61	174.995	3896	1552	44	40	40.922	35.656	14.722	0.470	1.148	0.871	0.839
310	99	29.919	11.814	6	66	44.284	787	1563	15	11	12.897	9.774	179.384	0.634	1.320	0.758	0.767
311	248	22.613	8.732	2	45	65.355	256	1580	17	21	20.243	15.599	76.379	0.730	1.298	0.771	0.872
312	93	28.312	10.731	5	53	38.042	2313	1580	11	13	14.358	8.247	122.910	0.808	1.741	0.574	0.853
313	461	20.720	8.504	0	48	97.054	3298	1580	27	25	25.712	22.828	144.355	0.615	1.126	0.888	0.842
314	60	28.817	12.040	0	53	30.385	2261	1593	10	9	10.959	6.971	39.917	0.817	1.572	0.636	0.845
315	780	43.982	19.610	2	107	118.711	2959	1603	37	31	36.217	27.421	157.566	0.696	1.321	0.757	0.892
316	557	21.054	9.592	0	50	105.397	1418	1618	29	28	29.469	24.066	146.700	0.630	1.225	0.817	0.854
317	1247	33.709	17.869	1	93	154.853	1087	1620	41	46	44.049	36.045	52.838	0.653	1.222	0.818	0.885
318	106	39.566	14.102	2	70	44.627	1910	1622	15	11	13.504	9.994	15.766	0.669	1.351	0.740	0.828
319	53	26.226	11.562	4	49	27.556	1668	1626	9	8	9.268	7.281	35.405	0.877	1.273	0.786	0.876
320	4144	40.601	22.400	0	111	307.706	669	1627	105	68	92.766	56.878	174.286	0.550	1.631	0.613	0.848
321	2391	33.794	17.020	0	94	227.421	2320	1628	72	56	69.391	43.872	156.236	0.581	1.582	0.632	0.890
322	49	33.816	14.291	6	66	28.385	3510	1634	11	7	10.504	5.939	9.948	0.764	1.769	0.565	0.824
323	62	28.242	9.953	1	45	33.799	3259	1635	11	10	11.721	6.735	140.258	0.682	1.740	0.575	0.775
324	14526	37.511	26.061	0	149	826.039	3897	1637	102	250	229.655	80.534	82.574	0.268	2.852	0.351	0.812
325	25	11.920	6.964	2	26	39.213	260	1638	11	10	8.081	3.939	36.879	0.204	2.052	0.487	0.373
326	1889	46.068	24.120	1	121	207.723	505	1643	59	53	51.483	46.718	26.117	0.550	1.102	0.907	0.845
327	85	55.529	15.118	11	86	36.042	3073	1643	12	11	12.619	8.576	40.846	0.822	1.471	0.680	0.850
328	9088	30.392	16.301	0	98	526.441	2854	1645	140	123	130.720	88.519	42.445	0.412	1.477	0.677	0.830
329	104	59.375	20.515	0	96	38.385	3907	1658	12	11	12.477	10.613	157.211	0.887	1.176	0.851	0.897
330	1004	45.955	25.740	1	115	131.196	3862	1662	37	43	39.959	31.991	74.802	0.733	1.249	0.801	0.898
331	112	56.795	16.589	10	95	41.456	2242	1663	12	13	14.635	9.744	50.423	0.819	1.502	0.666	0.878
332	1438	35.889	17.023	0	85	214.894	1014	1670	70	35	67.615	27.079	1.445	0.391	2.497	0.400	0.732
333	51	14.020	9.605	1	38	38.627	1399	1680	8	14	12.884	5.040	87.797	0.430	2.556	0.391	0.637
334	50	29.260	14.684	3	64	26.142	2564	1680	8	8	9.424	6.755	132.034	0.919	1.395	0.717	0.885
335	945	36.429	16.785	0	88	139.439	2309	1687	41	42	45.399	26.503	54.324	0.611	1.713	0.584	0.835
336	18	16.556	7.065	6	31	17.314	1	1692	4	7	6.439	3.559	80.535	0.755	1.809	0.553	0.818
337	760	42.666	19.616	1	108	147.095	1398	1693	34	44	36.410	26.577	89.901	0.441	1.370	0.730	0.763
338	30	12.533	7.938	2	34	27.556	3133	1701	7	10	7.870	4.853	80.934	0.496	1.622	0.617	0.625
339	10971	33.536	19.609	0	106	693.737	2437	1712	197	128	175.762	79.475	27.906	0.286	2.212	0.452	0.785
340	41	34.512	11.131	4	54	23.556	261	1714	8	7	7.984	6.539	7.869	0.928	1.221	0.819	0.863
341	55	44.455	12.043	11	69	27.799	1944	1722	10	8	9.647	7.259	165.231	0.894	1.329	0.752	0.846
342	42	16.976	8.510	5	39	34.971	1199	1726	9	10	9.024	5.926	51.809	0.432	1.523	0.657	0.627
343	1080	17.120	8.939	0	48	184.894	1578	1729	46	40	39.741	34.602	10.478	0.397	1.149	0.871	0.766
344	77	56.623	18.993	4	91	36.042	1795	1741	15	8	13.623	7.197	2.817	0.745	1.893	0.528	0.837
345	339	18.938	9.980	2	61	87.397	2154	1741	25	25	24.540	17.588	125.839	0.558	1.395	0.717	0.815
346	51	24.294	9.261	5	43	28.142	3304	1743	10	7	9.943	6.531	166.180	0.809	1.523	0.657	0.850
347	22	10.091	7.348	1	30	24.971	773	1752	10	6	9.218	3.039	22.758	0.443	3.033	0.330	0.579
348	49	39.367	11.195	8	63	27.556	713	1757	8	9	8.825	7.070	94.909	0.811	1.248	0.801	0.838
349	511	17.703	8.964	1	46	110.125	241	1758	27	30	27.689	23.498	56.919	0.529	1.178	0.849	0.798
350	20	13.850	6.761	1	24	20.728	1946	1770	6	6	6.370	3.997	60.158	0.585	1.594	0.628	0.678
351	23	20.000	7.675	3	32	18.485	560	1771	4	7	6.851	4.275	80.925	0.846	1.603	0.624	0.902
352	71	24.352	9.782	4	48	36.042	1201	1771	12	9	11.200	8.071	174.157	0.687	1.388	0.721	0.785
353	163	38.583	15.245	1	88	51.456	3788	1794	17	13	17.217	12.054	163.688	0.774	1.428	0.700	0.881
354	32	26.438	10.519	1	48	23.556	512	1795	9	6	8.831	4.614	157.617	0.725	1.914	0.522	0.800
355	94	25.085	10.553	2	50	44.284	1812	1795	14	11	11.561	10.353	159.697	0.602	1.117	0.896	0.774
356	4930	25.252	13.272	0	72	424.274	3802	1806	110	91	86.427	72.628	0.887	0.344	1.190	0.840	0.775
357	436	17.014	8.269	1	47	111.296	2917	1823	26	31	26.685	20.804	100.393	0.442	1.283	0.780	0.772
358	462	17.024	8.116	1	38	114.811	1789	1824	30	26	27.352	21.506	32.407	0.440	1.272	0.786	0.784
359	139	16.266	8.789	0	39	55.113	1991	1825	18	13	18.915	9.356	20.398	0.575	2.022	0.495	0.770
360	92	28.185	12.053	2	66	39.456	874	1828	14	11	13.799	8.489	154.397	0.743	1.626	0.615	0.821
361	181	44.028	16.391	8	84	54.284	3079	1831	19	14	18.539	12.431	6.853	0.772	1.491	0.670	0.874
362	53	24.302	8.315	6	47	30.971	267	1838	9	9	8.564	7.880	149.088	0.694	1.087	0.920	0.791
363	26	16.615	10.951	1	43	25.799	989	1841	8	8	7.310	4.529	37.776	0.491	1.614	0.620	0.605
364	367	34.902	14.218	2	67	120.711	3248	1848	41	29	40.912	11.421	31.451	0.317	3.582	0.279	0.628
365	37	22.243	9.819	2	43	23.556	2239	1860	7	8	7.450	6.323	52.046	0.838	1.178	0.849	0.796
366	51	31.451	11.873	9	54	29.213	3521	1861	10	9	8.753	7.418	124.069	0.751	1.180	0.848	0.785
367	21	26.143	10.823	8	48	20.728	3326	1864	8	5	6.830	3.915	11.267	0.614	1.745	0.573	0.712
368	24	17.333	8.967	3	38	20.142	805	1869	6	7	5.734	5.329	90.000	0.743	1.076	0.929	0.750
369	39	35.692	9.995	17	55	23.556	286	1875	8	7	8.032	6.182	178.525	0.883	1.299	0.770	0.839
370	374	42.660	17.783	1	93	80.083	2035	1877	27	23	30.616	15.554	33.538	0.733	1.968	0.508	0.886
371	23	42.478	12.634	20	65	18.142	3112	1892	6	6	5.691	5.145	140.655	0.878	1.106	0.904	0.793
372	25	22.720	10.245	4	39	22.385	2130	1893	7	7	7.012	4.539	130.276	0.627	1.545	0.647	0.676
373	385	22.678	12.150	2	59	87.497	2195	1893	28	22	26.227	18.690	177.313	0.632	1.403	0.713	0.844
374	29	34.000	10.714	14	58	22.385	1026	1922	8	7	7.319	5.045	34.813	0.727	1.451	0.689	0.725
375	59	15.424	7.664	1	37	40.870	2157	1923	10	14	10.997	6.831	69.701	0.444	1.610	0.621	0.621
376	24	19.125	8.174	6	33	20.142	3827	1928	7	6	6.757	4.523	43.475	0.743	1.494	0.669	0.800
377	41	31.171	9.146	15	48	26.142	2682	1942	9	7	9.470	5.512	15.308	0.754	1.718	0.582	0.812
378	1349	44.503	23.232	1	133	208.794	1333	1950	54	47	46.502	36.936	169.049	0.389	1.259	0.794	0.718
379	37	30.081	9.688	13	50	24.385	245	1956	8	8	7.995	5.892	51.738	0.782	1.357	0.737	0.787
380	18	13.222	4.906	6	24	19.556	3698	1962	6	7	6.991	3.278	53.307	0.591	2.133	0.469	0.706
381	396	35.311	15.590	3	81	112.569	4	1974	46	17	44.213	11.404	10.918	0.393	3.877	0.258	0.768
382	29	20.379	8.842	2	38	20.728	423	1979	7	6	6.611	5.585	30.779	0.848	1.184	0.845	0.829
383	150	13.373	6.825	2	36	59.941	459	1981	16	18	15.405	12.397	152.739	0.525	1.243	0.805	0.748
384	66	21.258	9.739	2	43	35.456	2376	1994	12	10	10.502	8.002	156.026	0.660	1.312	0.762	0.742
385	1086	36.413	18.003	2	97	188.309	201	1995	70	26	67.902	20.364	2.517	0.385	3.334	0.300	0.757
386	715	17.723	8.909	0	51	138.853	365	2015	41	29	37.311	24.399	0.943	0.466	1.529	0.654	0.814
387	4148	42.143	25.080	0	121	315.019	282	2017	96	71	86.021	61.397	168.014	0.525	1.401	0.714	0.835
388	751	22.136	10.878	1	58	124.083	1	2022	26	44	41.219	23.198	83.994	0.613	1.777	0.563	0.908
389	24	17.708	6.695	7	40	20.142	486	2023	5	7	7.533	4.056	80.486	0.743	1.857	0.538	0.787
390	1411	21.697	10.879	0	59	251.907	3104	2025	80	35	77.655	23.135	167.482	0.279	3.357	0.298	0.701
391	27	20.259	8.734	6	35	19.556	519	2029	7	6	6.641	5.177	143.400	0.887	1.283	0.779	0.806
392	638	23.851	10.735	1	55	109.497	2349	2034	25	37	34.206	23.748	90.961	0.669	1.440	0.694	0.887
393	1950	26.569	13.495	0	72	302.191	972	2049	77	78	80.068	31.009	41.301	0.268	2.582	0.387	0.622
394	422	38.903	16.197	4	83	82.083	824	2070	28	22	26.729	20.102	162.978	0.787	1.330	0.752	0.892
395	1339	51.111	21.770	1	107	156.409	250	2083	43	46	44.108	38.652	106.392	0.688	1.141	0.876	0.897
396	89	37.596	13.232	1	67	37.213	360	2083	11	12	11.125	10.186	43.204	0.808	1.092	0.916	0.848
397	134	44.291	15.931	9	83	52.627	1883	2088	18	12	16.067	10.619	8.873	0.608	1.513	0.661	0.822
398	6285	24.725	12.862	0	73	514.742	2125	2090	118	110	120.667	66.317	35.944	0.298	1.820	0.550	0.714
399	4632	40.571	24.010	0	142	321.848	395	2091	101	72	96.700	60.989	12.667	0.562	1.586	0.631	0.864
400	377	24.119	11.052	0	54	90.669	1325	2091	18	30	29.530	16.255	100.220	0.576	1.817	0.550	0.851
401	24	27.167	8.473	7	42	20.728	50	2095	5	7	7.102	4.303	87.298	0.702	1.651	0.606	0.787
402	703	33.619	14.722	2	74	130.125	748	2106	46	25	43.978	20.353	13.003	0.522	2.161	0.463	0.822
403	30	41.633	13.574	8	60	20.142	869	2107	7	6	7.080	5.395	134.069	0.929	1.312	0.762	0.857
404	24	22.583	8.505	8	37	19.314	2758	2108	5	7	6.070	5.034	107.678	0.809	1.206	0.829	0.842
405	2810	44.753	29.082	0	129	393.404	1556	2118	97	91	101.976	35.085	137.391	0.228	2.907	0.344	0.658
406	1304	47.824	23.517	2	115	159.924	2721	2120	52	38	49.157	33.775	19.091	0.641	1.455	0.687	0.885
407	327	23.948	10.750	1	61	72.669	1995	2134	24	21	23.538	17.688	151.684	0.778	1.331	0.751	0.878
408	641	32.548	18.760	1	87	101.640	2836	2144	32	28	31.684	25.759	18.035	0.780	1.230	0.813	0.909
409	63	15.270	7.342	1	37	45.113	3607	2144	14	12	13.969	5.742	148.518	0.389	2.433	0.411	0.618
410	107	19.271	10.386	0	50	48.284	2695	2147	14	14	16.382	8.316	40.881	0.577	1.970	0.508	0.743
411	51	20.471	11.821	2	48	40.870	1343	2155	15	10	12.934	5.020	28.433	0.384	2.576	0.388	0.590
412	164	34.402	11.694	3	62	53.698	470	2157	14	15	15.702	13.299	60.856	0.715	1.181	0.847	0.868
413	2458	27.522	14.275	0	78	254.978	3250	2172	75	52	74.937	41.763	162.758	0.475	1.794	0.557	0.871
414	31	28.968	14.609	5	63	21.556	3671	2173	9	5	7.936	4.973	179.180	0.838	1.596	0.627	0.827
415	67	24.328	9.622	5	42	31.799	3739	2183	9	11	10.241	8.330	101.861	0.833	1.229	0.813	0.876
416	573	35.154	14.710	4	79	97.397	3896	2183	28	28	29.521	24.714	38.623	0.759	1.195	0.837	0.900
417	470	28.377	13.483	1	74	118.125	3819	2191	43	23	40.307	14.847	163.084	0.423	2.715	0.368	0.750
418	43	27.209	11.090	8	50	29.556	453	2206	11	7	8.732	6.270	4.942	0.619	1.393	0.718	0.748
419	90	19.511	10.472	1	48	43.113	151	2207	16	11	16.117	7.110	26.099	0.608	2.267	0.441	0.750
420	389	40.653	20.009	1	99	88.669	3014	2207	23	29	31.555	15.696	64.144	0.622	2.010	0.497	0.797
421	5009	35.968	20.313	0	125	396.032	3764	2221	86	115	112.146	56.869	118.744	0.401	1.972	0.507	0.796
422	58	34.155	10.304	5	50	28.385	422	2223	9	9	9.169	8.054	120.810	0.905	1.138	0.878	0.866
423	120	16.858	7.025	2	37	53.941	1083	2226	17	14	14.221	10.744	156.833	0.518	1.324	0.755	0.736
424	5150	29.460	13.632	0	85	369.990	1948	2226	104	75	98.076	66.858	172.951	0.473	1.467	0.682	0.861
425	28	26.179	15.300	3	53	19.556	1291	2227	7	6	7.018	5.080	29.312	0.920	1.382	0.724	0.824
426	244	14.111	6.770	1	35	83.154	3463	2235	19	22	19.906	15.607	77.657	0.443	1.275	0.784	0.771
427	277	16.838	8.609	0	44	89.740	2042	2239	26	19	23.038	15.309	16.295	0.432	1.505	0.664	0.751
428	26	20.231	9.442	2	41	22.971	3051	2244	6	8	6.992	4.735	101.364	0.619	1.477	0.677	0.703
429	2760	35.953	15.890	1	87	251.765	329	2248	83	54	79.974	43.941	167.135	0.547	1.820	0.549	0.876
430	207	32.271	15.428	3	75	66.770	2675	2250	23	14	22.877	11.521	10.422	0.583	1.986	0.504	0.830
431	126	47.071	14.467	8	81	44.042	3317	2250	13	14	14.801	10.839	113.533	0.816	1.365	0.732	0.863
432	2733	21.290	10.662	0	58	288.392	3546	2258	76	53	71.145	48.911	173.273	0.413	1.455	0.687	0.864
433	811	30.461	13.875	0	71	137.782	2923	2263	50	27	45.104	22.894	172.453	0.537	1.970	0.508	0.836
434	4509	22.096	12.203	0	67	456.701	3342	2266	94	116	94.994	60.436	65.053	0.272	1.572	0.636	0.670
435	16	17.625	8.609	5	33	15.899	3092	2268	5	5	4.822	4.225	74.233	0.795	1.142	0.876	0.800
436	191	45.958	15.025	10	83	53.456	3953	2276	14	18	17.830	13.639	93.711	0.840	1.307	0.765	0.903
437	291	19.282	9.406	1	45	79.497	3295	2278	21	20	19.851	18.665	33.750	0.579	1.064	0.940	0.824
438	388	16.515	8.718	0	48	130.953	2043	2279	32	34	40.241	12.277	48.966	0.284	3.278	0.305	0.660
439	2175	28.064	12.845	0	82	223.865	1844	2281	52	65	61.413	45.093	96.157	0.545	1.362	0.734	0.865
440	98	19.265	8.520	0	41	42.284	3268	2283	12	12	12.473	10.004	122.360	0.689	1.247	0.802	0.794
441	88	15.034	6.469	1	30	50.770	648	2284	12	13	11.423	9.809	11.078	0.429	1.165	0.859	0.704
442	43	18.093	7.111	4	31	26.971	1262	2285	9	8	8.045	6.805	23.331	0.743	1.182	0.846	0.768
443	128	19.289	9.439	2	39	80.083	3749	2292	28	14	19.930	8.177	8.573	0.251	2.437	0.410	0.508
444	30	13.567	6.174	3	26	29.799	2468	2295	10	8	8.590	4.447	20.040	0.425	1.932	0.518	0.594
445	20	28.100	9.397	11	46	16.728	1161	2296	5	6	5.683	4.481	56.815	0.898	1.268	0.788	0.851
446	459	37.693	16.534	2	80	101.154	342	2303	36	21	34.832	16.778	3.202	0.564	2.076	0.482	0.800
447	16	16.562	6.957	7	31	14.728	3900	2320	5	5	4.725	4.312	158.109	0.927	1.096	0.913	0.800
448	37	21.216	8.274	7	35	24.971	3776	2323	10	6	9.522	4.947	19.542	0.746	1.925	0.520	0.822
449	502	17.934	10.549	0	60	115.882	3333	2331	28	30	29.443	21.708	41.993	0.470	1.356	0.737	0.794
450	67	37.343	12.134	9	64	30.728	276	2337	10	8	10.951	7.790	26.532	0.892	1.406	0.711	0.924
451	59	57.814	16.580	9	86	28.627	2309	2339	10	9	9.483	7.922	161.793	0.905	1.197	0.835	0.849
452	2280	37.018	18.823	0	107	228.794	1177	2354	74	49	79.102	36.699	23.501	0.547	2.155	0.464	0.876
453	713	46.129	20.700	2	113	118.711	287	2355	42	28	38.410	23.635	164.847	0.636	1.625	0.615	0.854
454	9349	35.802	21.268	0	118	624.909	2557	2360	128	125	114.848	103.645	113.726	0.301	1.108	0.902	0.787
455	1875	23.180	10.956	1	60	222.108	2264	2364	45	68	68.104	35.054	113.431	0.478	1.943	0.515	0.856
456	36	33.917	11.425	12	52	23.556	3544	2369	8	7	9.051	5.065	36.142	0.815	1.787	0.560	0.847
457	993	33.312	17.863	1	102	177.924	2497	2370	33	58	59.800	21.142	108.649	0.394	2.828	0.354	0.736
458	959	26.864	12.565	0	72	199.723	1958	2377	50	40	45.967	26.563	29.443	0.302	1.730	0.578	0.643
459	118	24.424	11.127	4	52	42.870	25	2385	13	13	13.096	11.472	79.017	0.807	1.142	0.876	0.846
460	19	15.316	8.951	4	36	17.899	3357	2398	4	7	6.668	3.628	75.109	0.745	1.838	0.544	0.844
461	1476	26.347	13.194	0	76	210.936	3833	2425	45	59	56.592	33.208	114.362	0.417	1.704	0.587	0.843
462	44	23.273	11.353	6	51	35.456	180	2437	7	13	11.104	5.045	93.490	0.440	2.201	0.454	0.638
463	143	35.014	16.382	2	82	60.527	2479	2439	19	17	14.626	12.449	3.925	0.491	1.175	0.851	0.679
464	179	20.531	9.889	2	48	78.426	369	2450	18	18	16.132	14.128	166.263	0.366	1.142	0.876	0.698
465	30	34.133	13.156	5	53	21.556	1702	2453	8	6	7.354	5.194	13.912	0.811	1.416	0.706	0.800
466	37	26.459	12.668	3	50	22.728	286	2462	9	5	9.098	5.178	175.731	0.900	1.757	0.569	0.914
467	25	25.640	10.758	7	46	20.142	3717	2463	7	6	6.563	4.850	6.920	0.774	1.353	0.739	0.781
468	29	18.207	8.355	4	37	22.728	2012	2481	7	7	6.614	5.583	35.570	0.705	1.185	0.844	0.744
469	74	14.986	8.730	1	32	43.456	938	2486	10	15	11.820	7.971	82.494	0.492	1.483	0.674	0.725
470	1447	42.355	22.593	1	117	175.723	1038	2490	48	53	46.765	39.396	90.838	0.589	1.187	0.842	0.830
471	492	16.116	7.811	0	41	108.711	634	2491	34	25	31.178	20.092	167.344	0.523	1.552	0.644	0.796
472	18	18.889	6.173	3	30	17.314	463	2504	6	5	5.241	4.373	1.717	0.755	1.199	0.834	0.783
473	5124	22.759	10.989	0	68	328.919	752	2504	92	80	89.957	72.524	159.078	0.595	1.240	0.806	0.906
474	5382	43.591	25.802	0	141	339.948	2173	2504	95	80	91.506	74.886	23.108	0.585	1.222	0.818	0.885
475	27	30.519	9.768	14	47	19.314	2484	2508	7	5	6.439	5.339	10.162	0.910	1.206	0.829	0.885
476	197	55.264	25.460	0	108	58.284	1792	2514	17	16	16.664	15.052	176.098	0.729	1.107	0.903	0.870
477	49	10.571	4.933	0	23	49.213	1848	2518	11	12	9.402	6.636	120.306	0.254	1.417	0.706	0.527
478	58	14.569	9.298	2	38	57.355	3300	2520	14	12	10.761	6.862	5.606	0.222	1.568	0.638	0.464
479	3502	31.676	17.072	0	100	325.120	3937	2522	62	96	98.742	45.157	64.889	0.416	2.187	0.457	0.818
480	682	51.893	21.700	5	105	113.054	3058	2526	41	25	39.077	22.222	15.421	0.671	1.759	0.569	0.878
481	664	54.786	28.513	2	120	104.811	2619	2534	36	27	33.601	25.161	165.106	0.760	1.335	0.749	0.899
482	32	29.344	11.278	8	64	22.385	1360	2556	8	7	7.540	5.403	179.827	0.803	1.395	0.717	0.771
483	17	12.412	5.602	2	21	15.899	1737	2556	5	5	5.065	4.274	127.238	0.845	1.185	0.844	0.810
484	171	17.526	7.873	1	36	66.770	3575	2562	23	14	19.898	10.942	9.497	0.482	1.818	0.550	0.732
485	53	32.566	17.632	4	71	34.971	833	2568	13	7	12.189	5.536	170.835	0.545	2.202	0.454	0.746
486	490	28.027	14.146	1	70	112.811	1566	2579	27	33	33.513	18.616	72.758	0.484	1.800	0.555	0.782
487	906	17.892	9.152	0	56	140.853	1724	2582	44	34	38.190	30.206	0.592	0.574	1.264	0.791	0.863
488	736	19.186	9.061	1	46	135.196	457	2584	32	32	33.202	28.224	143.108	0.506	1.176	0.850	0.831
489	603	18.663	9.077	0	51	123.782	1664	2585	34	29	30.768	24.954	18.325	0.495	1.233	0.811	0.825
490	29	23.897	11.079	1	45	22.142	3513	2590	7	7	7.654	4.824	47.164	0.743	1.587	0.630	0.806
491	956	60.192	26.733	2	126	156.853	1795	2608	48	43	42.937	28.349	150.866	0.488	1.515	0.660	0.739
492	652	40.158	20.073	1	104	109.640	3754	2610	34	28	36.880	22.509	28.939	0.682	1.638	0.610	0.897
493	828	33.947	15.987	1	84	143.338	2745	2613	29	48	41.407	25.461	90.945	0.506	1.626	0.615	0.817
494	189	41.593	15.284	4	77	59.355	3948	2621	23	14	21.187	11.358	172.717	0.674	1.865	0.536	0.840
495	58	66.724	18.183	5	99	27.213	1465	2626	9	9	8.677	8.510	126.951	0.984	1.020	0.981	0.885
496	31	9.806	5.326	1	25	28.142	1	2629	7	8	7.204	5.479	131.128	0.492	1.315	0.761	0.689
497	1531	41.615	21.247	0	123	173.924	3670	2633	48	48	54.457	35.796	49.774	0.636	1.521	0.657	0.883
498	63	44.683	15.649	11	83	30.971	1511	2634	10	9	9.574	8.379	45.492	0.825	1.143	0.875	0.863
499	1633	41.276	18.975	0	98	272.593	2346	2638	81	38	76.477	27.187	170.012	0.276	2.813	0.356	0.647
500	1948	56.053	31.414	2	152	217.622	2436	2644	67	49	66.732	37.168	22.616	0.517	1.795	0.557	0.795
501	64	28.250	11.136	7	54	36.627	2776	2655	9	13	14.053	5.798	119.792	0.599	2.424	0.413	0.780
502	55	27.818	10.240	7	49	30.042	1970	2657	10	10	9.028	7.757	162.106	0.766	1.164	0.859	0.775
503	301	40.718	16.655	5	77	72.426	2880	2661	24	21	25.202	15.207	147.101	0.721	1.657	0.603	0.878
504	520	38.238	18.880	0	91	94.912	3520	2664	32	24	31.189	21.228	160.262	0.725	1.469	0.681	0.890
505	2152	42.858	22.832	1	131	331.747	3892	2688	57	90	69.242	39.572	83.402	0.246	1.750	0.572	0.595
506	23	23.217	9.105	10	45	22.142	3011	2691	7	7	5.715	5.125	61.845	0.590	1.115	0.897	0.676
507	46	29.674	12.388	4	54	30.971	2148	2696	6	12	11.570	5.062	84.409	0.603	2.285	0.438	0.773
508	59	25.797	12.131	4	62	32.385	3277	2700	11	9	11.688	6.427	144.619	0.707	1.819	0.550	0.803
509	415	66.043	25.134	6	124	91.740	2451	2702	32	22	29.012	18.213	14.767	0.620	1.593	0.628	0.804
510	367	23.243	11.769	1	55	117.882	2971	2708	26	36	34.060	13.719	63.849	0.332	2.483	0.403	0.634
511	155	15.852	8.274	0	40	59.355	1940	2720	18	18	14.490	13.619	141.853	0.553	1.064	0.940	0.728
512	55	27.309	11.986	5	49	31.799	3223	2720	11	8	9.865	7.099	15.030	0.684	1.390	0.720	0.791
513	16	22.000	12.078	2	45	14.728	111	2724	5	5	4.762	4.278	95.944	0.927	1.113	0.898	0.800
514	1705	38.362	21.576	1	111	202.551	178	2731	62	40	61.580	35.253	3.328	0.522	1.747	0.572	0.856
515	16	13.188	8.780	2	29	15.314	1954	2733	5	5	5.101	3.994	127.221	0.857	1.277	0.783	0.800
516	1313	43.955	20.709	1	106	160.409	2017	2754	55	42	52.695	31.725	160.346	0.641	1.661	0.602	0.860
517	8077	28.863	18.106	0	108	472.458	1838	2758	125	103	111.160	92.515	167.283	0.455	1.202	0.832	0.853
518	8336	29.542	19.705	0	119	507.428	1703	2760	101	133	121.952	87.032	71.130	0.407	1.401	0.714	0.809
519	651	25.636	11.319	1	66	130.610	2408	2773	28	39	35.108	23.609	95.547	0.480	1.487	0.672	0.838
520	335	36.522	13.873	1	74	73.255	1015	2774	22	22	21.902	19.475	47.667	0.784	1.125	0.889	0.891
521	11404	35.501	21.324	0	125	689.737	186	2781	182	130	156.698	92.663	152.850	0.301	1.691	0.591	0.765
522	87	40.552	14.365	2	80	38.042	872	2784	10	12	11.353	9.757	73.052	0.755	1.164	0.859	0.849
523	27	25.852	11.664	5	47	22.142	3480	2786	6	8	6.417	5.357	118.312	0.692	1.198	0.835	0.771
524	2991	29.125	15.638	0	84	253.907	2302	2791	75	62	69.495	54.799	161.596	0.583	1.268	0.789	0.889
525	35	26.286	8.710	0	44	23.556	405	2799	7	8	8.031	5.549	43.818	0.793	1.447	0.691	0.795
526	19	27.421	9.946	14	49	15.899	26	2803	5	5	5.224	4.631	118.914	0.944	1.128	0.887	0.884
527	62	11.161	6.138	1	28	41.698	3083	2803	13	13	12.008	6.574	134.229	0.448	1.827	0.547	0.608
528	1268	49.319	23.230	0	105	156.610	3255	2805	49	34	49.698	32.485	0.245	0.650	1.530	0.654	0.892
529	16	25.250	8.836	16	46	18.142	2525	2807	6	6	5.210	3.910	146.240	0.611	1.332	0.750	0.640
530	92	28.228	12.126	4	63	46.284	1851	2814	12	13	11.420	10.257	147.324	0.540	1.113	0.898	0.739
531	36	25.083	6.855	11	37	24.385	3891	2814	8	8	7.870	5.824	9.695	0.761	1.351	0.740	0.766
532	74	57.608	16.890	3	88	34.284	3103	2831	11	12	10.254	9.188	115.854	0.791	1.116	0.896	0.818
533	1621	42.029	18.895	1	114	235.421	105	2832	80	38	71.552	28.845	178.801	0.368	2.481	0.403	0.695
534	99	21.131	11.272	1	51	41.456	378	2833	12	14	12.755	9.882	95.652	0.724	1.291	0.775	0.792
535	93	49.957	17.282	4	79	38.870	804	2852	15	10	14.358	8.247	21.213	0.774	1.741	0.574	0.845
536	106	26.425	12.604	2	63	44.627	3973	2865	17	9	16.670	8.096	3.539	0.669	2.059	0.486	0.848
537	378	59.005	25.567	4	110	87.941	3984	2872	15	36	33.881	14.205	89.598	0.614	2.385	0.419	0.928
538	1724	46.515	21.970	0	112	178.652	573	2873	51	52	47.675	46.042	161.703	0.679	1.035	0.966	0.893
539	22	28.636	8.086	11	46	19.556	349	2876	6	7	5.462	5.128	51.582	0.723	1.065	0.939	0.710
540	108	34.954	14.727	3	68	46.870	1762	2883	17	12	14.330	9.596	21.041	0.618	1.493	0.670	0.766
541	104	20.048	11.336	0	56	57.941	2555	2884	12	18	18.372	7.207	78.827	0.389	2.549	0.392	0.630
542	4519	26.441	13.140	0	75	322.434	3121	2891	100	72	94.044	61.182	172.219	0.546	1.537	0.651	0.879
543	485	16.241	9.055	1	49	95.740	3481	2894	28	27	27.688	22.303	134.398	0.665	1.241	0.805	0.856
544	150	38.193	18.781	2	97	61.941	442	2908	23	11	20.372	9.375	7.350	0.491	2.173	0.460	0.767
545	3750	27.809	14.949	0	96	298.836	2167	2924	82	75	69.947	68.261	7.753	0.528	1.025	0.976	0.871
546	118	20.678	9.961	1	43	46.284	341	2927	13	13	13.192	11.389	157.199	0.692	1.158	0.863	0.814
547	33	19.758	10.586	2	42	30.971	1136	2929	9	10	10.601	3.963	135.875	0.432	2.675	0.374	0.623
548	1910	39.376	19.941	0	98	196.208	860	2933	64	57	73.952	32.885	141.213	0.623	2.249	0.445	0.875
549	31	24.194	12.123	4	47	20.728	98	2945	7	6	6.661	5.925	143.065	0.907	1.124	0.890	0.886
550	2178	33.909	19.816	0	95	222.794	2709	2945	79	43	77.029	36.001	173.544	0.551	2.140	0.467	0.856
551	64	13.953	7.503	1	35	36.870	2946	2949	11	11	9.987	8.159	62.057	0.592	1.224	0.817	0.731
552	1698	22.032	10.701	1	60	213.581	1517	2957	64	42	63.843	33.864	171.641	0.468	1.885	0.530	0.866
553	460	19.417	9.439	1	52	107.054	3678	2959	27	27	24.767	23.648	174.849	0.504	1.047	0.955	0.794
554	262	24.263	19.023	1	76	122.368	3833	2962	33	20	27.179	12.274	10.258	0.220	2.214	0.452	0.571
555	65	26.169	13.517	3	61	46.870	3021	2965	14	13	12.530	6.605	41.978	0.372	1.897	0.527	0.631
556	285	37.235	15.967	3	80	87.497	1014	2973	35	15	33.230	10.920	10.882	0.468	3.043	0.329	0.801
557	292	18.921	9.062	1	51	112.326	1213	2983	35	16	26.593	13.981	9.938	0.291	1.902	0.526	0.698
558	16	17.688	7.726	8	31	15.314	3237	2991	6	4	5.170	3.940	6.620	0.857	1.312	0.762	0.800
559	64	27.641	10.988	5	52	49.213	3824	2993	21	6	18.269	4.460	2.363	0.332	4.096	0.244	0.688
