 	Area	Mean	StdDev	Min	Max	Perim.	BX	BY	Width	Height	Major	Minor	Angle	Circ.	AR	Round	Solidity
1	38	21.079	9.187	6	45	31.556	120	1	13	6	10.629	4.552	20.082	0.480	2.335	0.428	0.704
2	71	26.887	10.805	5	47	39.213	803	1	14	8	13.186	6.856	173.185	0.580	1.923	0.520	0.807
3	1021	38.723	18.525	2	92	161.054	1404	1	58	25	53.651	24.230	171.248	0.495	2.214	0.452	0.901
4	3340	32.396	15.946	0	99	256.208	1928	1	85	61	80.800	52.632	150.808	0.639	1.535	0.651	0.906
5	139	67.532	22.410	6	115	61.456	2106	1	26	8	25.609	6.911	179.075	0.462	3.706	0.270	0.830
6	1726	40.128	21.605	1	113	176.167	2744	1	59	43	54.004	40.694	172.973	0.699	1.327	0.754	0.913
7	28	32.357	9.821	8	49	20.728	500	3	8	5	7.120	5.007	167.863	0.819	1.422	0.703	0.836
8	5447	42.872	23.919	0	147	418.174	1470	4	94	100	95.197	72.853	115.753	0.391	1.307	0.765	0.805
9	40	48.650	13.946	13	69	22.971	2346	5	8	7	8.220	6.195	168.446	0.953	1.327	0.754	0.860
10	27	28.037	9.610	9	48	19.314	3954	9	6	6	7.302	4.708	137.803	0.910	1.551	0.645	0.885
11	218	20.463	10.535	1	50	73.255	2809	18	23	15	22.531	12.319	169.666	0.510	1.829	0.547	0.772
12	40	37.575	12.064	10	62	24.142	1143	22	9	6	8.603	5.920	16.799	0.862	1.453	0.688	0.870
13	8405	42.071	23.922	0	146	586.825	3796	22	117	152	150.645	71.038	60.881	0.307	2.121	0.472	0.735
14	41	28.122	11.037	10	57	30.627	3977	28	12	6	11.711	4.458	11.123	0.549	2.627	0.381	0.726
15	52	57.231	18.200	15	92	27.799	64	33	11	7	10.669	6.206	165.895	0.846	1.719	0.582	0.852
16	972	34.343	13.553	1	76	135.196	3573	36	44	38	48.078	25.741	39.526	0.668	1.868	0.535	0.867
17	17	19.353	11.017	3	38	15.899	2215	40	4	6	6.451	3.355	67.366	0.845	1.923	0.520	0.850
18	3170	47.073	26.966	0	142	243.664	3169	50	75	69	72.740	55.487	148.150	0.671	1.311	0.763	0.914
19	259	25.819	11.132	1	56	69.012	795	53	21	20	18.804	17.537	8.250	0.683	1.072	0.933	0.835
20	4987	30.273	15.396	0	89	320.676	306	54	90	88	83.918	75.664	39.109	0.609	1.109	0.902	0.901
21	692	57.520	26.518	1	129	110.953	3009	57	37	31	38.585	22.835	146.174	0.706	1.690	0.592	0.888
22	873	20.971	9.816	1	55	136.853	3702	57	42	36	45.215	24.583	147.415	0.586	1.839	0.544	0.864
23	182	27.335	11.993	2	56	58.770	1582	59	21	15	19.599	11.823	8.612	0.662	1.658	0.603	0.814
24	82	14.451	8.185	1	43	52.527	3766	60	18	11	12.602	8.285	169.885	0.373	1.521	0.657	0.605
25	153	29.922	11.678	4	74	51.113	3097	62	16	15	15.232	12.789	159.115	0.736	1.191	0.840	0.827
26	845	32.992	15.411	1	71	177.581	906	72	43	39	42.499	25.316	131.291	0.337	1.679	0.596	0.712
27	156	47.019	20.169	4	84	57.698	3789	77	23	10	22.366	8.881	3.284	0.589	2.518	0.397	0.832
28	66	29.136	11.874	2	60	32.971	765	86	8	12	12.000	7.003	67.811	0.763	1.713	0.584	0.868
29	56	33.268	13.269	7	62	29.799	3687	87	10	8	9.676	7.369	155.617	0.792	1.313	0.761	0.836
30	1027	54.981	29.042	1	133	184.066	3527	92	54	37	52.202	25.049	20.902	0.381	2.084	0.480	0.698
31	44	50.977	14.360	13	87	26.385	2814	96	9	8	9.270	6.044	164.438	0.794	1.534	0.652	0.793
32	62	25.339	10.825	6	56	30.971	1365	97	11	8	11.555	6.831	21.018	0.812	1.691	0.591	0.861
33	215	58.688	20.643	5	105	64.527	2529	102	24	14	23.413	11.692	166.678	0.649	2.003	0.499	0.865
34	21	21.524	9.584	4	42	19.556	3951	103	8	5	7.606	3.515	25.413	0.690	2.164	0.462	0.737
35	50	31.860	10.646	10	72	27.799	2882	105	10	8	9.899	6.431	155.763	0.813	1.539	0.650	0.800
36	750	35.868	20.543	1	105	155.439	2055	107	33	45	42.343	22.552	64.565	0.390	1.878	0.533	0.701
37	18	26.000	8.210	12	45	15.314	1381	111	5	5	5.029	4.558	135.000	0.965	1.103	0.906	0.857
38	1814	48.013	26.890	2	126	187.238	3316	112	57	45	58.701	39.346	160.534	0.650	1.492	0.670	0.899
39	116	28.871	13.358	1	61	59.355	3579	121	20	15	18.670	7.911	143.553	0.414	2.360	0.424	0.650
40	1880	30.692	17.573	1	96	212.794	2645	123	70	43	70.264	34.067	10.030	0.522	2.063	0.485	0.856
41	83	34.482	13.886	5	63	36.284	2949	129	13	10	11.823	8.939	174.116	0.792	1.323	0.756	0.838
42	114	39.158	12.055	5	66	42.284	3546	131	16	11	14.700	9.874	168.468	0.801	1.489	0.672	0.860
43	97	36.814	15.804	7	71	46.284	2451	138	18	8	17.910	6.896	1.798	0.569	2.597	0.385	0.792
44	18	28.889	7.259	17	44	16.485	1113	140	5	5	5.463	4.195	5.170	0.832	1.302	0.768	0.837
45	222	55.869	20.226	5	100	58.527	3755	142	19	16	18.499	15.280	159.397	0.814	1.211	0.826	0.897
46	34	27.912	8.411	11	42	25.556	3606	146	9	6	9.149	4.732	164.911	0.654	1.934	0.517	0.764
47	378	60.669	25.511	5	115	82.811	3701	146	26	23	24.571	19.587	153.989	0.693	1.254	0.797	0.856
48	4433	36.902	23.371	0	120	356.475	3271	152	111	72	95.396	59.167	167.581	0.438	1.612	0.620	0.839
49	31	14.677	7.007	5	37	24.971	2214	156	9	7	8.141	4.848	156.199	0.625	1.679	0.595	0.721
50	1008	53.830	28.625	2	122	140.468	1804	163	47	33	44.450	28.874	165.092	0.642	1.539	0.650	0.873
51	531	46.499	20.115	3	112	95.154	3222	163	29	28	28.176	23.995	33.589	0.737	1.174	0.852	0.868
52	51	13.314	8.059	1	38	40.042	3579	166	11	10	10.468	6.203	161.925	0.400	1.688	0.593	0.611
53	19	29.737	11.264	12	52	18.728	1755	174	7	5	6.029	4.013	173.338	0.681	1.503	0.666	0.717
54	33	33.939	10.834	4	53	20.728	3263	174	7	6	7.419	5.663	3.006	0.965	1.310	0.763	0.880
55	654	30.078	11.964	3	63	108.326	1168	175	32	30	32.971	25.255	144.254	0.700	1.306	0.766	0.882
56	989	26.914	12.428	0	63	147.681	2486	176	47	35	41.450	30.380	175.031	0.570	1.364	0.733	0.858
57	32	33.594	11.256	13	56	21.556	2547	177	7	7	7.749	5.258	138.191	0.865	1.474	0.678	0.810
58	74	49.189	12.963	8	80	30.971	573	180	9	10	10.523	8.954	119.914	0.969	1.175	0.851	0.919
59	4704	33.537	19.371	0	108	344.718	1919	180	78	104	96.521	62.052	103.587	0.497	1.555	0.643	0.838
60	262	71.847	24.220	10	117	64.184	3036	182	22	17	20.706	16.111	13.995	0.799	1.285	0.778	0.882
61	32	21.531	8.175	5	36	24.971	3436	183	7	8	7.555	5.393	45.000	0.645	1.401	0.714	0.719
62	61	37.262	15.428	4	66	31.213	3784	183	12	8	11.429	6.795	0.850	0.787	1.682	0.595	0.824
63	35	32.829	9.498	13	52	22.728	2458	187	9	5	8.405	5.302	4.339	0.851	1.585	0.631	0.897
64	24	24.375	12.233	5	54	20.142	1083	189	7	6	7.365	4.149	136.786	0.743	1.775	0.563	0.774
65	36	14.778	7.768	2	36	26.971	2130	198	9	7	6.937	6.608	20.541	0.622	1.050	0.952	0.727
66	8465	31.213	17.357	0	98	586.926	2499	200	140	132	130.722	82.449	35.812	0.309	1.585	0.631	0.738
67	677	38.253	16.179	0	91	111.882	2026	201	37	29	32.595	26.445	160.654	0.680	1.233	0.811	0.873
68	434	40.359	18.814	3	93	85.012	1251	203	32	19	32.435	17.037	14.384	0.755	1.904	0.525	0.919
69	34	35.794	13.302	12	63	22.142	1515	204	8	6	8.027	5.393	176.386	0.871	1.488	0.672	0.850
70	28	39.036	13.318	17	64	20.728	3981	209	7	6	7.054	5.054	147.251	0.819	1.396	0.716	0.848
71	67	43.612	11.785	9	72	33.213	1188	217	10	10	9.605	8.882	166.247	0.763	1.081	0.925	0.817
72	726	39.848	17.300	2	94	116.125	2070	217	29	38	34.915	26.475	94.768	0.677	1.319	0.758	0.883
73	35	29.600	11.740	5	51	21.314	1773	222	7	6	7.642	5.831	148.625	0.968	1.311	0.763	0.909
74	622	41.648	21.607	0	99	105.640	1676	227	33	26	33.257	23.813	164.003	0.700	1.397	0.716	0.891
75	399	19.591	8.273	2	44	90.225	33	228	25	27	25.756	19.724	51.814	0.616	1.306	0.766	0.819
76	44	11.432	5.658	3	25	51.456	464	233	13	12	10.594	5.288	42.147	0.209	2.003	0.499	0.433
77	48	41.562	13.807	4	65	25.799	1086	234	9	8	8.399	7.276	137.866	0.906	1.154	0.866	0.842
78	25	22.440	8.099	8	41	20.142	1538	234	7	6	7.095	4.486	136.271	0.774	1.582	0.632	0.806
79	25	23.800	10.844	1	42	20.142	3063	235	6	7	7.447	4.274	132.952	0.774	1.742	0.574	0.781
80	339	21.192	8.943	2	43	91.983	938	239	25	22	24.953	17.297	138.536	0.503	1.443	0.693	0.808
81	89	28.888	11.398	4	53	38.627	3744	243	12	11	12.183	9.301	158.350	0.750	1.310	0.763	0.824
82	26	46.808	16.752	9	76	19.556	3791	244	7	6	6.212	5.329	36.605	0.854	1.166	0.858	0.776
83	26	26.769	11.010	8	43	22.142	1899	245	8	6	7.219	4.586	160.959	0.666	1.574	0.635	0.743
84	967	17.635	8.885	0	50	184.309	265	247	57	33	55.833	22.052	165.190	0.358	2.532	0.395	0.760
85	68	16.441	8.014	4	39	44.284	463	250	15	11	15.400	5.622	144.383	0.436	2.739	0.365	0.654
86	4765	27.086	13.196	0	85	319.848	2366	251	103	72	97.957	61.935	162.869	0.585	1.582	0.632	0.917
87	1311	55.129	28.568	0	127	153.095	1629	252	49	43	48.420	34.474	150.325	0.703	1.405	0.712	0.889
88	1004	25.047	11.199	1	64	144.125	3027	253	42	35	40.379	31.659	1.651	0.607	1.275	0.784	0.879
89	232	32.526	12.323	3	62	75.497	1575	257	23	18	21.277	13.883	151.835	0.511	1.533	0.653	0.753
90	1037	66.614	30.503	1	152	139.782	1536	258	38	46	50.694	26.045	126.309	0.667	1.946	0.514	0.875
91	82	37.951	14.017	8	69	40.627	447	259	15	10	12.418	8.408	15.000	0.624	1.477	0.677	0.763
92	114	37.640	11.157	8	68	44.870	214	261	16	12	14.563	9.967	14.634	0.712	1.461	0.684	0.809
93	465	34.402	18.836	2	84	94.669	3837	263	37	18	35.590	16.635	0.761	0.652	2.139	0.467	0.884
94	1128	35.908	14.621	1	86	139.196	1710	264	38	41	40.396	35.553	66.545	0.732	1.136	0.880	0.910
95	256	29.637	10.745	4	56	76.669	3214	264	23	19	21.906	14.879	12.897	0.547	1.472	0.679	0.783
96	912	38.912	17.299	2	103	171.338	3890	264	48	46	54.167	21.437	55.664	0.390	2.527	0.396	0.708
97	23	16.478	7.495	4	31	17.314	852	275	6	5	5.972	4.903	11.706	0.964	1.218	0.821	0.868
98	7653	39.452	32.549	0	149	441.688	2858	278	126	98	126.510	77.023	32.199	0.493	1.642	0.609	0.856
99	48	22.188	10.658	5	41	37.213	1	280	12	9	12.320	4.961	159.372	0.436	2.484	0.403	0.676
100	266	15.060	8.232	1	37	81.497	1871	281	21	21	19.829	17.080	33.806	0.503	1.161	0.861	0.780
101	101	22.188	10.497	1	50	45.113	35	283	13	14	16.295	7.892	125.608	0.624	2.065	0.484	0.795
102	257	13.755	6.898	2	32	108.225	2786	299	25	22	25.687	12.739	30.435	0.276	2.016	0.496	0.668
103	40	30.250	12.479	9	53	27.556	2463	305	9	8	8.240	6.181	167.802	0.662	1.333	0.750	0.769
104	72	18.833	8.353	2	39	37.456	1305	310	13	10	11.453	8.004	165.755	0.645	1.431	0.699	0.758
105	177	12.277	7.411	0	39	77.497	1748	311	18	22	18.967	11.882	59.592	0.370	1.596	0.626	0.659
106	596	56.012	24.985	1	120	104.711	3356	325	40	25	35.901	21.137	176.626	0.683	1.698	0.589	0.863
107	2214	46.166	26.239	1	140	265.321	1745	326	67	66	61.931	45.518	141.183	0.395	1.361	0.735	0.729
108	45	31.089	13.818	1	54	29.556	2974	331	11	6	10.164	5.637	2.800	0.647	1.803	0.555	0.826
109	215	24.521	13.934	2	65	57.698	2025	333	17	17	17.837	15.347	141.342	0.812	1.162	0.860	0.901
110	132	14.189	7.627	1	31	53.113	63	336	13	17	15.126	11.111	71.648	0.588	1.361	0.735	0.767
111	8406	38.832	23.460	0	128	498.115	479	346	157	93	151.029	70.866	166.840	0.426	2.131	0.469	0.812
112	35	16.086	7.286	1	31	28.971	197	348	11	7	8.840	5.041	160.829	0.524	1.754	0.570	0.686
113	36	26.583	11.320	1	50	21.556	3309	349	7	7	7.512	6.101	38.874	0.974	1.231	0.812	0.867
114	139	50.266	16.259	4	85	47.213	3829	351	16	12	15.905	11.128	163.794	0.784	1.429	0.700	0.880
115	5597	29.639	15.990	0	102	513.571	1818	354	127	103	125.899	56.603	43.815	0.267	2.224	0.450	0.687
116	3871	26.048	14.489	0	82	313.505	1502	355	64	98	91.260	54.007	94.615	0.495	1.690	0.592	0.847
117	46	37.783	11.688	12	58	27.799	1862	356	10	7	9.317	6.286	172.162	0.748	1.482	0.675	0.786
118	329	38.802	19.204	4	85	89.983	3443	357	33	18	30.721	13.635	9.341	0.511	2.253	0.444	0.776
119	19	20.684	7.349	4	30	20.728	705	361	6	7	6.286	3.849	110.276	0.556	1.633	0.612	0.644
120	366	55.287	19.818	6	98	100.912	3257	361	40	15	38.505	12.102	177.044	0.452	3.182	0.314	0.789
121	3053	50.242	31.670	1	159	235.279	2982	367	72	65	75.236	51.667	143.487	0.693	1.456	0.687	0.916
122	3931	21.749	10.318	0	67	305.019	2501	380	93	74	89.938	55.651	23.303	0.531	1.616	0.619	0.851
123	944	47.734	21.039	2	108	164.267	3379	383	51	41	50.449	23.825	152.764	0.440	2.118	0.472	0.713
124	394	28.937	11.245	4	68	81.983	3152	391	26	25	25.161	19.938	136.066	0.737	1.262	0.792	0.858
125	34	27.029	9.662	8	48	24.971	2451	396	8	7	7.225	5.992	152.766	0.685	1.206	0.829	0.756
126	1451	23.198	10.099	1	57	175.966	780	406	45	49	46.827	39.453	113.956	0.589	1.187	0.843	0.880
127	1217	60.648	28.645	1	137	182.894	3786	407	54	43	47.970	32.302	153.190	0.457	1.485	0.673	0.801
128	179	35.061	10.956	4	60	54.284	2788	410	14	17	16.663	13.677	114.594	0.763	1.218	0.821	0.873
129	23	16.783	6.105	5	32	21.314	3356	413	6	7	8.016	3.653	121.832	0.636	2.194	0.456	0.742
130	884	30.005	12.377	1	69	144.024	2852	420	36	39	40.164	28.024	56.326	0.536	1.433	0.698	0.838
131	124	17.452	10.382	1	44	51.113	131	426	13	17	14.401	10.963	87.793	0.596	1.314	0.761	0.756
132	286	15.601	7.903	1	37	83.154	3489	427	24	22	20.149	18.073	143.739	0.520	1.115	0.897	0.777
133	7703	30.984	16.765	0	91	474.014	1631	428	101	121	115.676	84.787	105.184	0.431	1.364	0.733	0.826
134	41	23.000	11.165	2	50	26.142	3961	428	8	8	9.624	5.424	128.434	0.754	1.774	0.564	0.845
135	2129	39.031	19.867	1	101	282.978	2390	435	65	66	55.650	48.710	42.763	0.334	1.142	0.875	0.696
136	1108	31.666	16.412	1	79	154.652	1184	439	47	47	56.127	25.135	130.373	0.582	2.233	0.448	0.837
137	206	32.626	14.795	2	70	64.770	939	444	23	17	23.298	11.258	156.160	0.617	2.070	0.483	0.795
138	2387	32.202	16.684	0	87	225.664	294	448	65	72	64.819	46.888	124.339	0.589	1.382	0.723	0.863
139	325	27.289	11.409	2	60	84.912	2319	450	23	23	24.697	16.755	38.147	0.566	1.474	0.678	0.835
140	19	29.842	8.322	9	41	17.556	110	456	7	5	5.642	4.287	177.327	0.775	1.316	0.760	0.745
141	37	43.054	14.308	12	62	23.556	3714	468	7	8	7.441	6.331	152.658	0.838	1.175	0.851	0.831
142	132	50.811	18.339	4	87	47.698	3771	471	18	12	16.406	10.244	179.676	0.729	1.602	0.624	0.838
143	60	20.350	8.749	1	39	34.627	1842	476	10	12	12.880	5.931	119.257	0.629	2.172	0.461	0.759
144	6512	42.236	23.970	0	120	474.701	3008	479	148	78	132.806	62.432	173.941	0.363	2.127	0.470	0.835
145	700	30.904	13.515	1	77	120.468	1923	489	40	27	38.904	22.909	171.446	0.606	1.698	0.589	0.867
146	337	22.783	11.267	3	62	86.669	2621	494	32	19	32.751	13.101	19.791	0.564	2.500	0.400	0.831
147	49	15.673	8.454	4	40	28.385	1038	496	10	8	9.451	6.601	39.238	0.764	1.432	0.698	0.778
148	47	21.362	9.669	2	38	31.213	2696	498	11	9	10.905	5.488	142.264	0.606	1.987	0.503	0.707
149	1147	41.241	16.804	1	90	141.924	2949	498	45	39	43.929	33.245	28.460	0.716	1.321	0.757	0.899
150	4953	31.196	15.110	0	110	374.860	2578	502	110	83	104.471	60.365	32.590	0.443	1.731	0.578	0.827
151	937	27.824	11.507	1	65	137.782	243	507	35	37	37.085	32.170	113.938	0.620	1.153	0.867	0.896
152	267	48.569	23.748	4	119	68.770	3267	510	24	16	23.406	14.525	6.324	0.709	1.611	0.621	0.878
153	17	27.824	10.777	11	48	15.071	1498	512	5	4	5.037	4.298	149.036	0.941	1.172	0.853	0.919
154	120	20.050	8.953	3	41	54.770	1561	512	12	16	13.674	11.174	94.452	0.503	1.224	0.817	0.750
155	20	11.550	7.112	2	25	17.556	1003	514	6	6	6.485	3.927	127.190	0.815	1.652	0.605	0.755
156	86	45.047	13.716	9	75	36.870	1264	531	14	10	12.922	8.474	165.835	0.795	1.525	0.656	0.831
157	155	31.555	13.592	2	71	46.870	3685	531	14	15	14.829	13.309	99.458	0.887	1.114	0.898	0.904
158	104	38.635	13.214	4	77	40.284	2938	536	12	14	12.648	10.469	117.613	0.805	1.208	0.828	0.835
159	3088	41.731	22.861	1	115	239.865	2300	538	67	71	65.027	60.463	96.417	0.674	1.075	0.930	0.917
160	16	19.875	11.407	2	38	16.728	3921	538	7	4	6.322	3.222	19.624	0.719	1.962	0.510	0.762
161	68	16.353	8.016	0	33	34.627	3667	547	11	11	11.629	7.445	140.390	0.713	1.562	0.640	0.795
162	827	49.716	23.077	4	129	171.338	3570	549	50	33	43.809	24.035	15.661	0.354	1.823	0.549	0.733
163	38	16.658	6.196	5	29	26.142	1186	557	9	7	8.239	5.872	170.361	0.699	1.403	0.713	0.826
164	42	54.190	15.390	22	77	24.971	3683	559	9	7	8.001	6.684	167.570	0.846	1.197	0.835	0.840
165	38	40.974	14.126	10	67	24.385	1369	560	9	7	8.535	5.669	158.948	0.803	1.506	0.664	0.792
166	172	38.250	14.747	2	69	63.598	1792	567	19	16	18.133	12.077	138.322	0.534	1.501	0.666	0.782
167	629	34.103	16.328	0	75	113.882	953	568	36	29	35.384	22.634	24.559	0.609	1.563	0.640	0.823
168	128	40.523	13.535	4	76	44.042	3377	575	14	12	13.567	12.013	172.313	0.829	1.129	0.885	0.883
169	1685	27.259	13.706	1	72	207.380	3150	580	44	61	55.835	38.424	87.721	0.492	1.453	0.688	0.847
170	345	14.255	7.746	0	43	95.397	2261	584	25	21	25.136	17.476	152.093	0.476	1.438	0.695	0.786
171	33	37.909	17.664	15	78	23.556	263	585	7	8	8.078	5.202	124.993	0.747	1.553	0.644	0.776
172	53	43.340	16.797	7	75	28.385	153	595	10	8	10.501	6.426	155.162	0.827	1.634	0.612	0.828
173	362	20.906	9.170	1	46	90.811	855	608	26	25	24.293	18.973	147.114	0.552	1.280	0.781	0.802
174	44	34.977	9.581	9	49	24.971	2706	608	9	7	8.372	6.692	165.884	0.887	1.251	0.799	0.863
175	657	32.454	14.758	0	80	137.196	700	609	38	35	30.522	27.407	125.935	0.439	1.114	0.898	0.801
176	36	33.722	12.370	12	58	25.899	2520	614	9	6	9.519	4.815	177.529	0.674	1.977	0.506	0.800
177	46	23.739	12.998	3	55	26.142	2657	614	10	6	9.982	5.868	2.271	0.846	1.701	0.588	0.885
178	455	27.642	11.603	1	62	95.397	658	615	29	25	27.259	21.253	18.151	0.628	1.283	0.780	0.839
179	233	69.064	22.648	12	111	60.527	3085	618	18	18	17.753	16.711	64.185	0.799	1.062	0.941	0.886
180	1452	38.497	20.608	2	108	214.451	3536	618	62	48	52.509	35.208	10.549	0.397	1.491	0.671	0.764
181	22	14.955	8.139	4	32	20.971	1548	622	8	6	6.179	4.533	18.913	0.629	1.363	0.734	0.647
182	149	53.826	19.046	2	96	46.870	2661	624	14	15	14.236	13.326	62.533	0.852	1.068	0.936	0.879
183	20	16.600	9.864	3	36	16.728	3776	629	6	5	5.749	4.429	0.000	0.898	1.298	0.770	0.800
184	498	18.412	8.636	0	42	120.125	356	632	29	27	27.195	23.316	28.517	0.434	1.166	0.857	0.795
185	235	35.966	19.066	3	81	77.012	1021	632	24	17	21.674	13.805	158.815	0.498	1.570	0.637	0.791
186	17	11.765	5.964	2	23	18.485	1554	632	8	3	7.358	2.942	0.176	0.625	2.501	0.400	0.829
187	2665	19.129	11.010	0	62	248.735	2665	632	75	62	73.265	46.314	36.508	0.541	1.582	0.632	0.868
188	78	57.756	21.287	7	100	36.627	2985	634	15	8	14.765	6.726	7.715	0.731	2.195	0.456	0.843
189	5166	38.614	23.728	0	127	349.161	108	641	109	83	105.095	62.587	156.465	0.532	1.679	0.596	0.872
190	413	37.983	15.714	3	84	89.983	1891	642	27	24	26.510	19.836	148.255	0.641	1.336	0.748	0.839
191	56	32.536	11.464	12	54	32.627	1213	644	13	8	11.423	6.242	24.089	0.661	1.830	0.546	0.789
192	24	35.583	13.207	12	58	17.899	2910	653	6	5	6.496	4.704	178.807	0.941	1.381	0.724	0.889
193	17	12.706	5.145	5	22	17.314	1951	654	6	5	5.456	3.967	158.801	0.713	1.375	0.727	0.756
194	16	29.312	10.594	8	47	17.314	1129	656	6	5	5.992	3.400	154.330	0.671	1.763	0.567	0.727
195	495	28.432	12.571	1	66	112.468	1610	661	28	37	33.593	18.762	58.248	0.492	1.790	0.559	0.729
196	239	40.628	19.577	5	88	70.083	1116	670	19	23	18.665	16.303	128.884	0.611	1.145	0.873	0.789
197	35	21.543	12.823	1	43	25.556	2510	671	8	7	9.148	4.871	149.418	0.673	1.878	0.532	0.795
198	366	29.139	11.825	4	70	91.154	720	678	24	24	25.669	18.155	52.696	0.554	1.414	0.707	0.802
199	141	18.177	9.108	0	42	55.355	699	681	17	16	16.476	10.896	38.113	0.578	1.512	0.661	0.762
200	114	21.833	12.018	4	57	55.113	1897	684	13	17	15.672	9.262	121.714	0.472	1.692	0.591	0.735
201	17	30.941	9.915	15	50	14.728	3047	692	6	4	6.166	3.510	167.913	0.985	1.757	0.569	0.850
202	89	35.618	12.232	5	60	35.456	1730	693	12	11	11.527	9.830	7.787	0.890	1.173	0.853	0.860
203	485	42.918	18.425	4	97	103.054	2903	706	31	30	34.517	17.890	42.275	0.574	1.929	0.518	0.842
204	2358	35.546	16.767	0	96	274.392	2125	713	71	64	75.597	39.714	41.954	0.394	1.904	0.525	0.787
205	16	30.875	12.643	5	46	16.142	2776	713	6	5	5.019	4.059	167.636	0.772	1.236	0.809	0.727
206	24	14.833	6.105	4	27	19.556	2758	715	7	6	6.462	4.729	156.784	0.789	1.367	0.732	0.750
207	1295	45.884	25.642	1	117	157.924	2849	729	48	40	44.185	37.317	168.653	0.653	1.184	0.845	0.887
208	54	14.778	7.322	2	30	44.042	3507	734	13	12	11.084	6.203	114.560	0.350	1.787	0.560	0.551
209	172	46.942	13.580	8	82	54.527	3759	734	16	16	16.717	13.100	121.405	0.727	1.276	0.784	0.843
210	73	20.562	9.951	1	40	37.799	1041	739	14	8	13.426	6.923	179.706	0.642	1.939	0.516	0.816
211	677	34.795	14.451	3	81	107.054	2921	739	33	31	32.457	26.557	149.338	0.742	1.222	0.818	0.885
212	122	52.861	15.793	5	84	42.042	3492	742	13	13	14.478	10.729	130.391	0.867	1.349	0.741	0.891
213	22	15.364	7.155	2	28	21.556	2837	745	7	7	6.013	4.658	54.519	0.595	1.291	0.775	0.638
214	136	77.110	21.194	13	115	46.870	3785	746	15	14	15.730	11.008	135.179	0.778	1.429	0.700	0.869
215	17	12.059	5.226	4	22	15.899	1527	748	6	4	6.138	3.527	29.280	0.845	1.740	0.575	0.850
216	369	14.141	6.971	1	37	130.368	486	753	25	30	25.081	18.732	68.255	0.273	1.339	0.747	0.698
217	20	17.750	10.784	3	51	18.142	1145	763	6	6	5.868	4.340	139.810	0.764	1.352	0.740	0.727
218	54	23.500	11.305	2	45	28.385	3121	772	10	8	9.993	6.880	20.763	0.842	1.452	0.688	0.857
219	1576	48.806	26.514	1	129	192.208	385	782	66	51	67.566	29.699	146.741	0.536	2.275	0.440	0.830
220	16	35.625	11.063	12	52	16.142	2689	793	6	5	5.282	3.857	175.820	0.772	1.369	0.730	0.711
221	110	28.982	11.149	4	63	42.870	2702	794	12	15	13.759	10.179	87.600	0.752	1.352	0.740	0.815
222	43	43.279	12.982	10	65	25.314	1	796	6	9	8.970	6.104	91.027	0.843	1.470	0.680	0.905
223	494	17.464	8.423	2	43	101.983	3708	796	28	26	26.944	23.344	162.633	0.597	1.154	0.866	0.839
224	170	37.388	13.359	4	73	53.113	1876	797	18	15	16.730	12.938	165.531	0.757	1.293	0.773	0.848
225	22	14.545	5.124	5	24	20.728	3380	817	7	5	7.170	3.907	171.452	0.643	1.835	0.545	0.733
226	806	26.301	12.612	1	67	164.752	3156	818	38	39	39.424	26.031	141.180	0.373	1.515	0.660	0.780
227	34	16.118	8.889	2	35	26.385	3503	818	7	9	7.382	5.864	111.047	0.614	1.259	0.794	0.708
228	48	19.146	8.587	1	39	30.385	3978	818	9	10	9.848	6.206	130.540	0.653	1.587	0.630	0.750
229	1906	27.682	15.710	0	76	247.078	1214	823	66	45	63.347	38.310	173.292	0.392	1.654	0.605	0.818
230	559	50.197	19.294	4	113	99.154	1312	827	31	26	29.321	24.274	23.054	0.714	1.208	0.828	0.884
231	657	28.924	13.157	0	82	109.054	1786	830	31	33	30.472	27.452	117.395	0.694	1.110	0.901	0.878
232	5569	36.117	23.343	0	110	365.889	430	832	81	108	111.604	63.534	119.468	0.523	1.757	0.569	0.872
233	72	37.028	9.901	12	62	33.213	2659	837	11	9	10.778	8.505	172.941	0.820	1.267	0.789	0.857
234	31	23.258	11.445	3	46	20.142	3463	842	6	7	7.425	5.316	128.138	0.960	1.397	0.716	0.861
235	98	41.480	13.756	5	67	38.042	1468	853	13	11	12.660	9.856	162.396	0.851	1.284	0.779	0.860
236	61	15.787	7.369	2	38	40.627	1600	856	12	11	11.422	6.800	150.214	0.464	1.680	0.595	0.639
237	25	22.280	9.563	7	42	22.142	2609	856	6	7	7.482	4.255	138.077	0.641	1.759	0.569	0.746
238	1578	28.326	13.180	0	77	178.995	2735	861	56	41	56.290	35.693	174.986	0.619	1.577	0.634	0.852
239	1309	49.212	27.109	0	132	205.137	3874	861	71	33	60.232	27.671	7.181	0.391	2.177	0.459	0.799
240	1677	40.243	19.653	0	101	215.865	819	872	61	44	63.479	33.637	164.897	0.452	1.887	0.530	0.797
241	1221	50.242	21.399	2	126	181.238	2450	876	49	45	44.201	35.172	124.270	0.467	1.257	0.796	0.780
242	2412	24.138	12.549	0	92	276.291	289	881	71	57	72.356	42.443	150.378	0.397	1.705	0.587	0.847
243	773	18.922	8.929	1	52	130.610	2579	883	38	32	35.870	27.438	22.514	0.569	1.307	0.765	0.845
244	28	28.536	9.796	4	43	22.728	93	884	9	5	8.913	4.000	174.203	0.681	2.228	0.449	0.767
245	5297	29.237	14.806	1	85	390.032	3121	884	114	87	104.218	64.714	20.220	0.438	1.610	0.621	0.798
246	70	26.129	12.155	1	56	39.456	3180	890	12	11	10.082	8.840	142.190	0.565	1.141	0.877	0.711
247	262	17.164	7.567	2	38	80.083	1235	896	19	20	19.170	17.401	48.730	0.513	1.102	0.908	0.793
248	1334	41.427	20.219	1	98	165.238	1840	903	54	43	47.348	35.872	154.660	0.614	1.320	0.758	0.876
249	164	24.402	14.149	1	68	60.770	1890	905	17	14	17.400	12.001	156.162	0.558	1.450	0.690	0.800
250	565	39.290	17.567	1	95	109.397	3258	913	35	26	31.463	22.864	24.107	0.593	1.376	0.727	0.818
251	37	18.378	9.984	3	52	25.556	776	917	10	6	8.580	5.491	175.129	0.712	1.562	0.640	0.787
252	1008	45.615	22.815	0	122	190.409	2701	920	75	28	71.803	17.874	12.627	0.349	4.017	0.249	0.748
253	82	43.598	15.839	12	74	36.042	3546	921	13	10	12.533	8.331	166.927	0.793	1.504	0.665	0.828
254	1087	20.299	10.077	1	65	153.924	2616	922	41	40	39.519	35.021	47.224	0.577	1.128	0.886	0.856
255	82	19.256	9.304	2	42	34.385	2539	926	10	11	10.707	9.751	131.679	0.872	1.098	0.911	0.886
256	47	11.723	6.067	1	24	34.870	41	928	8	10	9.181	6.518	103.461	0.486	1.408	0.710	0.662
257	42	18.714	8.457	2	40	30.385	1129	930	10	8	7.722	6.925	94.100	0.572	1.115	0.897	0.694
258	228	33.807	12.060	5	63	61.598	304	936	19	18	18.958	15.313	126.845	0.755	1.238	0.808	0.849
259	80	18.000	10.178	1	42	42.870	2185	938	12	12	11.449	8.896	126.847	0.547	1.287	0.777	0.721
260	2614	25.667	13.831	0	74	219.865	1430	940	59	64	62.352	53.379	108.824	0.680	1.168	0.856	0.916
261	105	41.029	12.684	2	68	38.627	3394	944	11	13	12.817	10.430	104.442	0.884	1.229	0.814	0.886
262	34	27.735	12.116	2	49	25.799	3440	945	8	7	8.231	5.259	148.774	0.642	1.565	0.639	0.747
263	24	22.500	10.636	5	46	19.556	100	947	7	6	7.019	4.353	25.436	0.789	1.612	0.620	0.738
264	4416	49.125	32.024	0	157	419.446	2971	948	132	68	117.272	47.945	171.735	0.315	2.446	0.409	0.753
265	167	31.713	14.160	4	65	52.527	2895	949	17	16	15.084	14.097	149.457	0.761	1.070	0.935	0.835
266	432	40.947	17.125	3	86	92.569	183	950	35	19	33.184	16.575	173.629	0.634	2.002	0.500	0.856
267	927	53.786	31.089	1	155	150.368	3448	958	34	49	41.013	28.779	93.320	0.515	1.425	0.702	0.786
268	16	26.812	16.067	3	53	16.142	1102	964	6	5	4.799	4.245	0.000	0.772	1.131	0.884	0.727
269	260	46.996	16.114	3	84	64.527	1014	968	21	18	19.922	16.617	153.444	0.785	1.199	0.834	0.878
270	170	18.871	10.382	0	48	89.255	3328	974	31	16	24.431	8.860	21.416	0.268	2.758	0.363	0.593
271	936	21.974	9.659	1	51	144.853	3863	975	35	43	41.193	28.931	111.529	0.561	1.424	0.702	0.857
272	83	59.602	15.116	10	89	34.627	1701	984	12	10	12.447	8.490	10.468	0.870	1.466	0.682	0.865
273	169	17.627	8.964	0	42	62.184	1924	984	15	17	16.793	12.814	104.229	0.549	1.311	0.763	0.799
274	56	37.429	13.677	4	70	31.456	1343	985	11	10	12.061	5.912	140.292	0.711	2.040	0.490	0.806
275	429	39.697	13.455	0	71	88.569	844	989	27	26	26.291	20.776	33.664	0.687	1.265	0.790	0.845
276	708	40.609	21.674	1	97	117.054	73	991	25	43	40.221	22.413	91.548	0.649	1.795	0.557	0.880
277	56	34.893	13.815	7	61	29.213	2260	994	11	8	11.658	6.116	152.663	0.825	1.906	0.525	0.836
278	113	42.496	14.857	4	75	43.456	3500	998	13	14	14.339	10.034	117.436	0.752	1.429	0.700	0.828
279	295	43.353	17.656	3	90	73.012	399	1002	28	14	27.037	13.892	2.435	0.695	1.946	0.514	0.895
280	2256	29.570	14.985	0	83	264.250	2791	1003	62	72	68.051	42.210	127.412	0.406	1.612	0.620	0.757
281	185	23.303	10.303	1	60	56.527	43	1005	18	16	16.506	14.271	23.832	0.728	1.157	0.865	0.853
282	58	47.776	13.693	15	80	30.627	219	1012	12	8	10.730	6.882	176.742	0.777	1.559	0.641	0.829
283	24	26.542	8.220	12	46	18.728	2238	1020	7	5	6.200	4.929	7.573	0.860	1.258	0.795	0.814
284	44	23.318	9.809	4	40	30.971	2377	1021	9	10	8.580	6.530	61.066	0.576	1.314	0.761	0.739
285	4040	33.725	17.659	0	97	311.019	1771	1023	101	65	88.723	57.977	173.261	0.525	1.530	0.653	0.876
286	20	14.050	9.714	0	32	19.314	1295	1024	6	5	5.735	4.440	150.854	0.674	1.292	0.774	0.755
287	651	22.260	10.320	1	58	124.711	960	1025	39	24	38.768	21.381	174.672	0.526	1.813	0.552	0.854
288	6274	33.476	18.253	0	90	382.274	2944	1026	106	106	118.906	67.182	141.079	0.540	1.770	0.565	0.877
289	7902	42.052	25.158	0	127	558.056	642	1039	105	139	141.658	71.024	112.065	0.319	1.995	0.501	0.744
290	3987	30.034	12.475	0	67	309.848	2422	1050	97	68	98.199	51.695	158.773	0.522	1.900	0.526	0.857
291	905	42.654	21.144	1	115	137.983	1346	1058	49	28	48.812	23.607	175.121	0.597	2.068	0.484	0.856
292	313	29.840	13.196	1	62	74.083	993	1072	25	19	25.450	15.659	163.970	0.717	1.625	0.615	0.884
293	283	33.686	17.751	2	86	67.598	3352	1073	20	20	20.497	17.580	143.456	0.778	1.166	0.858	0.883
294	1331	41.756	22.780	0	134	172.652	2760	1080	57	44	62.061	27.307	151.737	0.561	2.273	0.440	0.825
295	98	37.827	16.163	2	70	42.627	107	1081	17	9	14.668	8.507	0.872	0.678	1.724	0.580	0.838
296	18	11.333	5.801	4	22	17.314	601	1085	4	7	6.554	3.497	107.052	0.755	1.874	0.534	0.800
297	112	14.179	7.061	1	34	51.941	3225	1087	14	14	12.355	11.542	12.322	0.522	1.070	0.934	0.725
298	293	37.106	20.808	4	93	82.326	3886	1088	20	25	23.997	15.546	127.347	0.543	1.544	0.648	0.771
299	70	40.714	15.106	1	73	36.385	653	1097	14	8	12.754	6.988	178.479	0.664	1.825	0.548	0.800
300	19	21.421	11.222	3	42	16.142	161	1099	6	5	5.472	4.421	12.878	0.916	1.238	0.808	0.809
301	201	19.433	10.100	0	49	65.355	2121	1112	23	15	20.114	12.724	0.414	0.591	1.581	0.633	0.819
302	59	26.203	11.738	5	57	30.385	1290	1113	11	8	10.349	7.259	7.037	0.803	1.426	0.701	0.843
303	93	44.645	17.859	7	79	43.456	2948	1115	17	10	14.519	8.156	0.566	0.619	1.780	0.562	0.769
304	84	25.845	14.146	4	59	53.355	2423	1116	21	10	15.439	6.928	168.400	0.371	2.229	0.449	0.602
305	403	42.648	17.152	1	90	82.426	1613	1117	26	22	24.123	21.271	28.771	0.745	1.134	0.882	0.867
306	62	49.516	17.748	10	82	30.142	3661	1118	11	7	11.590	6.811	163.195	0.858	1.702	0.588	0.905
307	28	29.750	16.153	7	67	22.142	1187	1121	9	5	8.081	4.412	13.865	0.718	1.832	0.546	0.812
308	16	14.750	9.205	4	34	16.728	2659	1124	5	6	5.530	3.684	64.614	0.719	1.501	0.666	0.744
309	377	32.889	16.930	1	80	77.497	1346	1129	23	23	23.584	20.354	131.280	0.789	1.159	0.863	0.890
310	26	23.308	9.899	2	39	19.314	3946	1133	7	5	6.737	4.914	7.705	0.876	1.371	0.729	0.852
311	59	45.356	14.066	10	76	29.799	1448	1135	10	9	10.251	7.328	147.632	0.835	1.399	0.715	0.831
312	966	27.461	13.560	1	70	139.196	3766	1138	43	32	41.349	29.745	173.796	0.627	1.390	0.719	0.886
313	2653	25.269	12.149	1	74	282.392	2246	1142	83	47	82.333	41.027	5.910	0.418	2.007	0.498	0.862
314	1490	45.801	21.660	0	112	177.238	1078	1149	51	48	54.499	34.810	39.024	0.596	1.566	0.639	0.857
315	2311	27.236	13.928	1	74	228.936	2084	1157	78	40	77.426	38.004	177.533	0.554	2.037	0.491	0.896
316	59	48.085	12.217	21	71	32.385	3992	1157	7	13	11.383	6.600	85.011	0.707	1.725	0.580	0.861
317	195	12.887	7.225	2	38	83.154	2536	1160	22	18	19.267	12.886	160.804	0.354	1.495	0.669	0.696
318	24	40.083	10.249	9	57	18.142	1454	1167	7	5	6.216	4.916	174.335	0.916	1.264	0.791	0.842
319	101	33.990	12.006	3	70	40.042	3128	1168	15	10	13.924	9.236	169.834	0.792	1.508	0.663	0.867
320	58	51.397	15.828	20	86	31.213	2828	1174	12	7	11.871	6.221	167.321	0.748	1.908	0.524	0.841
321	51	48.745	18.858	16	81	27.556	488	1175	10	7	10.465	6.205	26.600	0.844	1.686	0.593	0.872
322	235	13.668	6.620	1	38	81.740	1160	1181	22	21	21.328	14.029	140.806	0.442	1.520	0.658	0.710
323	16	22.250	10.402	0	38	16.142	2198	1198	5	6	5.743	3.547	125.060	0.772	1.619	0.618	0.744
324	1243	30.313	14.862	2	85	161.924	898	1200	53	35	56.122	28.200	16.622	0.596	1.990	0.502	0.865
325	111	24.414	10.813	2	46	47.698	682	1206	11	18	19.666	7.186	113.159	0.613	2.737	0.365	0.813
326	39	57.769	16.734	9	83	24.971	1437	1208	9	6	8.633	5.752	171.523	0.786	1.501	0.666	0.812
327	680	26.319	11.254	2	58	140.267	3634	1208	49	23	47.530	18.216	178.991	0.434	2.609	0.383	0.749
328	41	21.073	10.548	2	43	25.799	3111	1209	10	7	8.572	6.090	159.861	0.774	1.408	0.710	0.781
329	1568	37.458	19.588	2	106	188.066	1909	1217	48	53	47.609	41.934	87.214	0.557	1.135	0.881	0.856
330	199	53.035	16.727	5	87	65.598	829	1220	25	13	25.151	10.074	169.403	0.581	2.497	0.401	0.799
331	975	28.995	12.416	2	69	141.924	3708	1221	43	35	39.338	31.557	10.182	0.608	1.247	0.802	0.863
332	16	11.625	5.290	4	21	16.728	1973	1224	6	5	4.974	4.096	161.281	0.719	1.214	0.824	0.727
333	1242	20.601	10.218	0	58	173.480	451	1231	61	39	58.631	26.971	153.178	0.519	2.174	0.460	0.852
334	4629	36.091	18.679	0	122	430.558	2910	1237	107	86	90.239	65.313	23.336	0.314	1.382	0.724	0.698
335	1152	48.827	28.427	2	141	180.309	2361	1243	46	39	44.174	33.204	164.740	0.445	1.330	0.752	0.745
336	19	22.105	11.493	2	42	16.485	629	1245	6	4	6.192	3.907	2.678	0.879	1.585	0.631	0.884
337	398	59.598	28.940	1	123	77.841	1970	1248	27	20	27.366	18.518	160.435	0.825	1.478	0.677	0.916
338	84	38.488	20.750	1	73	35.213	345	1260	9	12	12.520	8.542	100.320	0.851	1.466	0.682	0.870
339	50	24.160	10.106	5	50	29.799	1239	1268	11	8	9.118	6.982	17.181	0.708	1.306	0.766	0.781
340	1203	26.240	12.357	0	67	183.924	2798	1270	59	30	61.543	24.888	4.259	0.447	2.473	0.404	0.797
341	42	30.190	8.300	16	48	25.799	3787	1270	10	7	9.700	5.513	162.298	0.793	1.759	0.568	0.800
342	18	15.167	7.040	6	27	22.971	3926	1279	6	8	8.175	2.803	119.249	0.429	2.916	0.343	0.610
343	160	36.256	15.094	3	69	72.326	3697	1280	26	21	30.647	6.647	140.242	0.384	4.610	0.217	0.722
344	736	42.280	19.659	1	90	183.823	98	1284	49	39	41.049	22.829	36.716	0.274	1.798	0.556	0.569
345	313	18.377	8.932	2	47	78.669	2704	1286	24	22	20.817	19.144	19.008	0.636	1.087	0.920	0.824
346	770	29.744	12.504	2	65	137.397	1	1289	22	51	47.024	20.849	88.055	0.513	2.255	0.443	0.884
347	45	20.000	8.924	4	40	44.627	3291	1297	19	6	17.774	3.224	14.444	0.284	5.514	0.181	0.667
348	50	52.840	13.718	12	84	29.213	357	1299	9	8	9.419	6.759	165.309	0.736	1.393	0.718	0.800
349	818	21.630	9.922	0	60	139.439	3104	1304	38	39	42.574	24.464	49.555	0.529	1.740	0.575	0.831
350	81	23.556	10.025	5	47	39.799	2839	1310	11	12	11.744	8.782	132.889	0.643	1.337	0.748	0.775
351	106	32.358	12.267	5	66	40.627	758	1313	14	11	14.695	9.184	147.448	0.807	1.600	0.625	0.883
352	557	29.738	12.041	1	64	104.225	1720	1314	35	26	34.819	20.368	22.305	0.644	1.709	0.585	0.860
353	384	21.229	10.343	0	50	91.397	288	1324	25	25	23.296	20.987	105.549	0.578	1.110	0.901	0.813
354	112	27.875	12.359	1	64	57.113	3840	1336	20	14	22.693	6.284	157.328	0.431	3.611	0.277	0.675
355	1198	47.139	24.517	1	115	147.338	313	1347	46	41	43.041	35.439	159.245	0.693	1.215	0.823	0.893
356	688	33.410	13.423	1	73	144.267	2941	1347	45	30	39.202	22.345	159.458	0.415	1.754	0.570	0.770
357	278	20.058	11.743	0	62	78.326	2799	1350	23	22	21.350	16.579	142.843	0.569	1.288	0.777	0.793
358	157	22.592	11.136	1	51	60.184	2019	1363	15	18	17.349	11.522	111.192	0.545	1.506	0.664	0.787
359	191	71.147	21.945	7	116	52.770	3883	1365	19	15	17.216	14.126	7.116	0.862	1.219	0.821	0.886
360	1479	29.191	14.738	0	83	176.167	2362	1367	49	46	52.703	35.731	144.264	0.599	1.475	0.678	0.894
361	62	44.452	13.352	10	73	29.799	2036	1368	10	9	9.536	8.278	143.540	0.877	1.152	0.868	0.849
362	356	36.480	14.173	5	72	82.912	1071	1372	29	21	28.757	15.762	30.966	0.651	1.824	0.548	0.850
363	18	31.500	14.135	12	55	15.314	3949	1372	6	4	6.450	3.553	165.105	0.965	1.816	0.551	0.857
364	1176	48.522	27.998	0	120	142.953	492	1374	50	33	47.443	31.561	3.085	0.723	1.503	0.665	0.904
365	118	16.678	9.050	1	41	53.113	654	1374	14	14	14.351	10.469	135.134	0.526	1.371	0.730	0.776
366	94	27.681	11.403	4	58	43.456	2726	1375	17	10	15.533	7.705	15.537	0.626	2.016	0.496	0.783
367	86	28.616	9.264	7	49	38.870	2813	1379	13	10	13.317	8.223	179.324	0.715	1.620	0.617	0.815
368	337	32.626	14.169	1	69	79.154	554	1383	22	23	23.455	18.294	116.696	0.676	1.282	0.780	0.843
369	24	32.375	12.236	2	49	19.314	2553	1386	7	5	6.416	4.763	40.720	0.809	1.347	0.742	0.814
370	2599	35.467	17.171	0	98	254.735	728	1392	58	78	71.261	46.437	72.318	0.503	1.535	0.652	0.853
371	317	42.681	17.997	2	95	71.012	2771	1392	25	19	24.575	16.424	24.137	0.790	1.496	0.668	0.888
372	96	46.208	12.946	8	71	36.627	1995	1397	12	11	11.995	10.190	134.367	0.899	1.177	0.850	0.897
373	315	20.517	10.331	1	53	87.154	2626	1397	20	25	22.871	17.536	101.085	0.521	1.304	0.767	0.816
374	397	25.028	11.129	1	56	116.326	176	1399	26	30	29.388	17.200	60.621	0.369	1.709	0.585	0.703
375	212	40.495	19.122	7	94	63.598	3604	1400	20	16	18.691	14.441	164.877	0.659	1.294	0.773	0.841
376	66	35.530	12.501	4	57	32.385	1486	1402	9	11	10.500	8.003	86.519	0.791	1.312	0.762	0.825
377	296	22.135	10.658	2	56	81.255	2313	1403	20	29	30.760	12.252	58.623	0.563	2.511	0.398	0.825
378	23	11.652	5.982	5	28	22.385	3320	1408	8	6	6.749	4.339	5.144	0.577	1.555	0.643	0.639
379	438	26.311	11.723	2	62	91.397	2678	1411	28	24	26.783	20.822	2.464	0.659	1.286	0.777	0.846
380	181	28.718	9.652	4	55	52.870	3260	1413	15	17	16.798	13.719	72.154	0.814	1.224	0.817	0.874
381	3688	36.937	20.447	0	108	383.404	2025	1414	124	63	112.054	41.906	171.463	0.315	2.674	0.374	0.706
382	36	27.250	6.826	8	39	24.971	3728	1416	10	6	8.963	5.114	179.455	0.726	1.753	0.571	0.783
383	19	26.263	6.090	15	34	16.728	1441	1428	6	5	6.705	3.608	149.576	0.853	1.858	0.538	0.809
384	506	31.828	11.719	2	61	98.225	2273	1429	29	28	28.688	22.457	49.062	0.659	1.277	0.783	0.857
385	75	36.507	14.040	6	66	34.042	922	1430	11	11	11.663	8.188	36.253	0.813	1.425	0.702	0.833
386	100	14.070	7.238	2	32	75.012	3182	1432	25	12	21.365	5.960	162.755	0.223	3.585	0.279	0.525
387	235	80.123	29.161	4	139	64.284	1825	1442	26	12	26.271	11.389	178.202	0.715	2.307	0.434	0.913
388	284	31.782	14.774	2	81	84.669	3169	1443	27	20	23.824	15.178	7.108	0.498	1.570	0.637	0.777
389	151	45.934	16.422	7	84	49.698	2198	1446	19	12	18.681	10.292	161.749	0.768	1.815	0.551	0.873
390	27	27.556	12.423	8	54	19.556	3651	1448	7	6	6.133	5.605	174.815	0.887	1.094	0.914	0.794
391	29	38.759	15.629	10	63	20.728	1035	1449	8	5	7.434	4.967	6.953	0.848	1.497	0.668	0.853
392	23	33.435	13.588	11	54	19.899	3157	1450	8	4	7.407	3.954	6.334	0.730	1.874	0.534	0.836
393	513	21.846	10.079	1	53	107.296	3090	1454	32	26	31.645	20.641	31.266	0.560	1.533	0.652	0.833
394	824	40.694	21.099	2	105	144.267	2258	1455	41	46	57.259	18.323	129.594	0.498	3.125	0.320	0.792
395	19	24.105	9.237	12	39	16.142	423	1456	6	5	5.440	4.447	10.984	0.916	1.223	0.817	0.776
396	41	23.463	9.978	1	42	28.971	3206	1457	8	9	8.774	5.950	134.820	0.614	1.475	0.678	0.745
397	60	42.167	11.575	13	61	29.799	662	1462	9	10	9.848	7.758	128.453	0.849	1.269	0.788	0.870
398	6608	37.725	23.606	0	124	466.073	1926	1475	154	77	140.054	60.074	17.293	0.382	2.331	0.429	0.788
399	20	25.400	8.917	8	45	16.485	705	1478	6	4	5.792	4.397	2.234	0.925	1.317	0.759	0.909
400	5864	33.594	19.135	0	104	604.583	1081	1479	169	84	146.129	51.094	1.021	0.202	2.860	0.350	0.568
401	1537	36.313	17.135	1	95	183.723	2114	1481	56	47	48.330	40.492	19.981	0.572	1.194	0.838	0.854
402	127	38.701	10.929	12	63	65.213	1	1482	7	28	24.812	6.517	92.320	0.375	3.807	0.263	0.841
403	447	20.273	10.033	0	47	92.569	2378	1482	26	25	26.460	21.509	152.346	0.656	1.230	0.813	0.862
404	25	40.600	14.271	11	64	22.142	2901	1484	9	5	7.147	4.454	176.768	0.641	1.605	0.623	0.746
405	1143	22.550	10.695	0	59	177.823	1824	1487	44	47	47.501	30.638	116.810	0.454	1.550	0.645	0.791
406	1177	60.118	32.214	4	164	182.652	2449	1487	54	52	53.335	28.098	137.210	0.443	1.898	0.527	0.724
407	249	39.422	13.747	0	77	67.598	1073	1490	22	18	20.819	15.228	155.460	0.685	1.367	0.731	0.848
408	982	29.621	14.817	1	88	151.095	2696	1490	43	41	38.492	32.483	120.998	0.541	1.185	0.844	0.831
409	2386	26.655	16.949	0	122	517.713	203	1494	136	111	116.658	26.042	42.852	0.112	4.480	0.223	0.475
410	126	37.056	16.747	4	74	45.456	459	1495	13	15	16.388	9.789	133.007	0.766	1.674	0.597	0.875
411	800	31.911	15.339	1	73	138.225	3586	1499	33	41	38.308	26.590	104.990	0.526	1.441	0.694	0.786
412	1954	50.529	26.821	1	133	191.581	1689	1501	61	47	57.066	43.597	12.256	0.669	1.309	0.764	0.892
413	1465	42.033	20.070	1	99	176.167	941	1502	40	58	56.348	33.103	96.637	0.593	1.702	0.587	0.849
414	393	14.142	7.197	0	41	128.610	1352	1502	32	24	30.015	16.671	155.587	0.299	1.800	0.555	0.726
415	851	58.972	34.991	0	150	139.095	856	1520	39	39	36.668	29.550	146.157	0.553	1.241	0.806	0.809
416	30	25.600	8.728	7	41	24.971	3056	1535	10	6	8.510	4.489	172.164	0.605	1.896	0.527	0.706
417	1852	57.519	33.642	1	152	233.765	2540	1536	52	63	57.444	41.049	131.045	0.426	1.399	0.715	0.787
418	106	34.604	13.715	8	69	44.870	2602	1536	16	11	14.804	9.117	0.799	0.662	1.624	0.616	0.791
419	1330	36.095	20.144	0	101	193.622	3319	1541	65	41	49.410	34.273	0.157	0.446	1.442	0.694	0.737
420	239	31.895	17.399	0	89	70.083	3235	1543	22	17	20.613	14.763	23.633	0.611	1.396	0.716	0.807
421	279	17.982	8.758	1	40	75.012	3293	1546	22	19	20.434	17.385	155.497	0.623	1.175	0.851	0.845
422	1236	48.046	21.948	1	122	174.066	2283	1552	60	40	61.687	25.512	24.834	0.513	2.418	0.414	0.836
423	30	13.133	5.929	2	28	40.627	129	1560	13	10	10.113	3.777	32.664	0.228	2.678	0.373	0.405
424	60	41.017	14.868	4	74	30.627	2853	1563	10	9	9.374	8.150	156.816	0.804	1.150	0.869	0.828
425	1580	53.253	35.685	1	145	168.752	796	1564	54	42	55.848	36.022	159.256	0.697	1.550	0.645	0.914
426	2448	45.252	27.230	0	138	298.735	2873	1564	91	60	77.766	40.081	174.376	0.345	1.940	0.515	0.718
427	48	25.688	8.518	9	41	26.971	3186	1565	8	9	9.162	6.671	110.915	0.829	1.373	0.728	0.842
428	67	14.985	7.117	0	32	46.870	118	1571	16	11	14.467	5.897	31.981	0.383	2.453	0.408	0.609
429	22	28.727	7.330	10	38	17.899	3580	1572	7	4	7.154	3.915	173.453	0.863	1.827	0.547	0.880
430	724	44.829	22.382	1	108	114.912	2753	1588	42	22	40.970	22.500	177.760	0.689	1.821	0.549	0.922
431	18	32.556	12.035	10	52	17.899	2069	1590	6	5	5.786	3.961	158.660	0.706	1.461	0.685	0.783
432	160	42.456	15.605	3	78	56.284	1471	1592	21	11	20.370	10.001	178.349	0.635	2.037	0.491	0.858
433	192	17.500	8.421	1	38	63.941	2403	1593	17	17	16.607	14.720	165.900	0.590	1.128	0.886	0.817
434	576	49.604	20.166	4	107	102.569	3559	1594	35	26	33.780	21.710	8.684	0.688	1.556	0.643	0.867
435	433	23.102	11.434	0	63	95.640	718	1598	30	25	29.488	18.696	148.626	0.595	1.577	0.634	0.824
436	2313	44.326	26.284	1	140	263.664	3657	1600	73	59	71.153	41.390	150.804	0.418	1.719	0.582	0.808
437	133	19.436	9.198	1	43	55.113	3489	1605	14	15	13.208	12.821	7.503	0.550	1.030	0.971	0.787
438	70	39.729	14.646	6	69	36.284	1718	1610	11	12	12.649	7.046	133.151	0.668	1.795	0.557	0.782
439	45	17.622	8.142	4	37	27.556	2686	1623	8	9	8.599	6.663	49.579	0.745	1.291	0.775	0.804
440	52	21.462	8.712	2	40	32.385	1605	1629	11	8	10.585	6.255	16.977	0.623	1.692	0.591	0.770
441	1507	48.183	27.245	0	129	186.066	2454	1629	68	38	64.170	29.901	177.961	0.547	2.146	0.466	0.841
442	17	22.000	10.482	2	38	15.899	3281	1629	6	4	5.843	3.704	177.076	0.845	1.577	0.634	0.850
443	25	22.640	9.376	10	44	18.142	1004	1638	7	5	6.746	4.718	179.479	0.954	1.430	0.699	0.833
444	2045	27.823	16.771	0	95	248.392	1227	1646	69	61	58.617	44.420	134.808	0.417	1.320	0.758	0.771
445	29	15.241	6.722	3	32	20.728	975	1649	8	5	7.925	4.659	14.343	0.848	1.701	0.588	0.853
446	1498	26.261	16.566	0	82	160.853	1606	1649	53	39	52.820	36.109	168.216	0.728	1.463	0.684	0.918
447	1703	33.314	16.292	1	85	257.321	1028	1669	51	73	57.156	37.937	109.292	0.323	1.507	0.664	0.759
448	1150	50.008	26.219	0	125	164.510	3149	1689	44	48	40.452	36.196	79.325	0.534	1.118	0.895	0.818
449	1421	32.228	14.953	1	88	180.752	3344	1694	56	43	54.275	33.336	154.084	0.547	1.628	0.614	0.849
450	37	25.216	9.337	3	40	23.556	2914	1695	7	8	7.251	6.497	49.692	0.838	1.116	0.896	0.804
451	64	38.828	12.117	11	68	30.385	2727	1704	11	8	11.583	7.035	170.487	0.871	1.646	0.607	0.877
452	442	25.848	10.775	1	57	91.983	2384	1715	25	27	23.951	23.496	121.813	0.656	1.019	0.981	0.848
453	304	40.174	15.149	2	74	78.912	3870	1721	29	17	27.387	14.133	179.965	0.613	1.938	0.516	0.834
454	1938	45.818	23.502	0	119	245.179	790	1725	74	54	60.900	40.518	19.734	0.405	1.503	0.665	0.751
455	116	39.647	15.482	2	70	45.698	2991	1728	19	9	17.460	8.459	5.447	0.698	2.064	0.485	0.862
456	2299	29.331	15.241	0	83	304.291	1313	1730	92	51	84.510	34.637	14.510	0.312	2.440	0.410	0.747
457	1658	44.134	17.699	1	107	198.309	2628	1731	56	49	55.914	37.755	146.070	0.530	1.481	0.675	0.852
458	94	12.202	6.697	2	29	63.598	2916	1732	15	17	12.379	9.668	80.174	0.292	1.280	0.781	0.543
459	17	20.706	9.459	7	39	18.485	3023	1740	6	5	5.948	3.639	135.000	0.625	1.635	0.612	0.773
460	115	31.043	14.650	1	67	51.456	2035	1746	21	9	21.375	6.850	0.333	0.546	3.120	0.320	0.780
461	44	23.250	9.895	7	52	31.213	2408	1746	11	7	10.075	5.560	24.382	0.568	1.812	0.552	0.715
462	1013	23.198	10.948	0	65	156.167	595	1747	38	47	47.226	27.311	126.474	0.522	1.729	0.578	0.843
463	347	56.294	23.039	4	104	77.012	3156	1748	25	19	24.716	17.875	172.230	0.735	1.383	0.723	0.876
464	98	23.082	9.513	3	45	42.042	1623	1749	12	14	11.328	11.015	157.032	0.697	1.028	0.972	0.784
465	27	23.519	11.963	2	63	21.556	629	1750	6	7	6.982	4.924	121.514	0.730	1.418	0.705	0.771
466	741	15.541	8.224	1	50	137.782	164	1753	34	34	32.936	28.645	129.670	0.491	1.150	0.870	0.822
467	65	57.569	18.414	7	96	32.627	1787	1753	12	8	11.040	7.497	178.357	0.767	1.473	0.679	0.823
468	54	12.278	5.584	1	25	32.627	342	1763	9	10	8.930	7.699	132.768	0.637	1.160	0.862	0.761
469	70	54.643	16.725	9	89	32.627	3610	1764	12	9	11.470	7.770	167.885	0.826	1.476	0.677	0.838
470	992	21.513	9.847	1	51	163.238	244	1765	40	41	41.327	30.563	135.017	0.468	1.352	0.740	0.842
471	762	35.799	14.081	1	79	124.711	2997	1772	34	34	36.455	26.614	145.874	0.616	1.370	0.730	0.866
472	1886	37.437	18.024	1	101	261.421	412	1779	76	45	70.212	34.201	11.777	0.347	2.053	0.487	0.734
473	101	38.030	18.007	3	74	43.799	1433	1779	17	8	17.392	7.394	169.072	0.662	2.352	0.425	0.863
474	2157	42.225	21.156	1	112	228.936	3277	1782	52	65	60.244	45.587	59.359	0.517	1.322	0.757	0.820
475	50	33.020	10.693	9	55	27.556	2922	1788	9	8	9.198	6.921	41.674	0.827	1.329	0.752	0.862
476	27	12.185	6.873	2	32	22.385	3731	1788	8	7	8.611	3.992	141.849	0.677	2.157	0.464	0.730
477	204	14.632	7.036	0	34	76.669	3446	1789	23	16	21.768	11.932	159.161	0.436	1.824	0.548	0.736
478	67	45.821	15.950	7	82	32.627	126	1790	12	9	11.499	7.418	162.977	0.791	1.550	0.645	0.832
479	24	24.708	13.093	4	45	20.971	845	1794	7	7	7.576	4.033	52.397	0.686	1.878	0.532	0.750
480	30	9.400	5.069	1	19	36.385	311	1804	8	12	9.254	4.128	70.868	0.285	2.242	0.446	0.480
481	17	26.294	12.643	5	56	17.314	2595	1806	7	4	6.822	3.173	168.069	0.713	2.150	0.465	0.756
482	24	25.250	10.637	6	41	18.728	2209	1807	7	5	6.901	4.428	174.265	0.860	1.558	0.642	0.857
483	16	24.188	9.246	4	38	15.071	3233	1807	6	3	6.494	3.137	7.573	0.885	2.070	0.483	0.941
484	839	38.106	19.093	1	91	164.995	62	1810	53	30	46.371	23.037	167.945	0.387	2.013	0.497	0.744
485	16	14.188	6.615	2	22	19.314	318	1813	4	8	8.498	2.397	108.221	0.539	3.545	0.282	0.727
486	352	27.744	11.691	2	61	83.255	1663	1817	26	22	25.763	17.396	31.155	0.638	1.481	0.675	0.848
487	52	38.981	10.822	15	65	28.042	1528	1818	11	8	9.839	6.729	161.154	0.831	1.462	0.684	0.825
488	35	33.057	11.156	9	57	23.799	1441	1822	9	7	8.145	5.471	176.175	0.777	1.489	0.672	0.769
489	1541	57.178	32.664	1	160	167.338	613	1826	45	53	50.968	38.496	121.036	0.692	1.324	0.755	0.891
490	1223	31.476	15.429	0	77	182.409	816	1829	43	57	62.500	24.915	123.349	0.462	2.509	0.399	0.827
491	58	49.828	16.869	7	79	29.799	2603	1830	10	9	10.333	7.146	20.502	0.821	1.446	0.692	0.841
492	141	19.567	8.797	2	40	56.284	1051	1836	21	12	16.660	10.776	177.827	0.559	1.546	0.647	0.764
493	696	43.973	20.724	1	101	108.811	1402	1839	26	37	36.471	24.298	97.697	0.739	1.501	0.666	0.902
494	527	60.727	24.502	4	118	102.326	2015	1840	29	27	28.305	23.706	55.561	0.632	1.194	0.838	0.871
495	9475	36.070	22.395	0	139	613.453	2476	1841	140	131	150.331	80.249	36.436	0.316	1.873	0.534	0.766
496	593	40.201	23.159	1	110	122.125	3844	1845	29	44	34.749	21.728	77.953	0.500	1.599	0.625	0.779
497	21	17.857	7.094	3	31	16.728	1383	1849	6	5	6.362	4.203	153.652	0.943	1.514	0.661	0.840
498	73	38.918	12.622	10	65	35.456	2659	1853	12	11	11.038	8.421	154.052	0.730	1.311	0.763	0.785
499	1307	21.264	10.141	1	65	179.238	2223	1857	46	44	42.086	39.541	121.979	0.511	1.064	0.940	0.874
500	72	22.931	11.179	4	56	34.971	813	1860	10	11	11.353	8.075	57.135	0.740	1.406	0.711	0.823
501	306	38.252	16.340	1	77	75.497	2112	1861	26	19	24.228	16.081	179.556	0.675	1.507	0.664	0.850
502	120	30.267	12.785	3	60	58.184	2957	1874	13	18	15.031	10.165	90.493	0.445	1.479	0.676	0.721
503	1281	38.194	17.847	0	103	156.267	2982	1888	54	35	51.842	31.462	3.926	0.659	1.648	0.607	0.900
504	400	31.262	17.905	1	82	95.255	1264	1890	25	27	26.230	19.417	42.975	0.554	1.351	0.740	0.821
505	410	45.010	19.212	0	94	90.912	3785	1890	32	19	31.466	16.590	167.892	0.623	1.897	0.527	0.849
506	16	25.000	13.322	10	50	14.728	3149	1892	5	5	5.086	4.005	148.283	0.927	1.270	0.787	0.780
507	320	25.397	11.066	1	62	84.669	549	1896	22	23	23.881	17.061	135.662	0.561	1.400	0.714	0.827
508	4963	31.791	19.446	0	104	380.517	1522	1898	104	82	101.468	62.277	19.694	0.431	1.629	0.614	0.804
509	222	69.631	28.363	4	126	65.598	774	1899	25	14	23.468	12.044	4.033	0.648	1.948	0.513	0.846
510	65	22.338	10.573	5	48	40.870	2950	1900	11	13	10.498	7.884	75.406	0.489	1.332	0.751	0.667
511	2052	45.429	23.140	1	133	296.049	860	1902	45	102	88.000	29.690	77.050	0.294	2.964	0.337	0.679
512	30	24.100	8.121	10	41	25.799	3914	1902	10	7	7.925	4.820	31.292	0.566	1.644	0.608	0.652
513	16	24.812	13.263	5	50	15.314	3578	1908	6	4	5.452	3.737	13.503	0.857	1.459	0.685	0.821
514	1476	37.816	27.926	0	123	199.480	1874	1910	59	43	50.463	37.241	0.272	0.466	1.355	0.738	0.787
515	296	15.402	7.660	2	43	107.640	656	1916	25	22	22.541	16.719	47.693	0.321	1.348	0.742	0.717
516	10697	36.871	20.052	0	117	803.720	1938	1924	131	187	149.574	91.058	97.770	0.208	1.643	0.609	0.610
517	1432	25.992	10.984	1	62	164.167	3805	1924	45	48	53.214	34.263	124.470	0.668	1.553	0.644	0.897
518	133	31.519	11.799	5	58	48.284	2847	1928	13	15	14.266	11.870	82.238	0.717	1.202	0.832	0.844
519	806	28.986	12.975	1	63	131.439	2344	1931	42	30	40.605	25.273	172.686	0.586	1.607	0.622	0.828
520	367	29.787	12.518	1	63	85.497	3891	1935	30	21	31.347	14.907	155.223	0.631	2.103	0.476	0.855
521	145	20.076	8.708	3	43	57.598	777	1941	18	13	16.514	11.180	171.656	0.549	1.477	0.677	0.767
522	914	51.777	22.885	1	113	128.225	608	1944	43	30	42.900	27.127	10.000	0.699	1.581	0.632	0.897
523	34	40.176	11.077	8	61	22.142	2319	1944	7	7	6.850	6.320	102.336	0.871	1.084	0.923	0.829
524	18	19.500	8.424	7	35	19.314	346	1947	6	5	5.947	3.853	154.450	0.606	1.543	0.648	0.706
525	60	37.717	12.157	10	64	31.213	2267	1949	10	9	8.801	8.680	130.437	0.774	1.014	0.986	0.811
526	158	46.291	16.014	6	76	51.355	363	1956	16	16	16.442	12.235	138.326	0.753	1.344	0.744	0.843
527	73	22.452	9.616	1	44	32.385	2109	1967	11	9	10.702	8.685	15.771	0.875	1.232	0.812	0.880
528	2516	26.011	11.438	1	66	242.593	512	1970	60	61	65.112	49.199	131.420	0.537	1.323	0.756	0.886
529	411	22.100	9.717	1	55	90.569	902	1977	25	25	25.516	20.509	54.917	0.630	1.244	0.804	0.855
530	606	34.081	15.083	3	73	129.095	1193	1980	40	30	37.257	20.709	157.512	0.457	1.799	0.556	0.767
531	151	86.808	28.762	14	140	52.284	2425	1980	16	14	16.069	11.964	175.716	0.694	1.343	0.745	0.816
532	143	20.839	10.368	0	47	50.627	3610	1987	15	13	15.547	11.712	0.739	0.701	1.327	0.753	0.841
533	185	47.773	17.741	7	88	53.113	3921	1988	18	15	17.540	13.429	29.427	0.824	1.306	0.766	0.869
534	186	51.806	17.774	4	88	56.527	1478	2003	21	13	19.992	11.846	169.514	0.731	1.688	0.593	0.865
535	17	23.118	13.280	2	37	19.314	2489	2007	8	4	7.324	2.955	1.280	0.573	2.478	0.404	0.694
536	155	18.619	9.492	1	42	75.841	1277	2010	26	15	26.635	7.409	162.644	0.339	3.595	0.278	0.681
537	78	16.051	7.949	1	42	55.355	3222	2021	18	12	15.852	6.265	31.442	0.320	2.530	0.395	0.574
538	39	24.385	11.966	6	50	34.385	138	2033	14	5	13.569	3.659	175.492	0.415	3.708	0.270	0.661
539	163	24.184	13.628	2	63	67.255	3788	2042	25	16	24.681	8.409	147.699	0.453	2.935	0.341	0.734
540	116	55.284	20.572	8	103	39.456	1597	2046	13	12	13.081	11.291	24.656	0.936	1.158	0.863	0.899
541	63	29.492	13.599	4	60	33.799	3755	2051	14	7	13.292	6.035	4.042	0.693	2.202	0.454	0.829
542	785	56.964	25.462	3	123	125.882	136	2053	41	33	40.647	24.589	31.896	0.623	1.653	0.605	0.853
543	82	33.329	14.489	5	63	41.456	1452	2063	14	9	13.625	7.663	20.708	0.600	1.778	0.562	0.800
544	137	33.533	15.328	2	76	51.456	3766	2070	17	12	18.314	9.525	161.707	0.650	1.923	0.520	0.835
545	21	20.429	9.506	5	38	17.899	2096	2072	7	4	6.891	3.880	170.838	0.824	1.776	0.563	0.857
546	29	14.724	6.803	4	32	36.042	1258	2074	9	13	12.200	3.027	120.073	0.281	4.031	0.248	0.509
547	93	15.032	6.538	4	28	47.113	1064	2085	11	16	14.342	8.257	109.812	0.527	1.737	0.576	0.747
548	131	44.947	17.389	6	85	46.627	3058	2085	16	11	16.009	10.419	0.709	0.757	1.537	0.651	0.856
549	17	33.353	10.822	8	51	15.899	3209	2087	6	4	6.177	3.504	9.495	0.845	1.763	0.567	0.850
550	2372	36.353	16.807	0	104	243.664	2101	2088	56	66	63.196	47.790	110.155	0.502	1.322	0.756	0.844
551	36	25.389	12.024	8	50	33.456	3104	2096	10	10	6.951	6.594	96.340	0.404	1.054	0.949	0.550
552	35	17.571	8.736	1	35	35.456	3685	2098	10	9	8.660	5.146	26.042	0.350	1.683	0.594	0.574
553	1014	27.794	11.592	1	65	158.167	765	2102	49	36	41.090	31.421	153.192	0.509	1.308	0.765	0.835
554	1522	41.702	22.750	2	125	187.095	536	2109	55	48	57.066	33.959	39.859	0.546	1.680	0.595	0.834
555	118	30.890	11.289	5	59	47.113	1580	2111	14	15	17.371	8.649	41.605	0.668	2.009	0.498	0.834
556	53	57.755	13.326	28	84	27.556	477	2122	9	8	9.107	7.410	39.947	0.877	1.229	0.814	0.876
557	59	47.136	15.041	6	73	30.142	3825	2124	10	8	10.768	6.976	149.495	0.816	1.544	0.648	0.874
558	56	56.429	11.607	27	77	28.971	1169	2126	10	8	9.770	7.298	165.286	0.838	1.339	0.747	0.848
559	156	61.865	17.344	8	104	47.456	2330	2130	16	13	15.452	12.854	164.357	0.870	1.202	0.832	0.904
560	33	20.485	10.256	4	41	23.314	1469	2135	8	6	7.967	5.274	170.007	0.763	1.511	0.662	0.825
561	92	20.630	10.891	3	52	37.799	2514	2136	14	9	14.104	8.305	1.507	0.809	1.698	0.589	0.880
562	1890	21.977	10.475	0	58	204.451	1411	2142	51	58	54.289	44.327	115.681	0.568	1.225	0.816	0.875
563	643	20.879	9.464	2	60	120.125	1879	2142	34	27	33.880	24.164	178.647	0.560	1.402	0.713	0.849
564	1730	27.118	10.741	1	61	186.208	729	2146	50	54	48.818	45.120	117.476	0.627	1.082	0.924	0.898
565	5623	26.711	12.974	0	73	365.061	3878	2149	97	98	112.108	63.862	132.482	0.530	1.755	0.570	0.882
566	99	27.212	12.320	4	58	42.284	247	2150	11	14	14.453	8.721	115.043	0.696	1.657	0.603	0.822
567	222	23.401	9.263	2	51	62.770	109	2151	21	16	19.344	14.612	17.791	0.708	1.324	0.755	0.852
568	5755	24.697	12.467	0	75	375.789	417	2151	110	78	109.009	67.219	170.622	0.512	1.622	0.617	0.866
569	1355	42.082	23.850	2	116	161.681	2234	2151	59	36	57.596	29.954	10.979	0.651	1.923	0.520	0.881
570	52	39.250	14.255	5	68	28.728	2363	2151	10	7	10.151	6.523	176.762	0.792	1.556	0.643	0.852
571	195	71.595	22.771	8	119	56.527	3849	2152	20	14	20.179	12.304	164.462	0.767	1.640	0.610	0.886
572	52	11.865	6.971	2	33	29.799	2199	2157	10	8	9.175	7.216	167.671	0.736	1.272	0.786	0.794
573	245	22.286	9.972	3	56	67.598	3387	2159	23	16	22.806	13.678	169.458	0.674	1.667	0.600	0.833
574	381	38.887	16.643	2	84	85.255	3423	2165	31	20	28.962	16.750	163.263	0.659	1.729	0.578	0.852
575	21	29.810	12.576	2	49	17.314	257	2168	6	5	5.789	4.619	137.779	0.880	1.253	0.798	0.824
576	2308	29.589	14.287	0	81	353.647	3084	2171	91	52	76.556	38.386	166.735	0.232	1.994	0.501	0.637
577	2699	45.179	23.757	0	112	233.037	2796	2172	64	62	62.422	55.052	152.418	0.625	1.134	0.882	0.878
578	27	16.037	8.126	5	35	21.556	2187	2189	7	6	7.207	4.770	174.831	0.730	1.511	0.662	0.750
579	30	25.867	9.860	1	44	24.728	852	2202	8	6	7.867	4.855	166.673	0.617	1.620	0.617	0.750
580	117	25.974	12.132	2	56	42.284	3559	2206	14	13	15.278	9.751	32.173	0.822	1.567	0.638	0.860
581	172	12.087	6.301	1	33	91.154	375	2210	20	18	16.561	13.224	179.078	0.260	1.252	0.798	0.652
582	24	29.833	8.766	10	45	17.899	303	2214	5	6	5.906	5.174	110.457	0.941	1.141	0.876	0.906
583	16	16.250	6.288	2	28	16.485	1965	2221	3	7	6.413	3.177	88.737	0.740	2.019	0.495	0.865
584	5010	29.913	15.725	0	83	321.120	3201	2225	94	81	88.901	71.753	1.062	0.611	1.239	0.807	0.880
585	135	30.119	11.640	2	58	44.870	74	2227	16	12	14.476	11.874	171.856	0.843	1.219	0.820	0.874
586	1439	46.913	19.203	3	124	192.309	793	2237	68	41	68.466	26.760	161.334	0.489	2.558	0.391	0.803
587	44	28.182	9.665	5	43	24.971	3560	2245	7	9	9.383	5.971	114.851	0.887	1.571	0.636	0.863
588	132	39.386	14.254	3	70	47.456	3717	2250	15	14	15.139	11.102	16.449	0.737	1.364	0.733	0.854
589	568	33.687	13.308	1	69	109.397	2545	2256	36	26	32.292	22.396	174.147	0.596	1.442	0.694	0.854
590	777	51.771	28.301	1	134	119.640	2987	2259	42	25	41.520	23.827	170.115	0.682	1.743	0.574	0.914
591	172	27.157	13.401	1	60	53.113	873	2265	16	16	17.106	12.802	138.064	0.766	1.336	0.748	0.856
592	332	68.265	26.614	4	120	74.083	1493	2271	18	26	25.527	16.560	91.901	0.760	1.541	0.649	0.895
593	238	20.429	9.565	1	51	70.426	2061	2273	20	19	18.930	16.008	29.558	0.603	1.182	0.846	0.834
594	1530	22.691	11.223	1	68	199.380	2682	2279	52	51	55.736	34.952	128.995	0.484	1.595	0.627	0.839
595	48	21.812	8.829	4	36	27.556	2633	2283	10	7	10.447	5.850	162.035	0.794	1.786	0.560	0.850
596	49	39.735	13.294	10	78	27.213	1588	2296	10	8	8.525	7.318	158.475	0.831	1.165	0.858	0.810
597	82	19.561	10.069	1	49	36.627	1980	2296	10	12	12.419	8.407	75.544	0.768	1.477	0.677	0.832
598	91	67.187	15.753	7	97	36.870	1959	2297	12	12	11.094	10.444	101.048	0.841	1.062	0.941	0.847
599	1738	42.254	22.380	2	129	190.309	2947	2298	60	48	57.784	38.296	28.213	0.603	1.509	0.663	0.855
600	1234	21.153	10.262	0	68	190.794	167	2300	44	46	45.868	34.254	51.012	0.426	1.339	0.747	0.835
601	281	16.384	8.215	2	48	90.669	3362	2301	24	24	22.951	15.589	47.994	0.430	1.472	0.679	0.703
602	91	63.802	16.569	8	92	37.456	839	2304	13	10	12.368	9.368	12.307	0.815	1.320	0.757	0.858
603	34	40.382	16.072	13	74	22.385	3905	2304	8	7	8.008	5.406	149.762	0.853	1.481	0.675	0.800
604	102	62.216	20.176	17	103	42.042	3032	2310	15	11	15.809	8.215	33.720	0.725	1.924	0.520	0.854
605	16	21.000	9.980	6	38	22.971	2598	2312	6	6	5.626	3.621	47.270	0.381	1.554	0.644	0.552
606	35	27.000	7.589	14	41	22.971	3850	2314	8	7	8.243	5.406	35.520	0.834	1.525	0.656	0.824
607	949	26.874	12.337	1	66	144.752	906	2330	37	38	36.065	33.504	94.765	0.569	1.076	0.929	0.837
608	2973	31.051	13.085	0	82	249.907	1709	2331	61	73	74.691	50.680	115.165	0.598	1.474	0.679	0.884
609	1061	22.928	10.832	0	64	139.782	1378	2348	46	34	44.134	30.609	24.502	0.682	1.442	0.694	0.893
610	1179	49.242	26.212	2	134	150.853	3367	2350	54	32	54.861	27.363	167.924	0.651	2.005	0.499	0.895
611	4540	48.043	27.348	0	137	406.274	453	2352	120	77	114.085	50.669	156.823	0.346	2.252	0.444	0.736
612	22	23.636	9.703	5	50	18.728	2469	2353	8	4	7.845	3.571	0.000	0.788	2.197	0.455	0.815
613	109	71.000	24.360	8	115	42.627	2803	2357	13	13	14.799	9.378	130.393	0.754	1.578	0.634	0.858
614	559	33.063	14.564	2	87	109.640	2848	2365	36	30	36.124	19.703	33.130	0.584	1.833	0.545	0.802
615	1006	24.704	11.866	1	62	148.853	625	2374	49	33	47.735	26.833	165.646	0.571	1.779	0.562	0.858
616	70	42.486	14.117	2	66	35.213	155	2381	10	12	10.707	8.324	117.946	0.709	1.286	0.777	0.819
617	19	11.474	6.475	3	26	22.142	1555	2381	7	7	7.759	3.118	146.433	0.487	2.488	0.402	0.585
618	1636	28.416	12.033	0	69	172.409	1257	2382	52	45	50.978	40.862	22.835	0.692	1.248	0.802	0.910
619	20	13.450	5.978	4	24	25.213	1555	2388	6	7	6.097	4.177	109.298	0.395	1.460	0.685	0.548
620	372	29.855	14.779	0	69	89.497	2114	2394	35	19	28.216	16.786	176.421	0.584	1.681	0.595	0.816
621	56	12.446	7.216	1	34	43.456	345	2396	9	11	9.596	7.430	109.985	0.373	1.291	0.774	0.663
622	70	37.957	9.813	14	63	35.213	151	2401	11	10	10.980	8.117	39.675	0.709	1.353	0.739	0.814
623	37	32.108	15.712	1	64	22.971	2644	2403	8	7	7.673	6.139	1.331	0.881	1.250	0.800	0.813
624	67	13.194	6.199	2	28	64.770	3387	2403	14	16	11.432	7.462	114.217	0.201	1.532	0.653	0.469
625	56	25.679	16.301	3	60	34.042	2770	2404	10	11	9.262	7.698	108.367	0.607	1.203	0.831	0.732
626	341	24.217	11.006	1	55	88.912	3939	2406	25	21	22.135	19.615	15.741	0.542	1.129	0.886	0.836
627	4809	33.178	19.034	0	117	401.304	879	2411	131	75	120.414	50.850	20.414	0.375	2.368	0.422	0.800
628	508	46.067	21.876	3	106	101.640	2361	2412	30	31	32.108	20.145	138.626	0.618	1.594	0.627	0.821
629	109	16.229	9.380	1	45	46.284	893	2413	14	14	13.555	10.238	49.023	0.639	1.324	0.755	0.784
630	646	33.147	13.074	2	71	115.882	1433	2413	36	28	33.285	24.711	171.663	0.605	1.347	0.742	0.855
631	3327	36.092	20.519	0	125	300.735	3787	2414	54	98	97.730	43.345	98.244	0.462	2.255	0.444	0.819
632	1532	34.582	15.122	0	85	185.723	2395	2415	59	47	63.400	30.766	148.998	0.558	2.061	0.485	0.881
633	7865	32.043	16.500	0	97	460.215	739	2417	140	92	128.723	77.795	173.323	0.467	1.655	0.604	0.851
634	189	68.386	19.775	12	113	58.770	3547	2421	20	14	18.564	12.963	13.873	0.688	1.432	0.698	0.855
635	181	33.210	11.788	1	60	59.355	223	2424	21	15	21.390	10.774	153.420	0.646	1.985	0.504	0.844
636	61	36.820	9.566	15	63	28.971	1872	2428	8	10	10.096	7.693	123.922	0.913	1.312	0.762	0.904
637	324	47.725	21.527	5	91	71.012	447	2431	23	20	22.066	18.695	6.439	0.807	1.180	0.847	0.889
638	518	36.774	17.760	0	95	101.397	2268	2438	28	27	27.746	23.771	21.109	0.633	1.167	0.857	0.854
639	81	39.012	15.801	5	74	42.284	2681	2441	14	11	14.704	7.014	157.987	0.569	2.096	0.477	0.779
640	177	85.678	25.718	13	129	50.627	3471	2442	18	12	18.362	12.273	178.812	0.868	1.496	0.668	0.927
641	4209	38.604	18.953	1	111	289.463	135	2445	89	67	86.213	62.161	6.972	0.631	1.387	0.721	0.905
642	68	41.647	14.740	4	74	33.799	2236	2450	12	9	11.386	7.604	146.598	0.748	1.497	0.668	0.819
643	217	24.691	10.431	2	52	66.426	3905	2452	18	19	17.490	15.798	128.942	0.618	1.107	0.903	0.825
644	2254	31.783	13.895	1	90	201.380	3250	2459	61	53	66.474	43.173	143.430	0.698	1.540	0.649	0.926
645	744	16.945	8.379	0	48	134.024	1909	2466	31	41	40.314	23.498	58.971	0.520	1.716	0.583	0.830
646	243	55.856	18.661	10	102	62.426	2303	2473	20	19	20.175	15.336	142.394	0.784	1.316	0.760	0.874
647	894	42.017	18.472	1	106	128.125	3661	2475	38	37	37.544	30.319	35.155	0.684	1.238	0.808	0.879
648	46	55.913	18.573	8	89	24.971	430	2478	9	7	9.369	6.252	161.200	0.927	1.499	0.667	0.885
649	143	44.510	16.180	8	83	48.184	2834	2480	17	13	16.260	11.198	16.348	0.774	1.452	0.689	0.854
650	19	10.684	5.023	0	23	19.556	1318	2482	8	5	7.907	3.059	31.207	0.624	2.584	0.387	0.704
651	139	64.647	17.746	20	103	48.042	2454	2483	16	12	16.425	10.775	6.214	0.757	1.524	0.656	0.871
652	191	22.366	10.807	1	47	62.184	261	2484	15	22	19.061	12.758	107.284	0.621	1.494	0.669	0.814
653	2356	30.416	13.694	0	78	238.007	1667	2489	69	51	66.330	45.224	167.406	0.523	1.467	0.682	0.847
654	559	32.726	15.307	0	82	120.225	738	2491	36	25	35.946	19.800	161.719	0.486	1.815	0.551	0.784
655	66	19.576	8.927	2	36	38.042	1461	2502	14	9	11.746	7.154	5.943	0.573	1.642	0.609	0.729
656	86	14.000	8.032	2	44	49.113	1574	2502	14	16	15.410	7.106	132.629	0.448	2.169	0.461	0.685
657	129	90.597	20.604	21	127	43.456	1144	2508	14	13	14.159	11.601	170.379	0.858	1.221	0.819	0.890
658	92	19.891	7.506	2	38	38.870	317	2509	13	12	13.833	8.468	143.481	0.765	1.634	0.612	0.803
659	86	58.209	19.616	10	91	37.456	2922	2510	14	10	13.751	7.963	150.190	0.770	1.727	0.579	0.851
660	621	45.343	19.631	2	112	110.569	2714	2514	35	29	32.772	24.127	144.232	0.638	1.358	0.736	0.858
661	46	29.413	9.579	8	51	25.556	2257	2520	9	7	9.259	6.326	18.596	0.885	1.464	0.683	0.876
662	2124	23.263	11.438	0	62	213.279	3165	2521	66	49	61.420	44.030	1.093	0.587	1.395	0.717	0.884
663	36	24.361	10.038	3	45	26.385	3359	2521	7	9	8.061	5.686	67.980	0.650	1.418	0.705	0.727
664	131	29.290	12.226	5	60	54.184	1815	2524	16	14	14.496	11.506	166.775	0.561	1.260	0.794	0.762
665	22	16.091	8.535	1	30	21.556	3969	2531	6	8	8.475	3.305	125.806	0.595	2.564	0.390	0.710
666	23	10.391	6.287	2	28	23.556	1901	2541	9	5	8.688	3.371	170.702	0.521	2.577	0.388	0.639
667	113	13.407	7.115	1	33	101.640	3853	2542	19	19	13.446	10.700	55.738	0.137	1.257	0.796	0.467
668	170	43.724	14.596	4	70	52.527	1537	2543	17	15	16.668	12.986	28.970	0.774	1.283	0.779	0.850
669	594	21.369	9.598	0	59	149.439	3943	2549	42	33	39.575	19.110	159.957	0.334	2.071	0.483	0.674
670	67	30.567	13.447	0	60	31.799	3371	2557	10	10	12.205	6.989	40.793	0.833	1.746	0.573	0.876
671	330	55.564	22.173	0	107	80.669	2108	2559	30	19	25.942	16.196	0.479	0.637	1.602	0.624	0.845
672	40	36.625	14.268	4	61	27.799	367	2567	9	7	8.843	5.759	1.721	0.650	1.535	0.651	0.741
673	764	14.801	7.564	0	39	150.853	3843	2568	32	38	36.848	26.399	59.046	0.422	1.396	0.716	0.810
674	1067	34.613	15.490	2	84	151.681	511	2585	45	36	43.513	31.221	178.641	0.583	1.394	0.718	0.867
675	162	60.716	21.386	7	105	53.698	1382	2585	18	15	17.882	11.535	158.564	0.706	1.550	0.645	0.827
676	86	15.663	8.256	0	44	52.770	1209	2588	10	16	14.087	7.773	89.838	0.388	1.812	0.552	0.694
677	249	34.357	16.120	0	78	95.640	977	2589	29	23	29.624	10.702	142.233	0.342	2.768	0.361	0.708
678	1406	23.248	10.827	0	62	177.823	3563	2594	45	49	53.829	33.257	58.910	0.559	1.619	0.618	0.877
679	42	18.024	9.408	4	38	26.385	3305	2596	7	10	8.396	6.369	69.932	0.758	1.318	0.759	0.778
680	58	25.776	9.203	4	43	32.627	1504	2603	10	10	11.174	6.609	40.779	0.685	1.691	0.591	0.773
681	24	41.458	11.260	11	59	18.142	346	2606	6	6	6.141	4.976	134.102	0.916	1.234	0.810	0.814
682	1043	26.067	11.945	1	62	133.296	2255	2606	36	41	38.756	34.265	112.770	0.738	1.131	0.884	0.905
683	2566	29.076	15.731	1	84	250.149	2469	2618	66	56	64.583	50.588	159.217	0.515	1.277	0.783	0.880
684	442	32.229	16.211	2	76	83.255	708	2626	26	22	26.139	21.530	176.418	0.801	1.214	0.824	0.909
685	95	34.147	12.300	7	68	38.627	2297	2628	14	10	14.034	8.619	19.546	0.800	1.628	0.614	0.880
686	21	28.048	10.642	9	48	16.728	2910	2632	6	5	6.659	4.015	158.414	0.943	1.659	0.603	0.840
687	19	15.263	6.935	6	28	17.899	1469	2635	7	4	7.657	3.159	13.068	0.745	2.423	0.413	0.826
688	246	17.703	9.418	3	57	70.083	1876	2636	19	21	18.351	17.068	116.207	0.629	1.075	0.930	0.803
689	31	37.226	12.524	12	60	20.971	2394	2636	8	6	7.539	5.236	28.856	0.886	1.440	0.695	0.816
690	701	39.165	18.364	1	101	107.640	221	2647	34	28	33.406	26.718	12.041	0.760	1.250	0.800	0.903
691	167	23.204	10.415	1	58	54.770	1615	2650	17	16	16.165	13.154	142.256	0.700	1.229	0.814	0.815
692	218	40.872	17.103	2	85	79.841	3538	2653	32	15	32.092	8.649	165.041	0.430	3.710	0.270	0.729
693	746	32.759	14.231	1	76	121.640	1490	2661	37	33	35.496	26.759	155.144	0.634	1.326	0.754	0.866
694	544	41.871	26.195	0	103	92.083	2713	2665	27	27	26.881	25.767	122.449	0.806	1.043	0.959	0.920
695	288	58.625	24.580	2	109	70.184	2193	2669	24	17	23.862	15.367	6.145	0.735	1.553	0.644	0.886
696	64	40.312	16.810	5	75	29.799	3749	2671	10	9	11.207	7.271	140.268	0.906	1.541	0.649	0.883
697	665	22.138	9.796	0	53	137.338	2453	2677	36	30	33.929	24.955	11.253	0.443	1.360	0.736	0.820
698	25	33.640	12.569	9	63	22.142	688	2680	8	6	7.935	4.012	154.584	0.641	1.978	0.506	0.746
699	2108	25.059	11.665	1	74	240.492	499	2690	63	61	57.452	46.717	127.349	0.458	1.230	0.813	0.838
700	83	30.831	9.804	6	53	42.870	595	2694	13	12	12.313	8.582	8.833	0.568	1.435	0.697	0.738
701	17	13.176	4.864	5	22	17.899	2092	2696	8	3	7.267	2.978	177.882	0.667	2.440	0.410	0.829
702	642	37.760	18.061	1	85	128.326	3976	2696	23	48	45.538	17.950	102.915	0.490	2.537	0.394	0.862
703	1976	35.864	30.456	0	151	198.652	106	2700	73	42	70.159	35.860	166.591	0.629	1.956	0.511	0.901
704	448	60.319	31.871	3	138	112.468	236	2704	41	24	41.472	13.754	153.111	0.445	3.015	0.332	0.785
705	1498	31.773	15.776	0	81	174.167	2503	2706	50	48	52.111	36.601	135.446	0.621	1.424	0.702	0.857
706	27	18.370	8.163	4	36	22.142	371	2709	6	8	7.241	4.748	112.271	0.692	1.525	0.656	0.783
707	119	17.286	9.570	1	51	68.426	1511	2716	22	14	19.998	7.576	158.954	0.319	2.639	0.379	0.585
708	144	30.542	16.490	3	72	82.326	588	2725	30	16	28.741	6.379	160.810	0.267	4.505	0.222	0.526
709	286	46.811	24.197	3	108	72.426	202	2728	24	18	23.815	15.291	7.705	0.685	1.557	0.642	0.861
710	355	43.493	18.177	4	81	80.669	2329	2730	26	21	22.509	20.081	179.684	0.686	1.121	0.892	0.851
711	1881	44.280	24.337	1	124	216.794	2614	2730	78	37	75.345	31.787	4.480	0.503	2.370	0.422	0.835
712	308	43.929	20.708	3	96	77.012	1798	2733	21	24	21.824	17.969	81.407	0.653	1.214	0.823	0.821
713	6047	42.057	23.585	0	137	461.144	632	2741	135	78	114.026	67.522	1.862	0.357	1.689	0.592	0.807
714	21	33.143	11.964	2	51	18.142	3342	2748	5	6	5.978	4.473	71.244	0.802	1.336	0.748	0.792
715	707	28.764	12.035	3	67	118.711	1843	2749	37	29	34.954	25.753	159.188	0.630	1.357	0.737	0.872
716	1726	51.937	27.036	0	136	195.480	34	2756	71	36	66.433	33.080	175.135	0.568	2.008	0.498	0.889
717	178	35.090	11.616	3	71	53.698	199	2775	14	19	20.219	11.209	112.322	0.776	1.804	0.554	0.883
718	179	47.972	16.398	5	94	51.113	2102	2780	17	14	16.777	13.584	163.245	0.861	1.235	0.810	0.897
719	433	52.323	24.939	4	118	88.326	2250	2789	32	20	30.687	17.966	175.926	0.697	1.708	0.585	0.885
720	379	38.902	21.169	1	96	74.770	1978	2794	24	21	23.606	20.442	12.671	0.852	1.155	0.866	0.914
721	30	18.400	9.669	3	40	28.971	1458	2796	6	8	7.338	5.206	109.158	0.449	1.410	0.709	0.667
722	898	38.199	20.532	1	125	160.267	1917	2796	44	38	41.386	27.627	145.497	0.439	1.498	0.668	0.753
723	727	39.193	19.801	1	89	123.296	224	2813	44	30	40.986	22.584	19.417	0.601	1.815	0.551	0.847
724	24	18.458	10.421	4	45	20.728	954	2815	6	7	7.352	4.156	129.737	0.702	1.769	0.565	0.787
725	17	12.235	5.585	5	25	14.728	1413	2821	6	4	5.610	3.858	174.557	0.985	1.454	0.688	0.850
726	67	17.299	7.928	3	38	46.042	3582	2821	9	15	15.019	5.680	106.112	0.397	2.644	0.378	0.680
727	187	42.016	20.701	3	102	55.113	3490	2823	18	16	17.731	13.428	38.376	0.774	1.320	0.757	0.872
728	5077	28.562	15.959	0	93	388.073	3100	2825	108	95	120.623	53.591	145.109	0.424	2.251	0.444	0.826
729	2026	46.697	22.118	1	112	216.794	2933	2827	76	47	65.454	39.411	2.129	0.542	1.661	0.602	0.840
730	604	48.796	19.810	4	103	144.368	2046	2828	46	32	49.782	15.448	151.627	0.364	3.223	0.310	0.714
731	2676	46.339	23.913	1	124	350.132	523	2838	75	72	61.737	55.189	0.243	0.274	1.119	0.894	0.687
732	39	19.487	8.137	2	38	30.385	352	2844	8	9	7.684	6.463	4.228	0.531	1.189	0.841	0.703
733	50	30.440	13.772	4	64	28.142	3383	2844	11	6	10.640	5.983	165.372	0.793	1.778	0.562	0.885
734	1127	49.099	25.330	1	138	145.196	329	2854	46	38	48.621	29.513	28.831	0.672	1.647	0.607	0.885
735	855	25.989	12.279	0	68	189.865	1864	2855	63	29	62.590	17.393	167.353	0.298	3.599	0.278	0.702
736	137	38.737	12.809	5	70	46.870	3544	2857	15	14	17.148	10.172	140.108	0.784	1.686	0.593	0.870
737	55	43.436	16.548	1	78	30.627	3919	2863	11	8	9.608	7.288	173.168	0.737	1.318	0.759	0.791
738	355	26.614	13.058	1	66	111.054	1761	2865	39	26	42.843	10.550	153.974	0.362	4.061	0.246	0.682
739	132	50.402	15.743	3	84	46.042	2215	2869	15	12	14.786	11.367	166.809	0.782	1.301	0.769	0.860
740	123	41.049	17.388	2	79	48.042	3397	2878	10	18	16.736	9.358	95.820	0.670	1.788	0.559	0.840
741	50	31.680	9.168	13	53	33.456	3	2887	11	9	10.133	6.283	166.695	0.561	1.613	0.620	0.699
742	87	41.034	14.666	8	74	37.456	1522	2890	13	11	13.734	8.065	149.283	0.779	1.703	0.587	0.853
743	148	30.919	14.733	2	68	48.770	2639	2893	16	16	16.761	11.243	47.575	0.782	1.491	0.671	0.829
744	32	12.062	5.382	3	25	30.042	1448	2896	9	9	8.179	4.981	50.475	0.446	1.642	0.609	0.566
745	322	15.075	8.560	1	51	104.225	1990	2900	27	19	25.724	15.938	175.591	0.372	1.614	0.620	0.758
746	234	36.778	13.607	4	66	79.355	1	2906	12	32	28.494	10.456	91.840	0.467	2.725	0.367	0.851
747	8493	40.572	25.674	0	125	573.411	967	2907	167	92	162.128	66.698	163.425	0.325	2.431	0.411	0.776
748	38	42.158	12.138	13	70	22.728	2921	2908	8	6	8.141	5.943	167.237	0.924	1.370	0.730	0.894
749	140	15.879	7.651	1	39	59.598	3401	2910	21	13	18.387	9.695	169.967	0.495	1.897	0.527	0.789
750	74	19.608	10.310	1	48	42.042	905	2913	13	12	12.065	7.809	137.885	0.526	1.545	0.647	0.705
751	347	15.144	7.325	2	36	99.640	739	2916	24	25	21.570	20.483	65.445	0.439	1.053	0.950	0.717
752	20	26.050	8.988	9	40	19.899	24	2918	5	7	6.365	4.001	79.225	0.635	1.591	0.628	0.784
753	1002	39.763	18.982	1	99	216.693	3925	2919	52	64	59.563	21.419	115.867	0.268	2.781	0.360	0.589
754	46	51.783	12.123	6	77	26.385	659	2920	9	8	8.499	6.891	13.999	0.830	1.233	0.811	0.800
755	490	20.376	9.502	1	55	99.054	1257	2924	27	29	25.423	24.540	92.060	0.628	1.036	0.965	0.842
756	18	10.278	7.053	2	25	20.142	1669	2924	6	6	5.000	4.583	126.091	0.558	1.091	0.917	0.632
757	103	43.087	18.414	5	84	42.527	2760	2928	13	14	12.514	10.480	51.023	0.716	1.194	0.837	0.802
758	2299	38.490	19.546	0	100	258.836	2334	2930	91	43	79.071	37.020	7.993	0.431	2.136	0.468	0.789
759	160	41.413	21.500	4	91	50.870	3559	2930	14	17	16.856	12.086	111.017	0.777	1.395	0.717	0.865
760	3453	26.943	13.609	0	85	297.563	177	2931	74	68	68.013	64.642	150.146	0.490	1.052	0.950	0.851
761	1267	21.321	11.306	1	67	229.723	2830	2935	48	64	67.027	24.068	62.077	0.302	2.785	0.359	0.704
762	119	39.874	12.637	4	68	44.870	3913	2936	15	13	13.289	11.402	148.855	0.743	1.166	0.858	0.824
763	147	44.823	17.696	5	91	51.456	3022	2939	17	14	16.970	11.029	31.531	0.698	1.539	0.650	0.817
764	3125	29.675	13.090	0	69	245.137	3785	2946	78	53	75.943	52.393	168.539	0.653	1.449	0.690	0.934
765	75	59.253	16.365	14	89	36.627	2293	2956	12	10	10.896	8.764	21.560	0.703	1.243	0.804	0.781
766	908	32.944	15.837	2	79	131.983	407	2961	35	38	39.317	29.404	75.801	0.655	1.337	0.748	0.882
767	310	24.429	10.835	2	54	80.083	1180	2964	24	21	21.938	17.992	154.991	0.607	1.219	0.820	0.836
768	322	25.283	11.362	1	52	85.497	2571	2967	29	19	26.232	15.629	160.413	0.554	1.678	0.596	0.808
769	213	35.150	15.354	5	75	63.841	1527	2972	21	18	22.498	12.055	45.430	0.657	1.866	0.536	0.854
770	348	22.414	10.193	1	52	90.669	2788	2979	29	20	24.626	17.993	167.570	0.532	1.369	0.731	0.811
771	75	34.760	16.858	1	69	32.627	60	2980	12	9	11.188	8.535	31.965	0.885	1.311	0.763	0.867
772	472	31.650	16.255	2	71	89.941	2895	2980	30	19	30.712	19.568	9.650	0.733	1.569	0.637	0.926
773	31	27.806	10.759	5	54	23.556	3373	2983	10	5	8.881	4.444	24.653	0.702	1.998	0.500	0.838
774	16	18.562	7.052	7	31	15.899	1129	2984	6	4	5.697	3.576	7.607	0.795	1.593	0.628	0.821
775	236	26.203	10.886	0	53	82.284	3139	2988	35	11	29.873	10.059	1.905	0.438	2.970	0.337	0.858
776	28	30.679	12.135	7	53	21.071	2091	2991	8	4	8.876	4.016	173.293	0.792	2.210	0.452	0.933
777	24	41.667	6.857	29	55	31.314	1454	2995	13	4	11.645	2.624	179.027	0.308	4.437	0.225	0.623
