 	Area	Mean	StdDev	Min	Max	Perim.	BX	BY	Width	Height	Major	Minor	Angle	Circ.	AR	Round	Solidity
1	2941	24.031	11.690	0	72	282.836	687	1	93	50	87.482	42.804	166.060	0.462	2.044	0.489	0.866
2	902	23.641	10.719	1	65	165.882	806	1	56	25	47.157	24.354	178.103	0.412	1.936	0.516	0.860
3	59	28.864	9.142	10	45	47.556	1619	1	21	5	18.749	4.007	175.927	0.328	4.679	0.214	0.733
4	10479	35.088	21.768	0	148	657.269	1669	1	229	77	205.477	64.933	0.068	0.305	3.164	0.316	0.770
5	4328	23.676	12.591	0	78	391.546	2014	1	91	102	122.069	45.143	57.064	0.355	2.704	0.370	0.743
6	3749	25.251	11.918	0	67	288.978	2668	1	74	68	74.246	64.292	152.178	0.564	1.155	0.866	0.913
7	4179	40.832	24.726	0	140	411.220	2995	1	122	67	113.679	46.806	23.638	0.311	2.429	0.412	0.723
8	2577	47.241	24.954	1	142	233.924	3153	1	80	44	78.569	41.761	4.395	0.592	1.881	0.532	0.924
9	623	43.892	21.610	2	101	110.426	3399	1	42	19	41.609	19.064	174.300	0.642	2.183	0.458	0.933
10	25	31.000	9.412	12	44	23.314	3995	1	4	9	9.396	3.388	80.820	0.578	2.774	0.361	0.806
11	219	31.877	14.528	2	68	60.184	279	6	21	17	21.491	12.975	26.632	0.760	1.656	0.604	0.861
12	8068	42.768	29.043	0	139	518.257	3563	6	127	117	128.795	79.758	36.490	0.377	1.615	0.619	0.762
13	75	64.280	18.871	18	102	38.042	3687	13	14	9	12.421	7.688	4.450	0.651	1.616	0.619	0.785
14	326	51.457	23.647	3	107	133.154	1	14	20	41	33.236	12.489	74.333	0.231	2.661	0.376	0.615
15	427	39.759	23.451	1	124	103.054	40	16	29	29	33.228	16.362	143.802	0.505	2.031	0.492	0.750
16	7065	21.847	11.327	0	64	458.558	2263	16	106	118	116.682	77.094	56.206	0.422	1.513	0.661	0.858
17	1312	43.393	20.017	0	111	230.007	972	17	75	49	68.237	24.481	25.106	0.312	2.787	0.359	0.624
18	119	17.160	8.106	2	38	74.669	1131	27	17	15	14.130	10.723	6.756	0.268	1.318	0.759	0.625
19	315	39.981	16.972	2	87	85.497	2160	35	31	17	29.200	13.735	173.287	0.542	2.126	0.470	0.787
20	123	20.585	9.711	2	51	71.012	423	38	21	14	17.998	8.701	169.744	0.307	2.068	0.483	0.624
21	2540	34.193	17.396	1	93	268.149	2530	40	71	57	66.215	48.842	18.959	0.444	1.356	0.738	0.812
22	2263	47.404	28.721	0	132	201.865	3338	47	64	57	57.154	50.414	6.693	0.698	1.134	0.882	0.904
23	1772	25.361	11.824	1	66	232.693	396	53	55	67	53.983	41.794	100.903	0.411	1.292	0.774	0.722
24	18	22.333	8.938	2	39	16.728	1650	54	5	6	4.903	4.675	92.242	0.808	1.049	0.953	0.750
25	147	14.952	7.673	2	40	63.598	507	57	19	18	20.409	9.171	136.169	0.457	2.225	0.449	0.710
26	40	37.175	17.897	4	74	25.213	3296	61	9	8	9.446	5.392	41.275	0.791	1.752	0.571	0.808
27	2808	30.937	16.131	0	84	248.492	538	62	80	57	74.673	47.879	174.046	0.571	1.560	0.641	0.867
28	16	29.125	7.745	13	40	15.314	1131	63	5	5	4.926	4.136	26.043	0.857	1.191	0.840	0.800
29	3542	26.626	14.562	0	84	484.558	3926	67	73	140	135.625	33.252	108.349	0.190	4.079	0.245	0.645
30	391	21.148	10.172	0	50	103.640	266	68	32	24	30.541	16.301	14.410	0.457	1.874	0.534	0.727
31	74	20.541	8.513	2	43	34.284	3899	71	12	10	10.920	8.628	15.973	0.791	1.266	0.790	0.804
32	3250	32.714	17.734	1	97	315.889	2916	74	97	63	85.689	48.291	159.166	0.409	1.774	0.564	0.810
33	341	40.293	24.476	2	112	76.184	168	76	25	20	22.951	18.918	26.719	0.738	1.213	0.824	0.877
34	75	32.347	11.836	5	55	33.556	30	81	11	9	10.768	8.868	6.974	0.837	1.214	0.824	0.872
35	284	67.366	29.163	7	142	68.184	3686	82	26	16	24.648	14.671	175.954	0.768	1.680	0.595	0.889
36	947	45.146	24.128	1	112	137.782	3749	84	39	39	37.502	32.152	125.232	0.627	1.166	0.857	0.838
37	153	49.536	17.362	7	95	53.456	3198	87	20	10	20.219	9.635	4.612	0.673	2.099	0.476	0.855
38	35	32.857	15.384	7	59	24.142	134	90	9	6	7.537	5.913	172.815	0.755	1.275	0.785	0.814
39	621	39.129	17.027	2	86	116.368	3247	90	40	26	39.805	19.864	24.498	0.576	2.004	0.499	0.855
40	466	51.646	21.711	5	109	96.669	272	93	31	23	32.095	18.487	161.121	0.627	1.736	0.576	0.856
41	45	15.333	7.071	2	31	34.042	2826	97	9	9	7.736	7.407	134.805	0.488	1.044	0.957	0.657
42	22	23.409	10.822	7	47	19.556	3879	99	7	6	6.741	4.155	143.322	0.723	1.622	0.616	0.759
43	45	29.400	10.584	1	53	24.728	1711	101	7	8	8.381	6.837	61.632	0.925	1.226	0.816	0.900
44	194	21.041	10.363	2	46	63.113	211	104	20	15	17.453	14.153	3.666	0.612	1.233	0.811	0.813
45	19	13.000	7.102	1	25	24.142	1163	104	10	5	8.029	3.013	22.339	0.410	2.665	0.375	0.603
46	255	33.027	15.053	2	83	69.355	3847	106	26	15	23.876	13.598	0.375	0.666	1.756	0.570	0.850
47	49	16.980	8.637	3	35	38.627	1578	108	13	10	12.545	4.973	141.975	0.413	2.522	0.396	0.601
48	114	70.228	21.809	14	105	41.213	815	110	15	10	15.189	9.556	169.457	0.843	1.589	0.629	0.891
49	369	18.407	8.438	1	49	132.125	1702	120	27	31	24.556	19.133	111.614	0.266	1.283	0.779	0.636
50	18	14.556	6.373	1	24	17.899	3934	120	7	4	6.105	3.754	9.233	0.706	1.626	0.615	0.783
51	65	14.323	7.612	1	36	52.527	3818	125	19	7	16.482	5.021	10.083	0.296	3.283	0.305	0.650
52	108	25.676	11.057	2	51	41.456	460	126	12	13	14.091	9.758	53.615	0.790	1.444	0.693	0.850
53	36	18.972	7.362	4	36	24.728	2927	126	9	6	9.375	4.889	16.935	0.740	1.918	0.521	0.828
54	20	32.450	10.645	16	54	16.728	3232	126	6	5	6.438	3.955	23.863	0.898	1.628	0.614	0.816
55	45	14.311	6.550	1	26	51.698	252	128	20	7	15.969	3.588	1.825	0.212	4.451	0.225	0.489
56	30	30.633	12.469	8	56	22.142	3451	130	9	5	8.544	4.471	17.115	0.769	1.911	0.523	0.800
57	315	31.746	14.322	0	80	84.083	604	131	19	25	23.353	17.174	101.861	0.560	1.360	0.735	0.803
58	49	36.918	14.189	4	62	26.971	1623	131	10	7	8.784	7.102	8.299	0.846	1.237	0.809	0.845
59	100	71.100	17.586	29	108	39.213	1782	132	13	11	12.436	10.238	7.139	0.817	1.215	0.823	0.858
60	2436	39.101	23.672	1	141	259.522	2531	133	94	48	84.257	36.811	17.408	0.455	2.289	0.437	0.797
61	108	14.157	7.398	2	36	63.012	1316	135	18	14	14.529	9.464	144.964	0.342	1.535	0.651	0.643
62	318	48.097	25.376	5	110	81.012	2105	135	28	17	27.700	14.617	171.744	0.609	1.895	0.528	0.836
63	40	20.525	10.115	7	45	25.213	565	139	9	8	10.190	4.998	35.275	0.791	2.039	0.491	0.792
64	760	23.586	11.583	0	55	132.024	1182	142	41	28	39.918	24.241	176.322	0.548	1.647	0.607	0.845
65	63	55.714	19.954	13	94	30.385	3259	142	12	7	11.306	7.095	178.029	0.858	1.594	0.628	0.875
66	104	19.875	9.436	3	47	46.527	1580	144	16	14	17.172	7.711	143.069	0.604	2.227	0.449	0.770
67	5475	32.051	16.927	0	91	386.517	2411	145	84	97	94.894	73.461	72.468	0.461	1.292	0.774	0.856
68	16	27.500	8.540	14	44	15.314	215	146	5	5	5.341	3.814	140.270	0.857	1.400	0.714	0.780
69	24	29.333	11.761	12	52	18.971	2529	148	7	6	6.448	4.739	30.128	0.838	1.361	0.735	0.762
70	26	29.615	12.481	7	48	19.314	2900	152	8	4	8.084	4.095	169.754	0.876	1.974	0.507	0.912
71	670	24.027	12.492	0	65	136.953	3249	157	43	28	40.941	20.836	6.212	0.449	1.965	0.509	0.771
72	189	54.656	18.065	8	97	52.527	3498	158	17	15	17.697	13.598	154.115	0.861	1.301	0.768	0.902
73	77	52.636	20.087	5	90	34.042	510	160	11	11	12.070	8.123	44.487	0.835	1.486	0.673	0.856
74	42	27.000	10.711	8	57	27.556	991	162	10	7	9.231	5.793	11.310	0.695	1.593	0.628	0.816
75	1476	31.892	16.243	1	90	216.451	3372	167	60	49	61.405	30.605	146.657	0.396	2.006	0.498	0.765
76	382	49.990	23.531	4	130	82.426	131	170	28	20	27.312	17.808	175.489	0.707	1.534	0.652	0.876
77	253	30.514	15.922	2	71	65.012	606	172	21	19	19.511	16.511	161.006	0.752	1.182	0.846	0.862
78	145	29.786	14.000	1	74	61.113	840	178	18	15	18.772	9.835	20.306	0.488	1.909	0.524	0.706
79	47	29.894	9.563	9	54	30.971	679	180	10	9	10.459	5.722	47.832	0.616	1.828	0.547	0.752
80	1040	66.129	31.625	3	154	154.610	1695	183	61	28	58.463	22.650	12.805	0.547	2.581	0.387	0.856
81	269	24.978	10.716	2	63	69.841	3124	199	19	21	20.259	16.906	77.573	0.693	1.198	0.834	0.849
82	146	18.842	10.093	1	44	52.042	3264	201	19	11	18.282	10.168	12.491	0.677	1.798	0.556	0.861
83	267	27.640	13.433	1	72	69.598	827	208	21	21	23.536	14.444	128.590	0.693	1.629	0.614	0.850
84	66	14.288	7.379	1	31	39.698	2244	215	11	12	10.156	8.275	72.705	0.526	1.227	0.815	0.706
85	1114	47.927	24.959	2	111	168.167	2776	220	56	34	48.882	29.017	176.188	0.495	1.685	0.594	0.788
86	58	52.534	15.138	8	84	28.385	3880	221	10	8	9.474	7.795	3.625	0.905	1.216	0.823	0.866
87	72	20.486	9.827	4	43	37.456	1510	223	14	10	14.037	6.531	31.270	0.645	2.149	0.465	0.791
88	1965	36.690	15.306	3	80	194.309	3405	224	55	56	52.261	47.873	40.035	0.654	1.092	0.916	0.908
89	63	19.048	9.661	3	46	35.799	1493	226	14	8	13.010	6.165	18.797	0.618	2.110	0.474	0.792
90	869	21.848	11.005	1	55	138.024	119	228	40	32	37.124	29.804	178.030	0.573	1.246	0.803	0.871
91	111	35.568	14.843	1	70	44.627	312	231	18	9	17.474	8.088	12.421	0.700	2.160	0.463	0.867
92	542	31.531	12.163	1	68	95.255	421	243	32	24	32.644	21.140	13.076	0.751	1.544	0.648	0.917
93	323	46.895	23.626	4	105	82.284	3982	256	17	28	28.832	14.264	77.121	0.599	2.021	0.495	0.844
94	75	56.187	16.804	10	86	36.042	1023	259	14	9	12.372	7.719	1.126	0.726	1.603	0.624	0.811
95	180	41.567	17.558	2	90	52.870	1212	266	18	14	18.255	12.555	174.944	0.809	1.454	0.688	0.878
96	25	16.640	8.431	4	36	20.142	3961	269	8	5	7.055	4.512	4.680	0.774	1.564	0.640	0.769
97	1568	53.179	26.425	1	137	209.924	303	274	69	35	73.894	27.018	179.582	0.447	2.735	0.366	0.769
98	22	20.364	8.232	7	41	23.556	8	277	7	8	7.648	3.663	54.541	0.498	2.088	0.479	0.595
99	30	20.700	9.717	3	40	22.971	241	281	8	6	7.884	4.845	21.034	0.714	1.627	0.615	0.769
100	3586	43.013	21.605	0	113	430.517	1406	282	138	53	126.000	36.237	8.902	0.243	3.477	0.288	0.742
101	11168	33.273	18.692	0	124	671.110	3834	287	154	154	173.009	82.190	49.339	0.312	2.105	0.475	0.727
102	98	47.112	14.951	19	84	39.698	1	289	14	12	14.263	8.748	142.730	0.781	1.630	0.613	0.834
103	215	41.684	12.735	7	83	61.113	3422	289	21	15	19.868	13.778	19.856	0.723	1.442	0.693	0.865
104	113	20.434	10.596	1	48	45.698	3091	290	15	12	14.193	10.137	4.448	0.680	1.400	0.714	0.810
105	3365	48.812	27.289	0	128	301.463	1753	292	74	84	86.613	49.467	53.442	0.465	1.751	0.571	0.837
106	6330	29.802	16.565	0	88	419.103	3687	292	152	74	148.197	54.384	165.278	0.453	2.725	0.367	0.852
107	59	37.949	15.810	5	75	29.799	745	296	11	8	10.437	7.198	12.228	0.835	1.450	0.690	0.849
108	506	48.540	22.980	3	97	93.054	1577	304	31	28	30.812	20.910	145.811	0.734	1.474	0.679	0.870
109	77	27.649	12.061	4	62	38.284	3292	305	13	11	11.983	8.182	27.882	0.660	1.465	0.683	0.762
110	490	17.851	8.103	1	40	99.154	1141	307	31	29	26.773	23.303	149.678	0.626	1.149	0.870	0.819
111	18	18.278	7.136	4	32	16.728	1726	309	5	6	5.978	3.834	44.940	0.808	1.559	0.641	0.766
112	1665	21.339	9.453	0	51	201.966	1	310	50	51	47.922	44.238	135.305	0.513	1.083	0.923	0.874
113	75	23.920	11.232	4	51	36.627	1842	313	11	11	10.936	8.732	33.395	0.703	1.252	0.798	0.781
114	377	16.573	8.048	0	40	99.154	748	314	30	22	24.797	19.357	172.099	0.482	1.281	0.781	0.782
115	347	33.677	19.081	2	98	74.669	2196	317	23	24	22.683	19.478	35.328	0.782	1.165	0.859	0.874
116	174	33.805	17.324	1	83	52.042	2057	321	15	16	15.367	14.417	126.933	0.807	1.066	0.938	0.885
117	279	53.928	20.716	2	106	80.184	1095	322	33	14	32.584	10.902	171.441	0.545	2.989	0.335	0.856
118	104	41.971	11.724	10	71	42.284	1244	322	14	12	12.139	10.908	12.182	0.731	1.113	0.899	0.806
119	104	36.250	12.618	7	62	57.456	1065	324	23	7	22.663	5.843	179.353	0.396	3.879	0.258	0.730
120	53	15.642	8.808	3	38	34.385	2005	324	10	10	11.312	5.965	126.920	0.563	1.896	0.527	0.731
121	288	36.420	17.628	3	90	75.598	2638	325	28	15	27.016	13.573	7.514	0.633	1.990	0.502	0.881
122	1154	34.577	16.502	1	83	155.924	2335	326	46	38	49.430	29.725	151.027	0.596	1.663	0.601	0.892
123	313	25.431	10.489	1	61	91.397	61	329	27	24	27.493	14.496	33.147	0.471	1.897	0.527	0.777
124	79	34.785	14.065	2	69	34.971	1475	340	11	10	12.081	8.326	140.828	0.812	1.451	0.689	0.878
125	89	11.584	6.802	1	34	65.841	282	341	18	11	15.213	7.449	172.423	0.258	2.042	0.490	0.591
126	54	23.870	10.856	5	50	32.385	1277	342	9	9	8.974	7.661	67.829	0.647	1.171	0.854	0.777
127	2368	51.030	32.573	0	148	282.492	3491	357	80	51	72.064	41.838	7.516	0.373	1.722	0.581	0.731
128	112	23.750	10.726	1	59	43.799	924	362	16	10	15.590	9.147	5.963	0.734	1.704	0.587	0.878
129	1659	27.705	14.467	1	91	181.380	278	366	53	48	47.147	44.802	176.333	0.634	1.052	0.950	0.895
130	176	45.244	16.091	2	83	55.598	3387	368	20	16	21.359	10.491	34.452	0.715	2.036	0.491	0.844
131	3133	26.608	17.076	0	97	295.806	176	377	87	70	87.830	45.418	149.812	0.450	1.934	0.517	0.787
132	172	16.372	8.452	1	48	59.355	3770	379	17	17	19.112	11.459	134.537	0.614	1.668	0.600	0.827
133	194	18.546	9.413	1	50	69.012	1453	380	25	14	19.449	12.700	176.314	0.512	1.531	0.653	0.768
134	58	54.707	19.313	3	88	28.971	3039	388	10	8	10.887	6.783	30.633	0.868	1.605	0.623	0.899
135	2202	33.765	17.733	0	100	242.936	2658	394	75	56	69.439	40.376	29.626	0.469	1.720	0.581	0.807
136	2847	28.347	14.502	0	75	235.037	803	401	63	59	66.251	54.714	26.719	0.648	1.211	0.826	0.929
137	35	19.143	8.634	7	41	24.971	1152	404	9	7	9.917	4.494	30.583	0.705	2.207	0.453	0.787
138	4140	29.403	14.118	0	79	339.990	13	407	92	78	78.476	67.170	32.081	0.450	1.168	0.856	0.874
139	20	29.900	12.789	7	49	17.314	357	412	6	5	5.892	4.322	34.294	0.838	1.363	0.733	0.816
140	44	16.182	5.662	5	31	28.627	2100	419	11	8	11.191	5.006	156.272	0.675	2.235	0.447	0.727
141	52	26.923	12.206	3	51	31.213	3738	422	11	9	10.179	6.505	9.589	0.671	1.565	0.639	0.759
142	221	33.638	13.749	2	66	77.255	516	433	28	12	27.501	10.232	3.654	0.465	2.688	0.372	0.815
143	394	66.576	24.349	10	130	78.184	1684	433	22	23	23.820	21.060	106.530	0.810	1.131	0.884	0.905
144	1372	32.974	15.686	1	86	174.752	2815	437	54	37	52.143	33.502	4.313	0.565	1.556	0.642	0.866
145	114	23.526	12.585	2	60	46.284	928	447	17	10	16.148	8.989	176.398	0.669	1.796	0.557	0.781
146	71	73.183	18.281	12	111	32.627	1419	456	13	8	11.809	7.655	5.444	0.838	1.543	0.648	0.861
147	24	15.750	8.001	1	30	23.799	2999	457	8	7	5.790	5.277	26.145	0.532	1.097	0.911	0.615
148	21	24.714	9.466	11	44	19.556	779	461	7	6	7.177	3.725	37.213	0.690	1.927	0.519	0.712
149	38	40.474	10.961	14	61	22.385	1163	462	7	8	7.528	6.427	131.418	0.953	1.171	0.854	0.854
150	299	19.338	9.439	2	50	81.497	2977	463	22	22	19.849	19.180	123.378	0.566	1.035	0.966	0.810
151	62	12.919	6.464	1	29	38.627	3327	464	16	8	14.572	5.417	14.563	0.522	2.690	0.372	0.765
152	66	25.803	10.615	5	55	36.042	3400	464	11	10	11.293	7.441	35.562	0.638	1.518	0.659	0.781
153	95	30.747	11.674	7	63	41.213	1820	466	14	10	13.290	9.101	14.242	0.703	1.460	0.685	0.826
154	28	25.750	11.007	3	43	22.971	2505	467	8	6	7.289	4.891	178.883	0.667	1.490	0.671	0.718
155	582	35.959	13.816	3	77	104.468	3688	468	33	32	33.295	22.256	131.840	0.670	1.496	0.668	0.860
156	789	41.578	22.774	0	117	172.752	1167	470	59	25	50.497	19.894	1.226	0.332	2.538	0.394	0.714
157	19	31.947	9.306	14	47	18.142	883	477	7	5	5.692	4.250	4.021	0.725	1.339	0.747	0.731
158	148	28.764	12.117	1	62	56.770	168	483	16	18	17.451	10.798	138.056	0.577	1.616	0.619	0.773
159	840	43.030	22.370	3	105	141.782	3550	484	48	31	47.005	22.753	27.855	0.525	2.066	0.484	0.836
160	1033	26.806	11.018	1	62	136.610	1886	489	46	34	44.137	29.799	15.957	0.696	1.481	0.675	0.896
161	236	26.021	11.903	0	58	72.083	2349	492	26	16	22.400	13.414	0.315	0.571	1.670	0.599	0.785
162	689	49.501	22.007	0	119	119.397	3905	494	40	24	39.768	22.059	7.953	0.607	1.803	0.555	0.866
163	528	65.133	29.642	3	129	93.983	3282	496	28	29	32.685	20.568	50.401	0.751	1.589	0.629	0.882
164	56	24.821	14.772	4	62	34.385	3745	499	13	7	13.100	5.443	169.072	0.595	2.407	0.415	0.783
165	843	31.350	14.179	0	79	137.439	1295	501	34	39	37.481	28.637	63.604	0.561	1.309	0.764	0.858
166	18	31.556	15.290	5	54	15.314	3255	501	5	5	5.294	4.329	30.595	0.965	1.223	0.818	0.857
167	25	18.960	10.085	5	45	29.556	3061	505	12	4	10.246	3.107	8.012	0.360	3.298	0.303	0.633
168	120	42.300	12.956	12	76	41.456	722	511	14	12	14.042	10.881	168.591	0.877	1.291	0.775	0.879
169	169	39.219	16.583	3	78	63.941	668	514	24	11	23.677	9.088	174.924	0.519	2.605	0.384	0.790
170	33	36.394	13.214	7	56	24.142	414	518	8	7	7.208	5.829	140.944	0.711	1.236	0.809	0.776
171	26	16.231	7.865	4	31	24.142	3175	518	10	5	8.550	3.872	172.387	0.561	2.208	0.453	0.722
172	349	50.991	17.896	5	96	77.841	801	522	25	21	24.016	18.503	172.339	0.724	1.298	0.770	0.888
173	30	25.733	10.531	5	43	22.142	1566	524	8	6	7.422	5.146	5.744	0.769	1.442	0.693	0.800
174	4624	43.722	25.264	0	136	476.902	1915	526	137	79	132.036	44.590	164.356	0.255	2.961	0.338	0.630
175	684	58.737	21.383	7	118	108.811	742	528	38	25	36.684	23.740	6.213	0.726	1.545	0.647	0.898
176	47	29.468	13.587	7	55	27.556	562	532	9	8	10.085	5.934	21.967	0.778	1.700	0.588	0.817
177	489	46.456	22.097	2	115	103.397	1559	535	30	33	33.307	18.693	126.167	0.575	1.782	0.561	0.798
178	17	20.647	10.155	4	38	18.728	3818	537	7	5	5.225	4.143	172.868	0.609	1.261	0.793	0.667
179	752	51.012	25.083	3	111	116.368	3317	539	45	27	40.940	23.388	4.789	0.698	1.750	0.571	0.885
180	17	27.941	8.370	14	39	15.899	1396	540	6	4	5.671	3.817	2.113E-14	0.845	1.486	0.673	0.850
181	23	15.391	7.031	4	35	20.142	1059	549	5	8	8.262	3.545	117.016	0.712	2.331	0.429	0.793
182	10199	29.404	17.467	0	126	584.624	2384	551	139	152	146.882	88.410	62.938	0.375	1.661	0.602	0.802
183	738	38.110	18.331	2	92	123.598	3978	557	21	46	44.124	21.296	85.641	0.607	2.072	0.483	0.913
184	57	45.632	12.026	17	75	29.213	1293	558	11	8	10.704	6.780	155.598	0.839	1.579	0.633	0.844
185	624	17.897	8.599	1	42	126.711	2779	559	32	31	29.808	26.654	147.177	0.488	1.118	0.894	0.834
186	600	20.905	12.490	1	65	112.326	1868	561	35	27	34.053	22.434	157.306	0.598	1.518	0.659	0.845
187	3088	44.935	24.144	0	136	381.446	2605	564	119	65	107.309	36.640	13.997	0.267	2.929	0.341	0.625
188	132	18.402	9.954	1	42	50.284	3517	565	17	14	15.672	10.724	45.815	0.656	1.461	0.684	0.786
189	1313	44.430	22.108	0	126	175.782	1	566	61	32	60.175	27.782	170.815	0.534	2.166	0.462	0.873
190	61	58.393	15.843	16	94	33.213	130	566	13	8	11.875	6.541	13.829	0.695	1.816	0.551	0.813
191	79	21.557	9.230	1	46	36.042	1329	566	12	10	11.995	8.386	17.736	0.764	1.430	0.699	0.827
192	21	17.810	7.312	7	31	22.728	1588	566	8	6	6.825	3.918	168.640	0.511	1.742	0.574	0.656
193	296	30.966	14.962	1	65	82.083	81	569	29	16	28.307	13.314	0.017	0.552	2.126	0.470	0.800
194	46	29.783	13.546	5	66	27.799	263	579	10	8	9.553	6.131	157.497	0.748	1.558	0.642	0.786
195	61	26.852	12.063	7	52	30.627	3264	579	11	9	9.819	7.910	179.532	0.817	1.241	0.806	0.819
196	64	14.500	6.216	2	27	36.042	1808	580	13	9	11.087	7.350	175.031	0.619	1.508	0.663	0.744
197	366	21.790	11.317	1	56	148.995	1408	583	50	34	49.886	9.341	30.634	0.207	5.340	0.187	0.539
198	25	27.600	11.698	9	50	23.799	3670	585	9	5	7.999	3.979	12.517	0.555	2.010	0.497	0.667
199	25	27.680	10.262	10	50	22.971	254	586	8	7	8.413	3.783	144.899	0.595	2.224	0.450	0.685
200	220	18.482	9.063	1	45	87.397	3150	587	26	20	22.564	12.414	31.199	0.362	1.818	0.550	0.662
201	59	13.136	6.024	0	27	34.627	778	588	11	11	12.245	6.135	137.862	0.618	1.996	0.501	0.733
202	115	20.478	9.244	2	42	46.284	3362	598	15	12	13.563	10.796	170.367	0.675	1.256	0.796	0.799
203	480	52.871	23.194	4	109	101.740	3599	598	36	22	35.352	17.288	1.123	0.583	2.045	0.489	0.823
204	207	28.686	14.480	1	66	58.527	3496	599	20	15	19.887	13.253	165.408	0.759	1.501	0.666	0.864
205	2603	47.105	25.239	0	140	340.434	2169	600	111	47	110.863	29.895	179.608	0.282	3.708	0.270	0.680
206	95	33.179	11.534	9	65	39.698	2302	604	14	11	12.441	9.722	8.010	0.758	1.280	0.781	0.823
207	1468	35.663	15.792	1	87	167.338	2867	605	54	40	51.126	36.559	179.537	0.659	1.398	0.715	0.897
208	67	18.522	9.507	2	45	33.213	3430	612	11	10	9.793	8.711	60.637	0.763	1.124	0.889	0.812
209	51	24.412	11.006	4	49	26.971	1387	614	9	8	8.800	7.379	19.564	0.881	1.193	0.838	0.864
210	55	43.291	21.788	4	96	28.385	2054	614	8	10	9.611	7.286	64.034	0.858	1.319	0.758	0.859
211	805	30.853	20.202	1	106	212.693	3413	618	40	47	42.248	24.261	134.629	0.224	1.741	0.574	0.654
212	896	40.623	19.780	1	92	124.953	434	619	40	32	38.484	29.644	175.847	0.721	1.298	0.770	0.889
213	440	57.561	29.360	2	134	119.154	3252	620	46	20	31.752	17.644	175.089	0.389	1.800	0.556	0.715
214	6941	43.985	33.191	0	158	421.446	3628	621	132	78	129.578	68.203	8.087	0.491	1.900	0.526	0.876
215	77	15.974	8.379	2	38	48.527	894	623	15	11	13.251	7.398	31.583	0.411	1.791	0.558	0.644
216	1296	35.580	15.930	1	84	181.238	1709	626	54	43	46.280	35.655	174.230	0.496	1.298	0.770	0.805
217	105	25.771	14.655	3	71	41.799	2526	626	12	13	12.555	10.648	138.541	0.755	1.179	0.848	0.854
218	2339	34.566	18.004	1	102	275.765	212	629	86	58	85.388	34.877	31.480	0.387	2.448	0.408	0.763
219	4749	34.713	17.563	0	96	368.860	878	634	98	86	88.421	68.384	147.761	0.439	1.293	0.773	0.832
220	45	70.000	25.895	14	114	24.971	2087	644	8	8	7.736	7.407	62.353	0.907	1.044	0.957	0.874
221	3773	29.933	13.649	0	81	319.948	1	645	76	88	83.287	57.679	56.711	0.463	1.444	0.693	0.814
222	5133	37.186	20.483	0	132	499.470	1091	650	123	88	108.578	60.192	21.271	0.259	1.804	0.554	0.709
223	5595	36.439	24.598	0	123	583.997	1784	653	163	83	147.877	48.174	11.226	0.206	3.070	0.326	0.613
224	245	32.706	15.117	2	78	78.426	3129	655	27	16	23.847	13.081	4.555	0.501	1.823	0.549	0.739
225	233	25.176	11.080	2	52	62.184	1965	660	18	18	18.025	16.458	119.008	0.757	1.095	0.913	0.871
226	17	10.765	6.638	1	27	15.314	3906	660	4	6	5.369	4.031	68.151	0.911	1.332	0.751	0.850
227	76	42.566	17.701	10	96	40.042	669	668	17	8	14.688	6.588	176.336	0.596	2.229	0.449	0.800
228	443	23.307	11.426	1	63	120.125	2053	674	44	21	40.839	13.811	12.522	0.386	2.957	0.338	0.707
229	360	49.000	19.598	2	95	76.184	185	682	27	18	25.165	18.214	173.209	0.779	1.382	0.724	0.903
230	1194	65.674	30.764	0	162	188.752	3740	689	67	33	66.837	22.746	13.433	0.421	2.938	0.340	0.777
231	163	51.288	14.860	2	81	49.941	2935	690	17	14	15.860	13.086	171.570	0.821	1.212	0.825	0.858
232	21	28.810	8.364	12	39	16.485	3287	696	6	4	6.326	4.226	174.887	0.971	1.497	0.668	0.933
233	1239	41.161	20.260	1	109	165.924	1564	703	56	35	54.067	29.178	1.869	0.566	1.853	0.540	0.855
234	32	30.188	9.223	12	47	22.385	1394	705	8	7	7.623	5.345	34.151	0.803	1.426	0.701	0.780
235	38	20.000	11.923	1	45	24.385	2669	709	8	8	7.731	6.258	122.314	0.803	1.235	0.810	0.800
236	29	20.690	11.042	2	41	21.556	500	710	8	6	6.357	5.809	2.053	0.784	1.094	0.914	0.806
237	13927	31.698	17.135	0	108	699.294	3473	710	174	128	159.779	110.981	8.970	0.358	1.440	0.695	0.770
238	83	24.639	10.485	3	57	41.698	2105	713	13	12	14.744	7.168	145.499	0.600	2.057	0.486	0.798
239	89	16.910	10.068	0	44	44.284	125	717	16	11	14.282	7.934	155.265	0.570	1.800	0.556	0.751
240	333	30.168	12.747	1	63	84.225	3951	717	29	20	25.794	16.437	175.859	0.590	1.569	0.637	0.818
241	128	46.742	14.703	22	88	42.627	1403	718	14	12	14.190	11.485	24.128	0.885	1.236	0.809	0.905
242	24	22.958	7.805	8	40	24.971	1844	719	9	6	7.012	4.358	20.242	0.484	1.609	0.622	0.623
243	23	24.304	10.088	7	48	18.728	2242	721	6	6	5.885	4.976	80.686	0.824	1.183	0.846	0.821
244	60	17.750	8.767	5	44	38.627	1286	725	12	10	10.309	7.411	31.523	0.505	1.391	0.719	0.702
245	776	41.880	17.710	1	97	117.539	2734	727	36	32	38.714	25.522	33.708	0.706	1.517	0.659	0.895
246	25	25.200	9.032	4	40	22.971	3722	727	8	7	7.379	4.314	32.456	0.595	1.710	0.585	0.667
247	384	26.604	13.495	1	71	102.083	3804	727	40	20	40.422	12.096	158.902	0.463	3.342	0.299	0.760
248	33	15.333	7.753	1	32	32.385	1319	728	12	6	10.533	3.989	166.498	0.395	2.641	0.379	0.623
249	188	77.649	24.862	11	133	54.184	2930	730	18	16	17.059	14.032	142.129	0.805	1.216	0.823	0.870
250	740	36.628	18.537	1	85	114.125	3864	732	32	38	33.702	27.957	93.287	0.714	1.205	0.830	0.875
251	3493	35.967	20.696	0	112	287.120	1978	733	100	67	86.764	51.259	9.281	0.532	1.693	0.591	0.852
252	694	47.151	25.705	3	112	117.054	2165	735	39	28	38.361	23.035	20.594	0.636	1.665	0.600	0.874
253	1168	55.283	32.025	1	152	168.853	1605	741	40	50	48.243	30.826	77.922	0.515	1.565	0.639	0.799
254	164	19.354	9.246	2	51	63.598	1451	742	22	13	20.964	9.960	15.288	0.510	2.105	0.475	0.774
255	25	28.480	11.336	5	44	18.971	3432	744	7	6	6.252	5.091	8.273	0.873	1.228	0.814	0.769
256	905	18.150	9.146	0	61	158.510	1904	751	33	44	40.883	28.185	102.115	0.453	1.451	0.689	0.838
257	229	47.328	21.537	3	101	59.698	3907	752	19	17	18.203	16.018	31.309	0.807	1.136	0.880	0.877
258	167	29.317	11.471	5	69	53.113	3128	758	17	16	15.615	13.617	158.149	0.744	1.147	0.872	0.829
259	78	23.641	11.228	4	48	36.870	310	765	11	11	10.217	9.721	162.888	0.721	1.051	0.951	0.808
260	2103	32.768	16.087	1	98	199.622	1249	765	55	55	55.022	48.664	53.976	0.663	1.131	0.884	0.915
261	201	16.164	8.079	1	39	67.355	2420	765	20	17	17.678	14.477	45.819	0.557	1.221	0.819	0.806
262	9173	34.340	24.621	0	148	499.671	2820	766	142	98	133.765	87.313	20.738	0.462	1.532	0.653	0.877
263	184	36.630	16.822	2	76	63.598	3413	767	22	16	18.296	12.805	24.097	0.572	1.429	0.700	0.749
264	31	43.323	18.684	0	74	20.728	3450	768	7	6	6.694	5.896	11.351	0.907	1.135	0.881	0.861
265	669	49.221	31.339	1	112	100.225	3668	768	34	27	32.423	26.271	174.529	0.837	1.234	0.810	0.926
266	3689	36.870	20.771	0	114	330.676	1302	770	103	60	94.107	49.911	11.613	0.424	1.886	0.530	0.828
267	41	15.415	7.752	2	38	39.456	241	779	12	11	11.571	4.511	141.982	0.331	2.565	0.390	0.539
268	190	72.621	26.314	5	124	56.527	1638	779	17	17	16.594	14.579	71.245	0.747	1.138	0.879	0.856
269	129	43.465	15.511	4	80	46.042	548	788	16	11	15.268	10.758	165.788	0.765	1.419	0.705	0.878
270	471	31.463	14.284	1	78	99.983	1489	791	27	28	28.202	21.264	138.981	0.592	1.326	0.754	0.834
271	171	21.275	9.191	2	41	63.598	2582	792	16	19	16.677	13.055	82.760	0.531	1.277	0.783	0.786
272	54	28.481	11.050	5	51	31.799	733	793	10	10	10.772	6.382	56.641	0.671	1.688	0.592	0.788
273	185	41.324	14.858	3	77	53.113	3876	793	18	15	17.078	13.793	169.530	0.824	1.238	0.808	0.879
274	66	19.864	8.361	1	38	46.284	2199	802	12	11	9.759	8.611	137.283	0.387	1.133	0.882	0.626
275	1471	18.264	9.134	0	51	197.966	2649	812	47	55	53.878	34.763	129.081	0.472	1.550	0.645	0.857
276	3501	28.903	14.813	0	78	337.647	543	814	85	93	95.064	46.891	129.665	0.386	2.027	0.493	0.776
277	228	48.184	21.588	3	107	66.184	1713	816	24	17	25.480	11.393	23.412	0.654	2.236	0.447	0.823
278	51	25.431	11.505	2	51	28.385	2193	823	10	8	8.862	7.328	7.044	0.795	1.209	0.827	0.829
279	590	49.610	29.008	4	134	140.610	823	824	33	43	43.722	17.181	63.262	0.375	2.545	0.393	0.687
280	332	40.422	20.118	2	100	88.426	3846	827	37	16	32.884	12.855	8.828	0.534	2.558	0.391	0.827
281	635	37.983	16.809	4	86	143.196	216	834	50	27	40.408	20.009	171.852	0.389	2.020	0.495	0.706
282	222	31.441	13.298	1	71	75.154	1187	834	23	24	28.436	9.940	45.366	0.494	2.861	0.350	0.762
283	2265	38.493	19.950	1	97	249.179	3546	836	75	48	72.006	40.050	161.923	0.458	1.798	0.556	0.815
284	1261	28.335	12.015	0	68	187.966	2166	843	42	54	55.976	28.683	119.358	0.449	1.952	0.512	0.818
285	93	23.301	10.521	1	51	41.698	3084	844	16	11	16.808	7.045	23.548	0.672	2.386	0.419	0.816
286	888	34.604	14.109	1	73	130.024	2944	850	35	39	36.635	30.862	48.420	0.660	1.187	0.842	0.877
287	460	63.004	25.171	2	130	87.255	1322	854	28	22	30.616	19.130	22.204	0.759	1.600	0.625	0.915
288	32	38.219	10.889	20	54	21.899	1524	856	7	6	7.736	5.266	157.086	0.838	1.469	0.681	0.889
289	318	39.022	15.120	6	74	82.669	645	860	32	15	31.926	12.682	9.408	0.585	2.517	0.397	0.854
290	391	28.877	13.195	2	65	93.740	157	868	33	19	31.948	15.583	3.021	0.559	2.050	0.488	0.808
291	131	58.840	20.454	15	96	46.385	3985	873	14	13	14.209	11.739	1.604	0.765	1.210	0.826	0.888
292	298	13.198	6.336	1	31	138.267	3905	874	20	32	27.216	13.941	99.042	0.196	1.952	0.512	0.644
293	83	57.940	17.537	6	91	36.042	369	875	12	11	12.505	8.451	41.498	0.803	1.480	0.676	0.834
294	36	32.833	12.131	9	56	22.142	3724	881	7	7	7.277	6.299	2.460	0.923	1.155	0.866	0.857
295	2249	42.539	23.445	0	134	207.723	1567	884	64	57	57.249	50.019	177.879	0.655	1.145	0.874	0.887
296	5165	27.048	14.172	0	86	364.132	2469	897	119	82	117.930	55.764	149.714	0.490	2.115	0.473	0.860
297	26	37.577	15.090	1	69	19.314	3806	899	7	5	6.631	4.993	19.890	0.876	1.328	0.753	0.867
298	16	23.312	7.931	3	40	15.899	312	900	6	4	6.300	3.234	13.537	0.795	1.948	0.513	0.821
299	38	49.421	17.574	11	82	23.899	2810	903	6	8	8.563	5.650	93.356	0.836	1.516	0.660	0.894
300	68	19.750	9.322	2	46	31.799	784	906	11	9	10.102	8.570	178.275	0.845	1.179	0.848	0.877
301	49	32.857	13.337	6	60	29.213	2171	910	10	9	10.767	5.795	42.564	0.722	1.858	0.538	0.784
302	78	33.833	10.460	10	62	35.799	939	912	14	8	13.406	7.408	10.466	0.765	1.810	0.553	0.857
303	25	29.080	12.926	8	57	19.314	15	913	7	5	7.662	4.154	16.146	0.842	1.844	0.542	0.847
304	41	37.146	14.717	9	63	24.385	704	915	8	8	8.491	6.148	143.146	0.866	1.381	0.724	0.812
305	88	34.023	13.526	5	67	35.456	1769	920	13	10	12.423	9.019	12.348	0.880	1.377	0.726	0.859
306	188	55.702	16.561	11	90	57.941	903	925	20	15	17.990	13.306	165.696	0.704	1.352	0.740	0.836
307	27	24.037	9.689	5	41	21.314	2778	930	8	5	7.686	4.473	25.613	0.747	1.718	0.582	0.818
308	195	43.231	18.760	0	91	66.770	699	937	26	12	24.044	10.326	1.297	0.550	2.328	0.429	0.811
309	70	21.000	10.318	3	46	48.527	2134	938	17	14	19.215	4.638	42.312	0.374	4.142	0.241	0.683
310	447	53.868	23.410	4	115	95.154	634	942	34	21	32.602	17.457	13.799	0.620	1.868	0.535	0.847
311	133	24.233	11.166	4	49	47.213	182	945	16	12	14.945	11.331	175.889	0.750	1.319	0.758	0.861
312	93	45.914	13.725	4	84	37.213	1282	949	12	11	13.959	8.483	33.919	0.844	1.646	0.608	0.886
313	18	18.167	6.042	5	32	15.314	3317	953	6	4	6.118	3.746	164.489	0.965	1.633	0.612	0.857
314	858	27.689	12.896	1	82	144.125	3472	954	49	29	44.939	24.309	10.347	0.519	1.849	0.541	0.822
315	42	42.571	15.771	5	71	26.385	1439	955	9	8	8.763	6.103	27.910	0.758	1.436	0.696	0.778
316	2002	39.086	23.123	0	116	307.262	1027	957	74	58	68.036	37.466	152.012	0.266	1.816	0.551	0.690
317	756	36.532	18.298	0	96	171.238	1853	960	29	49	43.894	21.930	97.178	0.324	2.002	0.500	0.704
318	31	20.968	9.656	1	50	25.556	2111	961	10	5	9.915	3.981	18.113	0.596	2.491	0.402	0.765
319	148	45.872	17.271	5	87	49.698	1	964	17	13	16.929	11.131	14.156	0.753	1.521	0.658	0.860
320	18	25.056	10.067	2	42	15.899	2954	966	6	4	6.248	3.668	155.143	0.895	1.703	0.587	0.878
321	34	42.176	12.278	11	61	22.142	3583	966	8	6	7.744	5.590	2.437	0.871	1.385	0.722	0.840
322	5845	27.980	13.966	0	84	461.529	566	972	114	109	95.519	77.912	153.417	0.345	1.226	0.816	0.766
323	25	30.800	10.058	12	48	18.728	3184	973	7	5	7.194	4.425	177.119	0.896	1.626	0.615	0.833
324	421	49.409	20.874	1	108	83.497	3880	973	25	24	25.663	20.887	123.220	0.759	1.229	0.814	0.880
325	1754	26.402	14.189	0	76	195.238	444	975	62	40	58.186	38.381	175.355	0.578	1.516	0.660	0.897
326	54	36.037	11.305	15	58	27.799	2758	979	9	9	9.075	7.576	138.189	0.878	1.198	0.835	0.857
327	41	42.463	18.676	4	84	26.971	265	981	8	8	9.176	5.689	38.970	0.708	1.613	0.620	0.781
328	254	40.646	19.171	1	98	69.355	845	988	25	16	25.875	12.499	18.549	0.664	2.070	0.483	0.865
329	318	26.824	10.947	2	57	72.912	3295	988	21	24	21.946	18.449	91.356	0.752	1.190	0.841	0.870
330	370	24.800	11.773	1	55	91.740	3938	992	31	18	29.283	16.088	174.483	0.552	1.820	0.549	0.807
331	132	21.227	9.579	1	44	66.184	545	996	15	17	15.692	10.710	119.834	0.379	1.465	0.683	0.650
332	1026	36.236	18.009	1	95	182.551	3838	996	44	57	49.221	26.540	117.932	0.387	1.855	0.539	0.709
333	60	50.433	14.105	5	75	29.799	1227	997	10	9	9.368	8.155	142.455	0.849	1.149	0.871	0.876
334	4022	29.512	13.096	0	76	323.706	2107	999	96	69	87.115	58.784	162.014	0.482	1.482	0.675	0.870
335	606	49.111	25.920	1	114	99.154	2661	1003	33	27	32.681	23.609	166.927	0.775	1.384	0.722	0.898
336	5842	41.430	23.774	1	126	442.759	3652	1005	100	105	109.287	68.062	126.366	0.374	1.606	0.623	0.767
337	196	34.112	16.766	1	78	86.326	1625	1009	24	23	25.705	9.708	46.681	0.331	2.648	0.378	0.587
338	29	14.000	6.964	4	25	22.971	288	1016	6	8	6.894	5.356	69.220	0.691	1.287	0.777	0.753
339	1609	49.917	29.961	0	150	277.321	127	1025	81	49	73.177	27.996	159.205	0.263	2.614	0.383	0.617
340	99	34.343	11.733	8	62	38.627	1200	1026	14	10	12.685	9.937	5.601	0.834	1.276	0.783	0.876
341	75	61.760	13.954	15	86	32.385	2708	1029	11	9	11.061	8.633	8.579	0.899	1.281	0.781	0.893
342	70	39.614	17.328	4	80	35.799	2623	1031	14	8	13.874	6.424	22.724	0.686	2.160	0.463	0.854
343	21	29.286	11.795	13	58	16.485	3994	1033	5	5	5.931	4.508	135.000	0.971	1.316	0.760	0.913
344	56	25.571	10.696	4	47	31.213	2478	1049	11	9	10.197	6.992	141.819	0.722	1.458	0.686	0.772
345	78	14.987	7.163	3	32	51.113	2936	1051	12	13	12.039	8.249	58.544	0.375	1.459	0.685	0.612
346	563	84.098	33.870	5	154	102.569	2502	1057	40	20	39.407	18.191	175.433	0.672	2.166	0.462	0.891
347	18	20.833	8.979	7	42	18.728	337	1059	8	4	6.996	3.276	22.812	0.645	2.136	0.468	0.766
348	2579	40.804	24.091	0	133	280.836	2965	1059	100	48	85.060	38.604	7.157	0.411	2.203	0.454	0.795
349	35	53.400	13.784	21	82	22.971	3173	1060	8	7	7.988	5.579	137.535	0.834	1.432	0.698	0.824
350	204	37.294	15.330	2	71	61.113	436	1061	16	19	17.917	14.497	72.540	0.686	1.236	0.809	0.863
351	84	42.452	14.178	5	69	37.456	355	1071	14	10	11.807	9.058	0.910	0.752	1.303	0.767	0.816
352	1878	30.157	12.081	0	69	229.522	2343	1083	59	56	51.694	46.256	106.017	0.448	1.118	0.895	0.817
353	1381	40.104	18.316	2	103	192.309	2714	1083	60	43	59.593	29.506	19.144	0.469	2.020	0.495	0.807
354	1895	16.883	9.299	0	52	219.279	575	1084	59	52	51.798	46.581	16.971	0.495	1.112	0.899	0.876
355	166	32.247	14.797	3	68	55.355	2292	1084	19	14	16.819	12.567	178.395	0.681	1.338	0.747	0.828
356	31	35.194	9.130	19	53	21.556	2264	1086	7	7	6.686	5.903	82.325	0.838	1.133	0.883	0.795
357	192	59.901	22.378	8	106	55.456	3427	1088	16	16	16.616	14.713	42.093	0.785	1.129	0.885	0.897
358	365	34.710	15.088	2	76	89.740	2791	1089	34	20	28.941	16.058	21.629	0.570	1.802	0.555	0.799
359	512	34.668	14.161	3	78	97.397	1658	1090	32	23	30.217	21.574	11.003	0.678	1.401	0.714	0.882
360	43	20.233	9.352	1	39	26.385	904	1091	9	7	8.766	6.245	167.273	0.776	1.404	0.712	0.819
361	121	39.008	19.388	4	84	42.627	1922	1091	13	13	13.512	11.402	32.570	0.837	1.185	0.844	0.886
362	216	31.204	11.799	2	64	56.184	1769	1094	19	16	18.391	14.954	177.895	0.860	1.230	0.813	0.893
363	390	46.856	20.833	2	104	103.154	3907	1096	37	17	33.549	14.801	9.987	0.461	2.267	0.441	0.762
364	29	25.655	11.396	5	53	22.728	858	1101	8	6	8.150	4.530	10.268	0.705	1.799	0.556	0.784
365	1209	41.615	20.922	0	105	163.338	2601	1101	55	35	58.488	26.319	162.871	0.569	2.222	0.450	0.842
366	365	17.395	7.650	0	43	106.225	166	1107	34	23	24.785	18.751	14.063	0.406	1.322	0.757	0.741
367	150	44.760	19.138	10	89	50.870	1383	1107	18	13	17.669	10.809	179.761	0.728	1.635	0.612	0.847
368	960	56.883	25.000	2	125	153.338	3421	1112	52	36	52.906	23.104	157.030	0.513	2.290	0.437	0.794
369	201	19.338	10.437	2	49	73.497	2880	1116	14	24	21.682	11.804	81.111	0.468	1.837	0.544	0.738
370	40	55.250	13.687	22	84	24.971	2689	1128	10	6	9.721	5.239	175.086	0.806	1.855	0.539	0.842
371	8791	34.876	22.427	0	127	511.571	2691	1133	115	127	112.113	99.837	104.524	0.422	1.123	0.891	0.830
372	36	40.361	11.874	14	72	24.142	265	1137	9	6	8.780	5.221	14.579	0.776	1.682	0.595	0.847
373	170	61.935	23.454	4	110	51.113	2678	1142	17	14	17.410	12.432	18.032	0.818	1.400	0.714	0.872
374	1186	36.315	21.065	1	105	154.610	3876	1143	52	35	47.235	31.969	165.511	0.623	1.478	0.677	0.875
375	70	12.714	6.153	0	28	65.012	1130	1146	18	10	13.495	6.605	177.355	0.208	2.043	0.489	0.524
376	285	57.498	25.831	4	114	70.083	1563	1148	19	25	25.228	14.384	118.196	0.729	1.754	0.570	0.873
377	31	24.290	10.422	5	52	22.142	2272	1154	6	8	8.256	4.781	106.717	0.795	1.727	0.579	0.816
378	395	48.392	17.634	2	92	108.225	1465	1165	41	21	37.715	13.335	163.610	0.424	2.828	0.354	0.740
379	2432	27.354	12.012	1	71	261.907	2595	1171	70	55	72.790	42.541	150.292	0.446	1.711	0.584	0.881
380	2198	51.107	38.923	0	147	202.752	3785	1174	51	64	61.272	45.675	75.019	0.672	1.341	0.745	0.883
381	35	30.343	11.958	7	49	21.556	2914	1179	7	7	7.663	5.815	58.079	0.947	1.318	0.759	0.864
382	730	19.562	9.220	0	48	141.439	2187	1182	32	34	31.452	29.552	63.810	0.459	1.064	0.940	0.813
383	36	27.139	12.907	2	58	25.556	3336	1183	9	7	8.873	5.166	41.498	0.693	1.718	0.582	0.774
384	19	25.632	10.018	6	41	20.971	1653	1187	8	5	6.388	3.787	171.591	0.543	1.687	0.593	0.623
385	546	46.104	20.954	0	125	105.983	2011	1188	36	25	34.018	20.436	169.788	0.611	1.665	0.601	0.838
386	4701	38.065	19.436	0	122	584.257	3839	1189	160	90	134.936	44.358	12.054	0.173	3.042	0.329	0.515
387	87	29.115	12.528	10	60	44.042	1505	1198	10	15	14.720	7.525	67.646	0.564	1.956	0.511	0.747
388	70	27.314	10.695	2	53	35.456	3512	1199	12	9	10.650	8.369	16.721	0.700	1.272	0.786	0.787
389	299	41.468	18.322	3	86	83.841	2518	1208	17	32	32.369	11.761	110.951	0.535	2.752	0.363	0.839
390	288	17.274	9.137	2	43	83.841	1989	1212	27	17	24.795	14.789	176.657	0.515	1.677	0.596	0.793
391	1233	50.489	22.782	2	128	193.480	3560	1218	58	51	67.996	23.088	31.502	0.414	2.945	0.340	0.731
392	206	51.049	18.055	11	97	58.184	3305	1223	18	19	22.398	11.710	130.182	0.765	1.913	0.523	0.877
393	1128	48.357	27.262	0	141	146.024	2809	1224	42	45	44.502	32.273	53.510	0.665	1.379	0.725	0.865
394	1433	29.679	12.716	0	72	202.108	79	1229	64	40	57.668	31.639	17.251	0.441	1.823	0.549	0.778
395	538	48.180	22.868	2	107	109.397	171	1231	39	22	35.258	19.428	171.348	0.565	1.815	0.551	0.819
396	2102	30.980	18.419	0	114	222.936	566	1234	67	52	66.093	40.494	153.799	0.531	1.632	0.613	0.857
397	18	21.722	10.824	3	42	16.728	1733	1234	6	5	6.460	3.548	21.006	0.808	1.821	0.549	0.766
398	153	16.765	8.683	1	42	54.284	823	1241	11	20	19.959	9.760	83.880	0.652	2.045	0.489	0.812
399	193	13.554	7.572	1	42	90.811	3433	1243	18	21	16.417	14.969	128.137	0.294	1.097	0.912	0.650
400	52	23.346	8.244	7	43	31.799	1569	1246	9	11	9.572	6.917	56.378	0.646	1.384	0.723	0.748
401	261	37.648	16.538	2	86	63.598	2457	1248	20	18	19.495	17.046	173.016	0.811	1.144	0.874	0.883
402	564	36.119	18.642	2	88	120.125	1927	1250	37	28	38.685	18.563	34.952	0.491	2.084	0.480	0.806
403	101	50.327	16.026	10	82	37.799	3070	1251	12	11	11.979	10.735	168.747	0.888	1.116	0.896	0.890
404	41	23.049	11.569	4	47	29.799	2677	1253	10	8	8.802	5.931	33.398	0.580	1.484	0.674	0.689
405	313	41.026	15.429	1	79	78.426	682	1259	25	20	26.894	14.819	32.837	0.639	1.815	0.551	0.849
406	1452	38.909	18.880	1	98	178.752	1053	1259	43	48	48.897	37.809	111.019	0.571	1.293	0.773	0.868
407	181	19.337	9.628	2	50	72.426	513	1263	20	19	19.696	11.701	128.726	0.434	1.683	0.594	0.700
408	5026	35.954	19.611	0	106	396.032	1689	1263	135	64	128.500	49.800	15.153	0.403	2.580	0.388	0.786
409	17	16.000	6.755	5	26	21.314	2205	1265	6	7	6.092	3.553	108.196	0.470	1.715	0.583	0.576
410	308	27.753	14.083	1	65	94.225	1356	1267	26	29	31.595	12.412	129.156	0.436	2.546	0.393	0.740
411	25	30.120	8.263	14	43	18.971	2038	1269	7	6	6.110	5.210	39.101	0.873	1.173	0.853	0.758
412	3281	33.014	17.132	1	105	360.333	805	1271	87	79	69.033	60.515	50.817	0.318	1.141	0.877	0.691
413	212	30.123	15.111	3	73	67.598	2759	1272	20	21	21.189	12.739	136.699	0.583	1.663	0.601	0.809
414	309	26.282	12.434	1	58	90.326	3145	1278	20	23	21.856	18.001	120.860	0.476	1.214	0.824	0.808
415	134	19.724	11.459	1	49	53.941	3326	1280	12	16	15.015	11.363	82.686	0.579	1.321	0.757	0.779
416	804	42.573	22.102	2	125	128.711	2298	1284	43	34	42.441	24.120	146.489	0.610	1.760	0.568	0.839
417	2157	24.206	12.339	1	64	217.037	1462	1288	59	56	52.976	51.842	7.651	0.575	1.022	0.979	0.886
418	764	37.660	18.412	2	96	125.439	721	1291	33	42	33.862	28.727	85.416	0.610	1.179	0.848	0.830
419	551	57.076	27.546	1	138	95.497	3732	1291	33	24	33.024	21.244	20.237	0.759	1.555	0.643	0.918
420	5443	37.967	20.796	0	127	366.333	3757	1292	111	78	105.905	65.438	175.182	0.510	1.618	0.618	0.884
421	123	26.366	13.022	0	61	44.284	2622	1293	15	12	15.179	10.318	20.559	0.788	1.471	0.680	0.857
422	104	51.683	17.636	11	79	44.284	48	1300	17	11	15.559	8.511	20.150	0.666	1.828	0.547	0.822
423	842	15.414	7.787	0	50	156.409	2535	1301	32	48	47.890	22.386	109.975	0.433	2.139	0.467	0.804
424	328	42.345	18.814	5	84	69.941	3020	1305	21	21	22.828	18.294	49.778	0.843	1.248	0.801	0.914
425	242	33.012	12.149	4	65	79.355	3896	1317	29	13	30.002	10.270	176.714	0.483	2.921	0.342	0.765
426	244	29.639	16.336	1	69	88.083	2960	1320	34	15	34.960	8.886	13.475	0.395	3.934	0.254	0.760
427	18	14.389	6.455	4	25	17.899	1452	1322	6	4	5.943	3.856	10.337	0.706	1.541	0.649	0.800
428	241	49.104	21.699	3	103	64.770	2686	1323	17	21	21.242	14.446	96.465	0.722	1.470	0.680	0.850
429	1145	30.556	12.358	2	74	155.924	1092	1325	38	48	45.172	32.273	117.614	0.592	1.400	0.714	0.866
430	1228	22.289	10.100	0	60	188.894	902	1327	55	40	48.278	32.386	158.394	0.432	1.491	0.671	0.791
431	108	34.556	11.079	4	59	40.870	2181	1327	14	12	14.789	9.298	28.174	0.812	1.590	0.629	0.861
432	51	37.000	10.307	12	54	30.042	3110	1331	11	9	9.841	6.598	13.718	0.710	1.491	0.670	0.761
433	886	23.819	10.851	0	57	149.681	731	1334	36	40	38.104	29.606	123.857	0.497	1.287	0.777	0.852
434	41	40.463	9.973	19	58	24.728	3105	1339	6	9	9.350	5.583	94.526	0.843	1.675	0.597	0.891
435	1717	25.109	11.007	1	64	210.693	3499	1339	47	57	54.384	40.198	77.229	0.486	1.353	0.739	0.847
436	1231	21.350	10.088	0	55	163.681	2848	1345	46	46	54.014	29.017	41.787	0.577	1.861	0.537	0.883
437	17	29.588	13.634	8	51	17.556	2991	1350	6	6	5.043	4.292	13.763	0.693	1.175	0.851	0.654
438	1948	47.408	22.740	0	124	251.907	2326	1352	85	45	75.265	32.954	169.554	0.386	2.284	0.438	0.726
439	3100	34.980	19.841	1	92	308.635	1	1355	82	67	73.238	53.893	6.646	0.409	1.359	0.736	0.764
440	91	36.945	13.306	7	67	37.799	2135	1356	11	11	10.877	10.652	60.290	0.800	1.021	0.979	0.867
441	5737	46.851	24.022	0	141	571.370	2488	1365	102	115	101.287	72.117	97.328	0.221	1.404	0.712	0.696
442	161	17.012	9.017	1	48	57.355	2902	1365	16	16	16.437	12.471	37.057	0.615	1.318	0.759	0.797
443	590	53.453	25.397	2	144	135.439	3213	1366	35	32	29.970	25.066	2.811	0.404	1.196	0.836	0.720
444	1813	45.412	21.678	1	130	221.865	110	1367	57	49	53.410	43.220	153.880	0.463	1.236	0.809	0.790
445	1433	28.480	15.861	0	96	198.693	3251	1375	65	43	62.683	29.107	26.272	0.456	2.154	0.464	0.824
446	93	37.237	12.738	9	68	38.870	794	1377	12	13	13.467	8.793	121.630	0.774	1.532	0.653	0.823
447	16	12.312	5.618	3	22	20.971	398	1387	7	7	8.036	2.535	136.405	0.457	3.170	0.315	0.533
448	3608	35.790	17.029	0	89	291.706	882	1387	83	76	80.600	56.995	38.024	0.533	1.414	0.707	0.831
449	3954	41.520	24.411	0	131	309.362	631	1392	76	89	87.860	57.300	106.204	0.519	1.533	0.652	0.807
450	40	25.900	10.527	4	47	35.213	1560	1408	10	8	9.218	5.525	24.561	0.405	1.668	0.599	0.696
451	64	24.828	11.718	2	58	31.213	3618	1408	11	9	10.556	7.720	28.917	0.825	1.367	0.731	0.831
452	326	72.528	26.392	4	131	74.426	2438	1410	27	18	25.359	16.368	177.678	0.740	1.549	0.645	0.882
453	1029	23.576	10.386	0	60	154.752	2665	1411	49	33	47.551	27.553	6.193	0.540	1.726	0.579	0.854
454	642	26.864	12.424	2	76	122.711	3334	1418	31	40	36.249	22.550	75.458	0.536	1.607	0.622	0.796
455	2480	28.102	14.018	1	74	234.936	1372	1420	70	56	64.771	48.751	20.239	0.565	1.329	0.753	0.886
456	27	27.148	10.436	7	47	23.899	2419	1423	10	4	9.630	3.570	12.641	0.594	2.697	0.371	0.806
457	113	20.027	12.909	2	63	57.698	3834	1427	15	14	14.354	10.023	148.428	0.427	1.432	0.698	0.667
458	320	44.784	15.840	8	83	79.740	2323	1430	25	23	22.832	17.845	23.433	0.632	1.279	0.782	0.824
459	16	10.875	5.898	2	26	21.556	737	1431	7	6	6.433	3.167	29.882	0.433	2.031	0.492	0.552
460	506	44.626	20.713	0	114	116.811	2939	1431	45	21	42.506	15.157	175.783	0.466	2.804	0.357	0.761
461	3188	38.192	20.468	0	111	261.563	3491	1441	78	76	88.154	46.045	130.430	0.586	1.915	0.522	0.879
462	55	20.745	8.889	6	50	31.799	3293	1444	8	11	10.973	6.382	62.338	0.684	1.720	0.582	0.797
463	592	15.992	7.887	0	46	120.953	117	1454	36	26	32.264	23.362	11.943	0.509	1.381	0.724	0.821
464	518	23.444	10.338	1	63	127.782	3751	1455	22	40	38.492	17.134	86.596	0.399	2.246	0.445	0.785
465	29	15.586	5.415	5	26	20.142	2460	1459	7	6	6.777	5.448	163.036	0.898	1.244	0.804	0.829
466	1195	36.836	13.878	2	78	149.095	2010	1463	46	39	42.727	35.610	22.723	0.676	1.200	0.833	0.888
467	131	40.191	19.037	2	83	47.698	326	1472	17	13	17.358	9.609	35.088	0.724	1.806	0.554	0.826
468	27	41.630	17.910	7	78	21.556	3390	1482	9	5	8.007	4.294	172.102	0.730	1.865	0.536	0.794
469	187	55.877	19.719	5	102	72.083	392	1483	28	13	28.277	8.420	168.748	0.452	3.358	0.298	0.738
470	1078	28.780	13.873	0	75	150.510	1290	1486	48	38	47.872	28.671	31.600	0.598	1.670	0.599	0.881
471	3303	33.381	15.649	1	88	299.948	2439	1489	81	68	81.598	51.539	155.995	0.461	1.583	0.632	0.844
472	880	50.711	23.868	2	119	131.054	881	1490	37	34	36.123	31.017	38.599	0.644	1.165	0.859	0.860
473	104	24.106	11.275	2	56	55.698	1200	1492	20	11	19.429	6.815	10.167	0.421	2.851	0.351	0.710
474	519	28.867	10.439	4	56	103.397	2999	1493	31	25	27.580	23.960	173.829	0.610	1.151	0.869	0.847
475	18	32.778	14.002	4	59	15.556	483	1494	6	5	5.334	4.297	169.146	0.935	1.241	0.806	0.766
476	71	39.901	16.438	4	70	34.971	2209	1499	7	13	13.649	6.623	94.380	0.730	2.061	0.485	0.871
477	23	23.348	11.649	4	45	23.314	260	1500	9	5	6.598	4.439	179.562	0.532	1.486	0.673	0.708
478	753	15.742	8.572	0	46	190.309	1108	1506	52	28	47.717	20.093	13.718	0.261	2.375	0.421	0.699
479	99	33.596	10.947	10	66	38.627	1667	1513	12	12	12.154	10.371	128.208	0.834	1.172	0.853	0.850
480	877	43.198	21.388	1	99	128.125	3688	1514	40	32	39.626	28.179	17.810	0.671	1.406	0.711	0.866
481	1942	23.338	11.351	0	69	218.794	3583	1517	67	47	64.126	38.559	11.674	0.510	1.663	0.601	0.810
482	347	56.069	30.158	0	126	69.941	3375	1523	22	20	22.471	19.661	177.451	0.891	1.143	0.875	0.934
483	3952	29.602	14.304	0	87	322.919	1341	1534	96	61	94.663	53.155	5.454	0.476	1.781	0.562	0.882
484	292	63.873	23.245	12	133	69.355	2254	1537	23	18	23.274	15.974	161.714	0.763	1.457	0.686	0.884
485	2000	56.798	32.182	0	139	191.622	2614	1540	57	53	55.305	46.044	144.358	0.684	1.201	0.833	0.896
486	2442	26.864	12.029	0	65	256.978	3037	1540	69	66	59.524	52.235	48.530	0.465	1.140	0.878	0.781
487	18	18.111	5.645	11	29	17.314	2439	1542	6	5	5.929	3.866	153.293	0.755	1.534	0.652	0.766
488	1934	27.786	11.971	0	64	194.066	443	1547	52	54	54.709	45.010	131.647	0.645	1.215	0.823	0.904
489	543	55.923	23.421	3	110	105.296	3647	1554	36	30	39.412	17.542	144.498	0.615	2.247	0.445	0.830
490	22	22.273	8.102	8	38	18.142	954	1556	7	5	6.540	4.283	153.095	0.840	1.527	0.655	0.786
491	373	33.016	14.206	3	74	86.326	2814	1558	23	28	25.698	18.481	117.441	0.629	1.391	0.719	0.843
492	648	17.648	9.756	0	58	131.439	987	1559	33	31	31.005	26.611	145.234	0.471	1.165	0.858	0.838
493	218	54.225	25.560	2	120	65.012	1023	1562	16	21	20.562	13.499	98.047	0.648	1.523	0.657	0.810
494	489	58.904	31.626	1	130	93.397	1277	1562	34	25	34.156	18.229	26.863	0.704	1.874	0.534	0.890
495	101	58.713	16.379	3	95	39.213	2025	1563	12	11	12.312	10.445	5.816	0.825	1.179	0.848	0.874
496	133	49.617	18.467	4	84	45.698	3820	1564	16	13	14.664	11.548	172.927	0.800	1.270	0.787	0.844
497	107	49.794	12.616	13	84	44.870	1856	1567	17	11	16.981	8.023	20.234	0.668	2.117	0.472	0.814
498	22	36.545	9.430	20	53	21.314	3116	1570	9	4	8.684	3.226	174.355	0.609	2.692	0.371	0.772
499	2703	29.520	14.870	0	88	367.061	696	1577	108	65	97.454	35.315	16.489	0.252	2.760	0.362	0.604
500	2080	35.859	15.749	0	89	277.463	223	1579	65	69	59.148	44.775	62.382	0.340	1.321	0.757	0.701
501	20	28.550	11.673	9	51	18.728	2870	1579	7	5	6.533	3.898	5.379	0.717	1.676	0.597	0.755
502	173	47.237	18.165	4	92	55.355	2672	1581	19	15	20.035	10.994	145.861	0.709	1.822	0.549	0.844
503	63	15.873	9.248	2	38	31.556	183	1584	11	8	10.432	7.690	171.225	0.795	1.357	0.737	0.846
504	24	10.125	7.110	0	26	26.385	2359	1584	8	7	7.138	4.281	138.809	0.433	1.667	0.600	0.585
505	52	52.654	14.811	10	86	28.385	1908	1585	11	7	10.823	6.118	9.865	0.811	1.769	0.565	0.825
506	19	14.526	8.475	2	32	24.142	1117	1587	10	5	7.560	3.200	160.930	0.410	2.363	0.423	0.585
507	28	17.429	8.221	4	37	23.556	869	1594	10	5	8.416	4.236	2.336	0.634	1.987	0.503	0.747
508	251	53.462	23.022	4	108	63.113	3391	1594	22	16	21.904	14.590	157.191	0.792	1.501	0.666	0.888
509	1480	40.761	16.812	2	91	164.995	2341	1598	39	54	50.859	37.052	87.551	0.683	1.373	0.729	0.908
510	2117	37.278	29.044	0	110	192.752	2514	1598	52	55	53.773	50.127	61.733	0.716	1.073	0.932	0.921
511	281	56.858	21.368	3	106	63.698	1006	1599	18	20	20.818	17.186	94.950	0.870	1.211	0.826	0.923
512	72	43.403	13.329	10	70	33.799	948	1602	13	8	11.695	7.839	7.432	0.792	1.492	0.670	0.867
513	297	37.710	17.143	2	76	90.225	2700	1604	29	24	34.555	10.944	139.894	0.458	3.157	0.317	0.753
514	1921	34.617	18.762	1	92	205.137	298	1607	68	43	66.018	37.049	170.011	0.574	1.782	0.561	0.873
515	46	43.957	15.070	7	68	26.142	3712	1608	10	6	10.009	5.852	166.719	0.846	1.711	0.585	0.876
516	1133	30.130	18.349	1	88	177.238	2801	1612	69	34	63.040	22.884	18.058	0.453	2.755	0.363	0.777
517	22	29.227	9.180	14	45	19.314	3860	1612	6	6	6.200	4.518	11.340	0.741	1.372	0.729	0.759
518	869	52.258	25.302	2	128	152.853	496	1617	60	24	56.279	19.660	175.335	0.467	2.863	0.349	0.845
519	240	40.692	14.646	6	84	62.770	3257	1620	21	17	19.288	15.843	19.297	0.765	1.217	0.821	0.850
520	2744	41.886	24.575	0	147	280.434	3807	1623	79	76	73.429	47.580	136.209	0.438	1.543	0.648	0.742
521	3904	22.522	10.740	0	67	352.818	1951	1632	95	89	104.333	47.643	142.587	0.394	2.190	0.457	0.746
522	158	16.361	8.079	1	37	55.941	2920	1632	18	15	18.389	10.940	145.508	0.634	1.681	0.595	0.817
523	1726	31.564	14.096	0	78	185.238	2966	1633	60	37	60.942	36.060	178.282	0.632	1.690	0.592	0.908
524	35	38.429	12.540	8	62	22.971	2886	1636	9	6	9.376	4.753	154.940	0.834	1.973	0.507	0.843
525	800	37.477	17.951	1	84	123.054	2099	1637	43	25	42.817	23.790	1.242	0.664	1.800	0.556	0.894
526	456	43.250	16.233	5	87	88.326	175	1638	30	21	28.464	20.398	2.842	0.735	1.395	0.717	0.891
527	1633	39.008	22.027	0	104	181.823	1345	1638	50	46	48.024	43.295	14.713	0.621	1.109	0.902	0.892
528	106	46.038	16.279	5	86	42.870	2661	1638	12	15	12.397	10.886	73.154	0.725	1.139	0.878	0.825
529	598	25.356	13.392	1	68	119.539	2690	1640	30	33	34.129	22.309	131.957	0.526	1.530	0.654	0.817
530	144	23.896	10.144	2	46	54.527	2910	1651	17	14	16.965	10.807	161.216	0.609	1.570	0.637	0.778
531	343	50.087	20.943	8	104	74.426	255	1656	22	24	26.365	16.564	56.362	0.778	1.592	0.628	0.896
532	37	17.054	9.658	2	37	26.728	2173	1668	5	11	11.100	4.244	100.366	0.651	2.615	0.382	0.804
533	274	18.109	9.051	0	48	100.569	2361	1669	26	20	22.250	15.679	163.842	0.340	1.419	0.705	0.670
534	800	26.387	10.899	1	70	129.439	2398	1671	39	34	32.786	31.068	163.356	0.600	1.055	0.948	0.846
535	204	38.922	12.822	5	71	58.770	22	1676	16	18	16.690	15.562	58.773	0.742	1.072	0.932	0.859
536	590	19.563	9.867	1	49	106.225	2584	1678	28	33	34.115	22.020	118.299	0.657	1.549	0.645	0.868
537	79	24.392	10.851	4	52	39.799	44	1680	12	9	12.248	8.212	178.847	0.627	1.492	0.670	0.823
538	60	45.333	15.856	12	79	31.213	2722	1691	11	9	10.147	7.529	164.986	0.774	1.348	0.742	0.816
539	432	46.995	19.862	1	97	89.497	2936	1691	32	21	28.719	19.153	177.881	0.678	1.499	0.667	0.874
540	330	43.200	19.127	2	87	84.669	283	1696	32	17	33.185	12.661	162.328	0.578	2.621	0.382	0.847
541	2388	39.524	19.849	1	112	250.392	3476	1701	62	71	61.698	49.280	95.102	0.479	1.252	0.799	0.810
542	1788	25.551	10.573	0	66	192.894	1421	1702	47	53	51.351	44.333	109.885	0.604	1.158	0.863	0.906
543	8158	30.439	17.908	0	108	557.955	637	1704	168	87	162.327	63.989	10.286	0.329	2.537	0.394	0.767
544	53	41.491	15.462	16	76	31.799	3075	1709	12	6	12.449	5.421	8.878	0.659	2.297	0.435	0.815
545	817	56.477	38.935	0	135	110.811	1130	1718	34	34	38.725	26.862	133.234	0.836	1.442	0.694	0.938
546	1075	31.961	13.495	1	67	147.782	3930	1721	38	40	38.922	35.166	42.733	0.619	1.107	0.903	0.891
547	292	53.822	16.912	5	99	69.598	2917	1722	23	19	22.308	16.666	20.600	0.758	1.338	0.747	0.874
548	143	15.175	8.941	1	39	59.941	2857	1725	19	13	16.244	11.208	8.938	0.500	1.449	0.690	0.743
549	2830	39.724	23.298	0	117	296.250	1858	1730	70	68	71.854	50.147	147.095	0.405	1.433	0.698	0.801
550	217	14.613	7.092	1	39	76.083	913	1734	17	22	20.733	13.326	67.264	0.471	1.556	0.643	0.748
551	3169	45.102	28.222	0	141	321.990	2356	1734	86	81	73.954	54.559	161.878	0.384	1.355	0.738	0.745
552	368	13.734	7.295	0	51	119.640	2062	1735	32	23	24.426	19.183	9.331	0.323	1.273	0.785	0.696
553	1406	33.317	18.469	0	93	195.865	122	1736	47	50	53.282	33.598	49.489	0.461	1.586	0.631	0.845
554	73	46.644	12.828	24	70	32.627	1552	1746	12	9	12.098	7.683	11.732	0.862	1.575	0.635	0.864
555	346	52.991	22.662	4	123	77.598	3977	1753	22	22	21.852	20.160	177.632	0.722	1.084	0.923	0.870
556	170	59.900	18.552	4	102	52.527	1037	1763	18	14	19.434	11.138	23.825	0.774	1.745	0.573	0.870
557	55	31.236	13.458	3	63	35.213	2500	1765	15	7	13.922	5.030	171.909	0.557	2.768	0.361	0.753
558	926	38.111	18.179	2	100	140.024	2580	1765	32	49	44.375	26.570	92.125	0.593	1.670	0.599	0.838
559	27	13.185	7.000	1	28	29.456	1683	1766	10	9	9.326	3.686	37.416	0.391	2.530	0.395	0.500
560	236	61.407	19.983	11	113	62.184	2455	1767	22	16	20.761	14.473	172.527	0.767	1.434	0.697	0.881
561	306	43.392	18.043	4	93	74.426	1253	1777	26	18	24.083	16.178	3.136	0.694	1.489	0.672	0.860
562	16	22.562	9.750	8	41	16.728	2706	1781	5	6	5.806	3.509	137.297	0.719	1.655	0.604	0.727
563	1096	32.095	13.857	0	72	145.924	2086	1785	47	37	42.001	33.225	168.140	0.647	1.264	0.791	0.875
564	70	19.443	8.615	1	41	42.042	3959	1786	12	13	12.946	6.884	136.783	0.498	1.881	0.532	0.676
565	18	28.278	15.863	3	53	17.314	3084	1790	7	4	6.197	3.698	24.699	0.755	1.676	0.597	0.818
566	265	33.170	13.813	3	77	79.255	2271	1793	24	23	23.180	14.556	117.870	0.530	1.592	0.628	0.746
567	26	35.154	14.019	8	62	20.728	824	1800	8	5	7.143	4.634	9.474	0.760	1.541	0.649	0.812
568	188	21.016	9.207	2	45	56.770	3661	1803	18	17	16.487	14.519	108.665	0.733	1.136	0.881	0.826
569	40	32.750	13.598	8	64	25.556	3932	1805	8	8	7.428	6.856	45.421	0.770	1.083	0.923	0.792
570	197	13.832	7.189	0	39	77.740	2154	1808	20	20	17.898	14.014	132.771	0.410	1.277	0.783	0.716
571	41	31.659	12.501	8	62	24.385	2720	1817	8	8	7.570	6.896	47.673	0.866	1.098	0.911	0.828
572	56	18.125	9.400	1	43	32.971	2275	1819	9	9	9.449	7.546	94.933	0.647	1.252	0.799	0.767
573	47	15.617	7.600	1	32	29.213	3945	1820	11	8	11.683	5.122	152.845	0.692	2.281	0.438	0.803
574	923	19.153	9.545	1	53	153.095	1359	1821	41	35	38.648	30.408	161.783	0.495	1.271	0.787	0.844
575	1406	50.754	23.099	2	124	173.338	3674	1824	58	39	57.350	31.215	169.493	0.588	1.837	0.544	0.843
576	3607	40.328	21.312	0	109	383.889	1598	1825	68	118	117.404	39.118	76.732	0.308	3.001	0.333	0.634
577	19	21.000	7.817	8	38	18.971	2554	1827	7	5	5.816	4.160	165.179	0.663	1.398	0.715	0.691
578	24	38.042	12.547	7	56	17.899	875	1838	7	4	7.078	4.317	6.343	0.941	1.639	0.610	0.941
579	4237	27.456	16.286	0	92	422.902	1746	1846	140	58	134.130	40.220	170.841	0.298	3.335	0.300	0.781
580	57	28.895	11.692	6	56	33.213	915	1847	13	7	12.646	5.739	168.186	0.649	2.204	0.454	0.792
581	246	24.508	10.934	0	57	76.083	975	1849	24	17	21.744	14.405	174.740	0.534	1.509	0.662	0.800
582	3575	38.597	19.818	0	115	276.492	754	1851	94	58	93.198	48.840	15.463	0.588	1.908	0.524	0.903
583	1652	33.442	16.569	0	97	201.723	3561	1851	55	53	47.195	44.568	108.208	0.510	1.059	0.944	0.828
584	162	37.296	14.862	2	68	56.870	3875	1852	18	14	18.271	11.289	4.703	0.629	1.618	0.618	0.804
585	316	55.101	22.139	2	118	82.326	550	1858	30	21	31.349	12.834	148.696	0.586	2.443	0.409	0.821
586	16	12.062	6.816	4	25	22.142	2078	1865	8	6	7.524	2.708	149.832	0.410	2.779	0.360	0.525
587	131	28.687	12.457	1	57	44.284	1526	1868	14	14	13.601	12.263	156.309	0.839	1.109	0.902	0.859
588	655	22.889	10.972	1	64	145.095	3377	1868	26	44	42.307	19.712	92.271	0.391	2.146	0.466	0.739
589	79	34.089	12.710	6	63	35.799	855	1871	10	12	11.176	9.000	113.846	0.775	1.242	0.805	0.836
590	102	40.480	24.426	3	93	37.456	1213	1873	13	11	13.095	9.917	21.349	0.914	1.320	0.757	0.895
591	1666	47.104	22.114	1	122	197.723	3771	1873	48	60	59.421	35.698	114.731	0.536	1.665	0.601	0.842
592	81	33.926	11.255	13	63	35.799	2548	1875	12	9	12.174	8.471	165.495	0.794	1.437	0.696	0.866
593	92	56.815	16.239	18	99	38.042	291	1878	12	12	11.850	9.885	4.003	0.799	1.199	0.834	0.836
594	580	47.855	22.645	2	109	144.368	329	1878	54	26	53.618	13.773	164.128	0.350	3.893	0.257	0.741
595	250	29.116	11.348	4	60	65.841	2425	1880	19	21	18.926	16.819	53.782	0.725	1.125	0.889	0.849
596	36	15.083	7.534	2	31	27.799	1669	1890	9	8	6.886	6.657	71.778	0.585	1.034	0.967	0.679
597	161	40.416	21.962	0	88	64.426	563	1891	21	17	22.689	9.035	137.695	0.487	2.511	0.398	0.742
598	1704	23.663	11.688	0	82	244.836	3889	1892	74	52	79.483	27.296	151.725	0.357	2.912	0.343	0.733
599	110	22.409	9.783	1	47	42.870	332	1895	14	13	13.877	10.093	131.706	0.752	1.375	0.727	0.818
600	572	51.510	22.039	2	117	116.125	995	1897	39	28	32.098	22.690	170.107	0.533	1.415	0.707	0.809
601	171	23.392	10.398	1	45	65.012	3304	1898	17	17	15.584	13.971	122.988	0.508	1.115	0.896	0.765
602	19	23.684	8.131	8	39	18.142	2669	1899	7	5	5.916	4.089	167.399	0.725	1.447	0.691	0.745
603	61	22.246	11.394	1	51	36.870	2808	1901	10	12	12.136	6.400	62.077	0.564	1.896	0.527	0.705
604	3561	33.452	16.213	1	91	274.735	3192	1902	80	59	81.533	55.609	12.138	0.593	1.466	0.682	0.899
605	20	11.400	5.529	3	21	17.314	3448	1908	7	4	6.867	3.708	17.256	0.838	1.852	0.540	0.851
606	903	52.456	24.843	2	119	130.125	2456	1909	45	29	42.421	27.103	4.211	0.670	1.565	0.639	0.884
607	1248	28.696	13.970	0	85	162.167	134	1915	47	41	44.860	35.421	24.191	0.596	1.266	0.790	0.871
608	42	16.905	8.585	1	35	31.213	1151	1915	10	8	8.710	6.140	140.162	0.542	1.419	0.705	0.700
609	68	41.529	15.273	4	74	35.799	405	1928	14	7	12.462	6.948	10.593	0.667	1.794	0.558	0.829
610	1637	46.894	23.802	1	133	189.238	462	1929	64	38	63.039	33.064	11.887	0.574	1.907	0.525	0.878
611	162	14.685	7.222	2	35	65.598	39	1930	15	18	16.289	12.663	110.443	0.473	1.286	0.777	0.718
612	611	75.357	35.953	1	145	101.397	219	1930	33	29	31.325	24.835	138.717	0.747	1.261	0.793	0.883
613	24	25.208	7.564	5	36	19.556	3035	1931	8	5	6.765	4.517	13.234	0.789	1.498	0.668	0.750
614	3474	35.273	21.774	0	116	271.806	246	1943	72	77	73.574	60.120	45.016	0.591	1.224	0.817	0.871
615	425	52.586	35.541	1	140	86.083	199	1945	23	26	27.206	19.890	114.366	0.721	1.368	0.731	0.869
616	279	18.226	9.075	1	48	96.083	1851	1955	20	28	25.069	14.170	113.255	0.380	1.769	0.565	0.717
617	6050	25.614	16.309	0	113	464.115	2532	1956	128	69	128.856	59.781	177.497	0.353	2.155	0.464	0.792
618	3310	26.814	13.235	1	78	281.948	1782	1957	81	69	89.340	47.173	144.724	0.523	1.894	0.528	0.883
619	1352	30.669	14.659	1	75	179.823	3797	1958	60	34	55.391	31.077	6.272	0.525	1.782	0.561	0.852
620	1272	28.924	12.246	1	74	167.681	153	1965	51	33	51.786	31.274	1.410	0.568	1.656	0.604	0.891
621	23	20.826	7.843	5	37	20.142	2819	1966	6	7	6.658	4.398	53.429	0.712	1.514	0.661	0.742
622	175	50.394	22.531	2	96	64.770	3379	1971	23	15	22.219	10.028	23.770	0.524	2.216	0.451	0.769
623	318	74.217	27.787	5	135	72.426	2863	1977	22	20	23.848	16.978	143.838	0.762	1.405	0.712	0.888
624	309	23.945	11.064	1	59	82.326	3604	1980	24	22	23.691	16.607	139.755	0.573	1.427	0.701	0.796
625	466	35.223	16.555	1	89	86.912	3265	1984	27	24	27.332	21.708	155.084	0.775	1.259	0.794	0.900
626	43	30.837	11.767	8	56	28.627	2828	1992	10	8	8.704	6.290	8.129	0.659	1.384	0.723	0.729
627	47	36.043	11.909	8	53	27.213	2452	1993	10	8	9.119	6.563	10.051	0.798	1.390	0.720	0.797
628	4729	25.919	16.200	0	87	349.546	1959	1994	95	87	96.596	62.334	140.569	0.486	1.550	0.645	0.849
629	1402	42.552	25.513	1	125	193.966	1207	1997	68	36	56.494	31.598	1.171	0.468	1.788	0.559	0.809
630	63	43.921	14.091	4	69	29.799	3792	2002	9	10	9.905	8.098	71.040	0.892	1.223	0.818	0.857
631	252	41.310	20.293	6	112	72.669	927	2010	25	20	27.746	11.564	145.441	0.600	2.399	0.417	0.822
632	35	14.771	7.538	1	38	39.698	1646	2010	11	9	8.516	5.233	24.675	0.279	1.627	0.614	0.538
633	397	41.539	18.600	1	96	99.640	2862	2010	32	22	27.908	18.112	170.630	0.503	1.541	0.649	0.749
634	27	39.000	12.431	4	56	19.314	2150	2011	7	5	7.099	4.842	0.477	0.910	1.466	0.682	0.871
635	402	42.097	18.294	2	99	107.054	542	2014	35	25	35.432	14.446	29.909	0.441	2.453	0.408	0.760
636	44	34.568	12.631	10	63	26.971	1502	2014	9	7	9.164	6.114	2.343	0.760	1.499	0.667	0.815
637	41	39.488	9.461	20	57	25.799	3522	2016	9	8	7.761	6.726	165.004	0.774	1.154	0.867	0.766
638	330	29.282	16.310	1	79	101.640	1147	2019	32	18	28.897	14.540	1.683	0.401	1.987	0.503	0.771
639	1063	43.615	18.946	1	102	145.095	1537	2019	48	36	43.733	30.948	170.748	0.635	1.413	0.708	0.876
640	149	62.523	24.172	5	97	50.627	3445	2027	21	9	20.188	9.397	2.196	0.731	2.148	0.465	0.925
641	79	16.468	8.021	3	31	45.698	3554	2032	14	13	16.165	6.222	131.545	0.475	2.598	0.385	0.709
642	59	24.220	11.035	1	51	30.385	3763	2035	9	10	11.708	6.416	46.981	0.803	1.825	0.548	0.861
643	292	27.620	11.551	2	61	80.326	3617	2038	24	23	27.704	13.420	140.095	0.569	2.064	0.484	0.827
644	230	28.374	12.971	1	63	104.368	807	2041	35	31	45.172	6.483	137.695	0.265	6.968	0.144	0.660
645	16	11.938	4.919	3	20	16.142	3045	2044	6	5	6.242	3.264	148.869	0.772	1.913	0.523	0.744
646	55	16.309	8.291	2	36	37.456	750	2046	14	9	11.111	6.303	22.819	0.493	1.763	0.567	0.688
647	2804	49.593	27.684	0	144	353.061	674	2051	111	53	91.583	38.983	12.938	0.283	2.349	0.426	0.718
648	454	25.394	13.641	0	72	136.368	3491	2053	38	22	33.353	17.331	20.284	0.307	1.924	0.520	0.717
649	38	44.632	13.569	13	66	24.142	3778	2057	7	8	7.273	6.652	55.722	0.819	1.093	0.915	0.835
650	70	24.600	11.979	4	52	36.385	1844	2062	10	12	10.360	8.603	47.780	0.664	1.204	0.830	0.765
651	128	23.422	11.751	1	61	58.870	1	2069	10	23	18.705	8.713	92.046	0.464	2.147	0.466	0.810
652	26	19.192	9.936	3	42	20.142	799	2072	8	5	6.910	4.790	173.576	0.805	1.443	0.693	0.825
653	182	35.462	12.365	4	65	65.255	3266	2072	20	21	22.982	10.083	135.542	0.537	2.279	0.439	0.741
654	938	39.353	20.382	1	102	119.882	956	2080	36	37	36.673	32.566	130.387	0.820	1.126	0.888	0.926
655	215	53.386	18.328	5	100	57.941	850	2090	19	17	18.875	14.503	31.205	0.805	1.302	0.768	0.883
656	77	38.208	13.456	3	69	36.870	2498	2093	11	13	11.507	8.520	71.036	0.712	1.350	0.740	0.766
657	2129	27.508	11.935	0	69	211.966	1082	2101	64	57	62.936	43.071	141.194	0.595	1.461	0.684	0.878
658	25	30.840	11.086	12	51	21.556	1240	2102	8	5	7.685	4.142	16.828	0.676	1.856	0.539	0.769
659	3182	30.359	12.605	0	79	273.220	2976	2113	83	60	77.871	52.028	176.169	0.536	1.497	0.668	0.868
660	2317	26.187	16.354	0	84	291.019	1487	2121	47	89	85.125	34.656	84.251	0.344	2.456	0.407	0.742
661	27	36.481	14.219	15	72	22.728	1245	2122	9	5	8.961	3.836	3.070	0.657	2.336	0.428	0.750
662	1469	23.416	11.039	0	58	249.664	2196	2124	72	46	62.683	29.839	165.848	0.296	2.101	0.476	0.604
663	32	23.719	9.592	2	47	22.971	2933	2124	7	7	6.862	5.938	73.287	0.762	1.156	0.865	0.790
664	1221	40.590	24.598	1	119	230.108	1857	2129	51	56	47.657	32.621	60.847	0.290	1.461	0.685	0.637
665	42	14.595	6.401	3	30	37.213	1817	2133	8	12	10.405	5.140	116.991	0.381	2.024	0.494	0.600
666	28	46.286	19.478	6	75	22.385	2417	2134	8	6	6.404	5.567	162.726	0.702	1.150	0.869	0.727
667	47	18.383	7.856	4	35	30.627	2480	2135	12	7	10.564	5.665	20.571	0.630	1.865	0.536	0.752
668	32	18.000	8.773	3	37	24.142	2651	2147	9	6	8.764	4.649	24.203	0.690	1.885	0.531	0.771
669	1996	34.750	17.097	0	96	212.208	3787	2148	65	62	71.914	35.339	139.421	0.557	2.035	0.491	0.845
670	1354	43.236	21.068	1	103	163.924	3290	2153	47	46	52.007	33.149	136.261	0.633	1.569	0.637	0.879
671	3213	39.240	26.517	1	139	309.747	3876	2165	73	95	94.302	43.381	121.722	0.421	2.174	0.460	0.788
672	2220	35.495	18.646	0	92	221.279	749	2170	64	55	68.253	41.414	148.329	0.570	1.648	0.607	0.868
673	391	52.015	19.269	4	96	108.426	3980	2171	19	41	30.267	16.448	73.471	0.418	1.840	0.543	0.746
674	744	43.466	23.453	0	112	119.539	2603	2172	36	33	33.887	27.954	158.808	0.654	1.212	0.825	0.857
675	2456	24.200	12.798	0	67	239.321	1541	2173	68	55	65.083	48.048	158.212	0.539	1.355	0.738	0.895
676	32	32.875	11.894	8	60	22.142	1926	2180	8	6	8.673	4.698	160.435	0.820	1.846	0.542	0.831
677	75	27.480	11.338	3	52	34.042	2765	2184	11	10	10.171	9.388	81.175	0.813	1.083	0.923	0.843
678	1818	39.983	17.651	1	101	239.421	57	2195	80	40	73.606	31.448	7.565	0.399	2.341	0.427	0.786
679	46	24.826	13.295	6	53	26.971	3159	2198	10	7	9.461	6.191	161.013	0.795	1.528	0.654	0.807
680	17	32.882	14.807	8	63	16.728	201	2200	7	4	6.524	3.318	14.284	0.763	1.967	0.508	0.810
681	20	14.650	6.293	0	24	16.728	874	2203	6	5	6.128	4.156	143.399	0.898	1.474	0.678	0.816
682	17	25.235	12.735	4	53	16.142	3282	2207	6	5	5.567	3.888	140.721	0.820	1.432	0.699	0.756
683	388	30.021	14.715	0	76	82.083	1613	2208	28	23	25.236	19.576	5.149	0.724	1.289	0.776	0.840
684	35	22.457	9.960	3	44	23.799	153	2209	8	8	7.584	5.876	109.827	0.777	1.291	0.775	0.761
685	1208	37.096	20.486	0	111	196.894	1005	2211	66	37	53.232	28.894	4.391	0.392	1.842	0.543	0.748
686	374	55.329	20.411	8	105	79.255	2772	2215	25	24	25.438	18.719	37.170	0.748	1.359	0.736	0.862
687	214	13.621	7.042	0	36	79.497	531	2217	24	18	22.123	12.316	13.692	0.426	1.796	0.557	0.717
688	38	23.737	12.541	4	53	24.142	664	2220	9	6	8.649	5.594	171.236	0.819	1.546	0.647	0.854
689	247	76.324	26.355	8	125	71.841	3768	2222	25	16	24.577	12.796	158.326	0.601	1.921	0.521	0.836
690	310	59.490	21.666	10	105	69.497	619	2224	21	21	22.447	17.584	40.690	0.807	1.277	0.783	0.892
691	17	19.471	7.706	0	31	18.728	928	2236	5	7	5.701	3.797	68.069	0.609	1.502	0.666	0.680
692	24	18.042	9.862	3	35	17.556	3833	2236	6	6	5.734	5.329	94.650	0.978	1.076	0.929	0.828
693	17	23.353	7.541	13	37	19.556	2882	2240	7	6	6.058	3.573	151.414	0.559	1.695	0.590	0.618
694	1489	49.224	23.959	1	129	192.208	922	2241	56	48	55.323	34.269	150.172	0.506	1.614	0.619	0.815
695	12417	38.117	25.397	0	144	600.098	1879	2244	121	167	164.306	96.222	72.221	0.433	1.708	0.586	0.845
696	595	28.674	14.819	2	79	135.196	3819	2244	36	37	32.432	23.359	51.722	0.409	1.388	0.720	0.709
697	249	56.787	21.420	7	106	65.941	2975	2248	25	15	23.460	13.514	8.930	0.720	1.736	0.576	0.877
698	18	18.833	6.776	8	31	16.728	1235	2250	6	5	5.638	4.065	175.735	0.808	1.387	0.721	0.800
699	1101	42.942	25.473	0	122	153.095	2499	2250	50	39	46.685	30.028	23.083	0.590	1.555	0.643	0.823
700	1374	28.619	14.706	0	74	168.510	3647	2251	55	40	48.636	35.970	11.161	0.608	1.352	0.740	0.866
701	1951	33.218	18.376	0	94	216.936	2221	2252	73	48	67.400	36.856	174.497	0.521	1.829	0.547	0.821
702	622	46.812	24.123	2	105	110.569	2453	2260	43	22	40.318	19.643	178.082	0.639	2.053	0.487	0.884
703	5193	30.461	17.418	0	101	351.220	1	2261	85	80	91.573	72.204	150.058	0.529	1.268	0.788	0.882
704	74	50.730	13.036	12	78	33.213	184	2262	12	9	11.333	8.314	163.217	0.843	1.363	0.734	0.860
705	20	15.150	8.356	5	36	18.142	2434	2269	7	5	6.823	3.732	177.410	0.764	1.828	0.547	0.755
706	688	37.278	14.722	3	78	111.054	1477	2271	38	27	36.056	24.295	21.592	0.701	1.484	0.674	0.885
707	36	28.056	9.538	9	44	24.971	1712	2271	9	7	8.118	5.646	45.000	0.726	1.438	0.696	0.791
708	137	14.445	6.928	1	33	89.397	2737	2272	29	13	25.055	6.962	164.571	0.215	3.599	0.278	0.589
709	1373	43.616	22.897	2	114	201.380	2037	2277	64	49	68.698	25.447	144.228	0.425	2.700	0.370	0.743
710	97	15.196	8.408	1	49	47.941	2779	2283	11	17	15.373	8.034	75.402	0.530	1.914	0.523	0.732
711	319	43.527	19.840	2	90	78.184	1746	2286	29	16	29.707	13.672	171.837	0.656	2.173	0.460	0.867
712	81	79.716	19.302	13	117	34.627	2465	2290	11	11	10.775	9.572	14.780	0.849	1.126	0.888	0.848
713	45	39.933	12.103	14	63	24.971	573	2294	8	8	8.122	7.054	32.021	0.907	1.151	0.869	0.841
714	65	29.231	14.280	2	61	31.556	3388	2305	12	7	12.292	6.733	5.183	0.820	1.826	0.548	0.890
715	30	31.733	11.656	9	55	20.728	2447	2315	8	5	7.574	5.043	165.362	0.877	1.502	0.666	0.870
716	276	43.391	17.030	2	90	64.770	857	2316	19	20	18.842	18.651	56.705	0.827	1.010	0.990	0.895
717	1560	37.162	16.961	2	99	175.095	1259	2323	50	46	47.313	41.981	27.656	0.639	1.127	0.887	0.873
718	3303	39.037	20.344	1	106	276.635	3182	2324	81	67	77.976	53.933	158.339	0.542	1.446	0.692	0.870
719	138	34.399	14.704	3	75	49.698	3651	2327	19	11	17.317	10.147	14.233	0.702	1.707	0.586	0.847
720	2672	28.644	16.561	0	98	314.434	1046	2329	92	61	87.675	38.804	166.852	0.340	2.259	0.443	0.710
721	39	29.128	12.029	2	55	27.556	3593	2329	9	8	8.801	5.642	140.740	0.645	1.560	0.641	0.750
722	31	19.806	8.712	4	38	27.799	1817	2334	10	8	8.658	4.559	27.371	0.504	1.899	0.527	0.646
723	87	17.908	7.074	3	35	40.042	777	2336	13	11	12.685	8.733	144.405	0.682	1.453	0.688	0.821
724	1353	26.866	11.371	0	64	162.167	272	2339	44	46	42.501	40.533	19.144	0.647	1.049	0.954	0.897
725	55	14.236	8.411	3	44	40.627	3753	2342	8	15	10.967	6.386	99.555	0.419	1.717	0.582	0.640
726	58	19.845	10.092	3	44	29.213	2072	2348	10	9	9.218	8.011	1.581	0.854	1.151	0.869	0.829
727	205	36.088	15.422	3	86	59.941	2345	2349	17	18	18.648	13.997	133.705	0.717	1.332	0.751	0.865
728	20	17.100	6.447	2	26	19.314	1475	2359	4	8	8.275	3.077	109.441	0.674	2.689	0.372	0.816
729	1314	51.840	25.047	1	119	169.480	3641	2360	52	41	46.564	35.930	5.536	0.575	1.296	0.772	0.839
730	39	12.026	6.011	2	26	32.385	3390	2363	9	9	10.738	4.624	44.541	0.467	2.322	0.431	0.703
731	115	15.443	7.033	3	34	51.113	2479	2365	13	14	12.512	11.702	51.936	0.553	1.069	0.935	0.774
732	32	14.531	8.784	4	39	29.799	3382	2373	11	6	8.944	4.555	3.162	0.453	1.963	0.509	0.634
733	926	16.191	8.664	1	49	183.380	3326	2384	48	31	44.813	26.310	165.561	0.346	1.703	0.587	0.781
734	453	57.177	26.568	2	127	89.497	3765	2397	28	26	27.156	21.240	46.097	0.711	1.279	0.782	0.875
735	4449	23.877	14.573	0	90	305.362	3239	2398	87	77	89.052	63.610	147.690	0.600	1.400	0.714	0.918
736	32	15.906	9.296	1	37	28.385	2019	2399	8	9	7.568	5.384	109.639	0.499	1.406	0.711	0.604
737	76	17.987	8.506	1	39	44.870	1488	2401	12	11	11.354	8.522	29.071	0.474	1.332	0.751	0.707
738	431	64.114	24.557	3	123	92.912	1	2407	34	20	32.270	17.006	170.420	0.627	1.898	0.527	0.856
739	505	32.638	12.446	1	68	96.811	228	2410	27	27	27.947	23.007	42.057	0.677	1.215	0.823	0.867
740	128	41.805	21.872	3	89	48.284	3033	2412	14	15	15.691	10.386	128.636	0.690	1.511	0.662	0.803
741	70	24.714	10.372	5	46	35.213	907	2413	13	8	12.972	6.871	178.246	0.709	1.888	0.530	0.819
742	282	53.379	19.004	3	98	70.083	3184	2413	20	21	21.102	17.015	51.577	0.721	1.240	0.806	0.862
743	41	39.878	11.323	17	66	24.971	1542	2419	8	8	7.424	7.032	61.154	0.826	1.056	0.947	0.812
744	915	41.192	19.692	2	96	128.125	2283	2420	38	35	40.093	29.058	46.526	0.700	1.380	0.725	0.894
745	269	40.312	15.045	9	76	71.598	3394	2421	21	21	22.659	15.115	133.732	0.659	1.499	0.667	0.834
746	1138	20.004	9.872	1	55	231.279	1420	2427	59	45	54.267	26.700	24.754	0.267	2.032	0.492	0.635
747	65	44.923	19.715	10	89	33.456	3420	2427	13	9	10.906	7.589	0.642	0.730	1.437	0.696	0.807
748	114	29.132	11.871	5	61	44.527	809	2430	12	15	14.091	10.301	98.223	0.723	1.368	0.731	0.814
749	1096	26.185	11.148	0	60	143.439	2397	2442	41	38	42.212	33.059	141.863	0.669	1.277	0.783	0.894
750	1071	34.797	16.669	1	92	149.439	1520	2443	40	43	48.383	28.184	54.948	0.603	1.717	0.583	0.873
751	460	30.143	14.401	1	75	89.255	252	2448	21	32	31.030	18.875	89.309	0.726	1.644	0.608	0.883
752	26	19.500	9.149	3	37	22.142	156	2450	6	7	6.157	5.376	46.046	0.666	1.145	0.873	0.754
753	165	44.636	20.645	3	91	67.012	1095	2453	24	16	22.523	9.327	155.819	0.462	2.415	0.414	0.721
754	787	35.930	14.048	4	76	112.811	1062	2454	33	34	36.112	27.748	132.709	0.777	1.301	0.768	0.916
755	45	18.911	10.679	3	42	42.042	858	2457	14	6	14.274	4.014	178.946	0.320	3.556	0.281	0.584
756	713	45.215	22.935	2	103	137.782	685	2459	50	26	45.145	20.109	6.045	0.472	2.245	0.445	0.745
757	380	61.168	27.710	4	134	83.841	122	2466	32	16	31.412	15.403	0.494	0.679	2.039	0.490	0.900
758	529	42.985	20.201	2	105	123.539	2945	2468	37	28	28.643	23.515	172.389	0.436	1.218	0.821	0.723
759	35	23.543	11.436	4	48	22.485	510	2471	8	5	8.041	5.542	179.567	0.870	1.451	0.689	0.933
760	112	13.848	7.852	0	36	64.669	2733	2475	18	15	12.602	11.315	151.163	0.337	1.114	0.898	0.620
761	88	11.989	5.470	2	27	51.355	2886	2476	12	14	12.376	9.054	65.969	0.419	1.367	0.732	0.704
762	150	26.127	10.144	4	58	64.184	3597	2481	21	15	22.712	8.409	155.701	0.458	2.701	0.370	0.743
763	461	56.790	20.958	5	109	97.397	37	2485	30	27	32.129	18.269	145.199	0.611	1.759	0.569	0.822
764	2117	54.027	33.417	0	132	205.037	862	2485	65	53	59.215	45.519	171.753	0.633	1.301	0.769	0.882
765	2231	36.859	23.974	1	120	218.936	3415	2486	60	59	55.640	51.053	56.598	0.585	1.090	0.918	0.865
766	2140	29.714	13.513	0	75	244.149	457	2491	65	52	58.682	46.432	160.950	0.451	1.264	0.791	0.822
767	232	29.922	13.427	4	67	68.184	1416	2493	21	19	23.902	12.358	142.682	0.627	1.934	0.517	0.829
768	93	13.763	7.586	0	31	43.456	1869	2493	14	13	13.226	8.953	37.119	0.619	1.477	0.677	0.753
769	326	21.675	10.925	0	56	101.397	2090	2500	24	23	22.496	18.451	23.770	0.398	1.219	0.820	0.744
770	472	42.470	18.058	1	85	117.154	1636	2504	47	17	42.876	14.016	172.956	0.432	3.059	0.327	0.800
771	729	51.523	22.589	2	125	115.397	2186	2504	35	29	34.524	26.885	170.385	0.688	1.284	0.779	0.888
772	179	31.073	14.883	3	65	55.456	736	2505	12	20	20.889	10.910	82.454	0.731	1.915	0.522	0.873
773	20	15.050	7.584	6	29	16.485	2074	2506	6	4	6.184	4.118	22.500	0.925	1.502	0.666	0.909
774	336	27.667	13.341	3	63	82.669	1434	2510	27	22	28.651	14.932	155.034	0.618	1.919	0.521	0.820
775	68	16.162	7.011	3	33	36.870	1342	2511	13	11	13.624	6.355	34.641	0.629	2.144	0.466	0.747
776	69	43.884	14.343	5	68	30.971	2765	2514	10	9	9.721	9.038	150.100	0.904	1.076	0.930	0.879
777	71	15.099	7.512	3	36	44.284	2858	2514	14	10	12.564	7.195	3.519	0.455	1.746	0.573	0.645
778	970	22.258	9.819	2	57	159.095	1872	2516	43	34	40.657	30.377	7.405	0.482	1.338	0.747	0.843
779	111	26.495	12.677	3	66	55.598	3487	2522	17	12	16.367	8.635	19.731	0.451	1.895	0.528	0.663
780	111	51.685	15.838	8	84	41.456	3246	2525	12	13	12.353	11.441	105.676	0.812	1.080	0.926	0.860
781	2742	29.406	16.296	0	86	273.380	1	2537	58	78	75.261	46.388	79.238	0.461	1.622	0.616	0.806
782	229	28.825	11.253	4	60	66.426	619	2537	19	22	18.112	16.099	75.118	0.652	1.125	0.889	0.815
783	12332	27.242	17.135	0	101	583.571	1094	2546	122	150	140.556	111.710	68.395	0.455	1.258	0.795	0.854
784	81	40.012	13.748	7	64	35.799	1940	2549	12	10	11.542	8.935	22.931	0.794	1.292	0.774	0.835
785	112	13.402	5.981	2	30	53.456	3726	2552	14	17	14.660	9.727	101.390	0.493	1.507	0.663	0.673
786	5381	29.714	15.452	0	86	408.073	850	2556	76	120	122.743	55.818	76.205	0.406	2.199	0.455	0.860
787	3166	41.835	26.795	0	132	257.421	2565	2560	88	56	81.815	49.271	172.096	0.600	1.661	0.602	0.878
788	127	44.685	12.989	5	81	47.113	324	2564	15	12	15.805	10.231	162.213	0.719	1.545	0.647	0.830
789	5257	33.215	17.798	0	100	366.818	2352	2565	114	84	106.083	63.096	21.597	0.491	1.681	0.595	0.834
790	1207	22.089	12.944	0	63	264.392	3973	2567	26	88	82.534	18.620	87.858	0.217	4.432	0.226	0.651
791	694	35.862	14.792	0	79	110.225	2155	2569	29	33	31.865	27.730	85.149	0.718	1.149	0.870	0.903
792	17	9.529	4.939	2	20	17.314	2279	2571	7	4	6.491	3.335	172.679	0.713	1.946	0.514	0.791
793	2573	27.540	13.273	0	76	302.333	3360	2577	78	56	75.752	43.247	162.480	0.354	1.752	0.571	0.827
794	62	23.516	10.595	1	51	32.042	939	2589	10	10	9.231	8.552	165.303	0.759	1.079	0.926	0.785
795	1505	48.270	24.570	0	125	219.966	1574	2590	61	42	55.562	34.488	0.673	0.391	1.611	0.621	0.769
796	1216	41.880	19.078	1	95	197.037	247	2591	64	43	64.568	23.979	29.581	0.394	2.693	0.371	0.780
797	49	34.612	11.925	8	57	30.971	3022	2591	9	8	9.037	6.904	143.198	0.642	1.309	0.764	0.790
798	1600	25.157	12.685	1	65	231.907	3699	2598	65	49	56.186	36.258	169.083	0.374	1.550	0.645	0.747
799	34	28.971	9.898	10	53	23.314	1650	2599	9	5	9.096	4.759	4.582	0.786	1.911	0.523	0.861
800	30	22.933	9.663	6	54	24.971	3486	2603	9	7	8.000	4.774	32.679	0.605	1.676	0.597	0.706
801	2573	32.939	18.825	1	102	330.090	450	2604	71	83	62.649	52.292	73.197	0.297	1.198	0.835	0.689
802	1569	32.883	15.940	1	83	195.480	1622	2622	40	59	61.500	32.483	88.588	0.516	1.893	0.528	0.809
803	2990	38.555	22.944	0	113	263.179	3759	2622	70	75	69.658	54.652	122.636	0.542	1.275	0.785	0.842
804	194	22.093	10.429	0	50	57.113	600	2625	18	16	17.692	13.962	24.059	0.747	1.267	0.789	0.857
805	637	48.998	26.530	2	124	104.326	1741	2628	38	23	37.978	21.356	9.809	0.735	1.778	0.562	0.920
806	486	15.737	8.214	1	44	120.610	3367	2644	33	26	27.356	22.620	1.144	0.420	1.209	0.827	0.783
807	173	16.376	7.994	1	38	64.426	2397	2650	19	18	20.254	10.875	132.764	0.524	1.862	0.537	0.762
808	78	18.808	8.824	2	38	40.627	2987	2654	9	15	11.609	8.554	77.913	0.594	1.357	0.737	0.772
809	2254	36.500	22.307	0	103	319.747	100	2656	72	73	70.480	40.719	118.552	0.277	1.731	0.578	0.681
810	105	21.781	10.333	3	42	58.184	922	2657	17	14	16.916	7.903	144.536	0.390	2.140	0.467	0.686
811	83	43.964	13.306	12	71	35.799	1843	2660	11	11	11.166	9.464	51.834	0.814	1.180	0.848	0.843
812	3957	44.852	23.759	0	126	391.588	1849	2661	92	86	74.227	67.875	18.855	0.324	1.094	0.914	0.711
813	172	26.163	11.479	2	56	61.598	1043	2667	20	16	18.810	11.642	142.176	0.570	1.616	0.619	0.778
814	157	19.688	10.159	2	45	62.770	1388	2668	16	18	16.922	11.813	101.606	0.501	1.432	0.698	0.755
815	259	35.131	12.720	3	69	65.355	3508	2668	20	20	20.200	16.325	67.111	0.762	1.237	0.808	0.858
816	164	68.287	21.950	3	111	49.598	2189	2672	17	16	16.610	12.571	43.971	0.838	1.321	0.757	0.856
817	17	20.529	12.099	2	48	14.728	3079	2673	5	5	5.377	4.025	50.213	0.985	1.336	0.749	0.810
818	2741	26.259	11.727	1	63	237.037	2730	2675	57	75	81.014	43.079	118.629	0.613	1.881	0.532	0.914
819	120	38.792	12.896	9	71	43.456	1941	2681	14	13	14.185	10.771	143.589	0.799	1.317	0.759	0.870
820	116	45.216	21.848	1	109	45.113	3554	2681	12	17	17.749	8.321	61.651	0.716	2.133	0.469	0.829
821	85	51.800	21.387	17	94	41.213	3582	2683	7	17	15.666	6.908	91.586	0.629	2.268	0.441	0.854
822	65	27.000	11.091	0	49	30.142	1499	2684	8	10	9.690	8.541	94.907	0.899	1.135	0.881	0.903
823	76	23.895	9.254	2	41	36.627	2110	2686	11	12	11.816	8.189	105.658	0.712	1.443	0.693	0.784
824	127	36.858	16.675	3	77	44.870	3306	2686	17	11	16.130	10.025	174.967	0.793	1.609	0.622	0.870
825	32	35.469	13.305	1	59	22.971	1279	2691	9	6	8.519	4.783	4.584	0.762	1.781	0.561	0.810
826	58	37.069	13.946	7	66	31.213	1811	2696	11	9	11.019	6.702	144.187	0.748	1.644	0.608	0.829
827	401	43.584	15.539	5	85	80.669	3309	2701	27	23	25.735	19.840	16.838	0.774	1.297	0.771	0.876
828	26	26.000	9.478	6	46	18.971	1556	2702	7	6	6.603	5.013	147.236	0.908	1.317	0.759	0.812
829	390	44.579	22.373	1	100	83.012	3858	2704	31	18	31.709	15.660	165.175	0.711	2.025	0.494	0.905
830	36	28.528	8.473	9	49	23.799	799	2716	8	8	7.769	5.900	141.792	0.799	1.317	0.759	0.774
831	18	31.611	14.661	7	61	18.728	90	2717	7	4	6.202	3.695	6.507	0.645	1.679	0.596	0.735
832	92	19.196	8.877	2	45	42.284	3153	2722	11	15	14.859	7.883	66.414	0.647	1.885	0.531	0.811
833	81	28.173	13.894	5	56	36.042	3391	2723	13	10	12.128	8.504	174.624	0.784	1.426	0.701	0.802
834	1720	21.138	9.889	0	63	221.865	3102	2733	53	55	62.531	35.022	130.238	0.439	1.785	0.560	0.866
835	2979	20.170	12.007	0	71	285.019	3803	2735	91	68	100.971	37.565	147.614	0.461	2.688	0.372	0.891
836	3322	25.340	13.021	0	81	294.291	3657	2739	72	78	71.195	59.410	80.800	0.482	1.198	0.834	0.825
837	19	38.737	20.669	5	69	15.899	451	2742	5	5	5.321	4.546	155.971	0.944	1.171	0.854	0.864
838	27	24.963	12.043	5	49	23.556	2851	2746	9	6	7.146	4.811	161.268	0.611	1.486	0.673	0.711
839	59	54.983	20.370	12	97	28.971	223	2747	10	8	10.616	7.076	147.341	0.883	1.500	0.667	0.868
840	56	34.768	13.454	4	60	31.213	2598	2748	12	8	11.667	6.111	154.214	0.722	1.909	0.524	0.830
841	3261	34.447	18.481	0	91	292.777	1279	2751	75	78	70.603	58.808	33.825	0.478	1.201	0.833	0.805
842	107	11.449	7.086	0	43	77.497	3307	2752	16	17	14.649	9.300	51.241	0.224	1.575	0.635	0.563
843	1071	48.748	25.582	1	113	158.752	2045	2754	51	41	57.543	23.698	32.524	0.534	2.428	0.412	0.838
844	360	44.219	17.970	4	90	86.083	1427	2759	27	23	25.194	18.194	7.102	0.610	1.385	0.722	0.792
845	269	36.848	15.416	1	74	69.598	2544	2759	19	21	22.177	15.444	118.502	0.698	1.436	0.696	0.845
846	844	28.961	12.590	1	67	125.296	751	2761	38	36	41.408	25.952	41.410	0.676	1.596	0.627	0.868
847	338	49.956	19.725	1	96	82.912	2569	2765	28	21	30.088	14.303	152.621	0.618	2.104	0.475	0.868
848	39	28.846	11.849	6	59	25.799	3062	2765	10	7	9.096	5.459	177.608	0.736	1.666	0.600	0.772
849	335	50.122	19.170	5	102	91.598	3984	2768	15	36	31.821	13.404	92.249	0.502	2.374	0.421	0.880
850	1771	42.304	23.763	1	112	206.510	1	2776	34	77	70.757	31.868	88.006	0.522	2.220	0.450	0.891
851	733	41.101	19.230	1	91	138.711	2701	2779	47	25	44.827	20.820	177.033	0.479	2.153	0.464	0.802
852	599	33.943	15.407	1	83	114.468	1539	2780	36	26	35.113	21.720	163.249	0.574	1.617	0.619	0.839
853	9705	28.456	18.634	0	110	506.257	1703	2780	148	115	147.908	83.544	28.797	0.476	1.770	0.565	0.852
854	53	21.340	12.874	1	62	42.042	3640	2781	15	7	13.331	5.062	0.384	0.377	2.634	0.380	0.639
855	1288	47.429	21.558	1	104	206.551	2591	2785	48	50	47.839	34.280	79.915	0.379	1.396	0.717	0.740
856	117	35.205	13.452	8	69	47.941	3043	2787	15	14	15.968	9.329	139.279	0.640	1.712	0.584	0.783
857	5650	29.461	15.739	0	85	332.434	2119	2788	98	86	92.623	77.667	166.615	0.642	1.193	0.839	0.916
858	75	42.387	16.045	4	85	36.042	1590	2793	12	11	13.212	7.228	40.871	0.726	1.828	0.547	0.811
859	710	37.755	16.887	0	93	128.610	3001	2795	49	25	45.129	20.032	177.439	0.539	2.253	0.444	0.832
860	47	29.553	11.528	3	46	28.385	952	2796	10	8	9.704	6.167	29.336	0.733	1.574	0.635	0.790
861	136	48.838	16.177	10	90	47.456	1356	2800	17	11	16.190	10.696	8.262	0.759	1.514	0.661	0.880
862	465	18.127	8.418	0	47	113.296	1677	2802	26	34	31.631	18.718	66.568	0.455	1.690	0.592	0.754
863	98	13.000	7.096	0	33	77.012	2565	2808	24	12	16.048	7.775	172.954	0.208	2.064	0.485	0.503
864	465	17.340	8.943	1	47	115.539	1911	2809	30	24	28.105	21.066	174.629	0.438	1.334	0.750	0.796
865	980	40.588	18.148	3	100	167.581	1506	2816	60	35	56.685	22.012	158.082	0.439	2.575	0.388	0.777
866	425	57.334	25.280	2	112	88.326	622	2830	32	22	28.273	19.140	171.301	0.685	1.477	0.677	0.858
867	1227	20.540	10.432	1	56	155.439	2975	2830	44	43	43.390	36.005	35.162	0.638	1.205	0.830	0.878
868	251	29.375	12.494	1	58	71.497	3271	2839	25	19	25.073	12.746	26.924	0.617	1.967	0.508	0.801
869	33	15.818	8.338	1	35	23.556	1451	2841	9	6	8.442	4.977	18.050	0.747	1.696	0.590	0.767
870	66	26.470	12.307	2	50	34.627	151	2842	14	7	13.465	6.241	4.717	0.692	2.157	0.464	0.825
871	787	22.177	10.014	2	52	134.024	317	2844	40	30	36.716	27.291	7.271	0.551	1.345	0.743	0.854
872	55	26.927	9.979	7	47	31.213	1963	2848	12	7	11.647	6.013	177.266	0.709	1.937	0.516	0.797
873	73	35.945	14.126	5	63	36.627	3557	2848	9	14	11.794	7.881	76.174	0.684	1.497	0.668	0.802
874	17	27.412	10.326	7	45	15.314	2654	2850	6	4	5.587	3.874	1.048	0.911	1.442	0.693	0.829
875	459	15.497	7.850	1	49	99.983	2240	2854	27	28	24.911	23.460	36.845	0.577	1.062	0.942	0.815
876	68	31.838	10.872	9	57	34.042	1393	2856	13	9	12.222	7.084	178.855	0.737	1.725	0.580	0.800
877	1529	40.899	22.692	1	112	174.752	3707	2858	50	48	52.312	37.215	136.116	0.629	1.406	0.711	0.868
878	3280	18.066	9.445	0	55	300.333	2842	2870	76	65	75.173	55.555	157.696	0.457	1.353	0.739	0.888
879	386	40.801	18.080	2	101	81.598	3561	2870	30	19	29.167	16.850	165.597	0.729	1.731	0.578	0.888
880	49	28.571	11.425	8	56	28.385	3845	2875	11	7	10.304	6.055	18.307	0.764	1.702	0.588	0.817
881	222	12.685	6.894	1	31	102.468	2056	2877	20	25	21.571	13.104	66.257	0.266	1.646	0.607	0.663
882	170	29.729	12.214	5	57	57.355	2987	2885	21	15	20.031	10.806	155.665	0.649	1.854	0.539	0.798
883	760	24.812	10.637	1	56	138.853	1176	2892	36	34	37.553	25.768	147.123	0.495	1.457	0.686	0.832
884	176	42.233	17.860	9	86	54.184	1439	2893	21	14	18.463	12.137	174.656	0.753	1.521	0.657	0.854
885	101	29.941	13.073	5	60	40.870	1688	2895	13	13	12.256	10.492	135.953	0.760	1.168	0.856	0.824
886	21	22.333	8.794	9	45	18.728	1807	2896	7	5	8.044	3.324	160.998	0.752	2.420	0.413	0.792
887	1015	36.570	20.153	0	99	179.823	1248	2900	63	31	51.327	25.178	9.414	0.394	2.039	0.491	0.724
888	35	19.429	8.308	5	38	32.627	2181	2900	11	8	9.878	4.511	1.269	0.413	2.190	0.457	0.556
889	537	48.538	23.501	4	110	90.083	2276	2902	26	29	31.843	21.472	59.541	0.832	1.483	0.674	0.926
890	28	11.500	4.186	7	21	24.385	3802	2907	7	9	9.616	3.708	128.017	0.592	2.593	0.386	0.700
891	5215	22.424	11.931	0	61	402.274	2557	2910	101	89	106.494	62.350	141.475	0.405	1.708	0.585	0.804
892	768	38.997	19.022	2	97	137.196	1584	2911	47	31	47.763	20.473	161.673	0.513	2.333	0.429	0.805
893	63	22.317	8.677	2	39	33.213	681	2914	10	9	10.159	7.896	168.200	0.718	1.287	0.777	0.824
894	93	14.118	7.893	1	40	56.184	3805	2917	13	16	13.136	9.014	68.191	0.370	1.457	0.686	0.639
895	242	28.909	13.010	2	75	67.012	2358	2919	22	18	20.195	15.258	10.327	0.677	1.324	0.756	0.829
896	123	43.154	10.756	11	74	45.698	3678	2920	13	14	13.885	11.279	113.724	0.740	1.231	0.812	0.828
897	87	14.207	7.042	3	36	62.426	2813	2931	15	13	12.927	8.569	32.440	0.281	1.509	0.663	0.559
898	1874	28.652	15.510	0	88	285.120	2071	2934	61	61	55.102	43.303	45.230	0.290	1.272	0.786	0.722
899	469	67.230	34.559	1	128	85.740	2269	2941	28	25	26.489	22.543	165.770	0.802	1.175	0.851	0.903
900	60	16.483	7.210	4	35	44.870	1177	2942	8	15	12.553	6.086	100.523	0.374	2.063	0.485	0.625
901	42	44.833	15.357	14	73	24.971	758	2946	9	7	9.116	5.866	15.390	0.846	1.554	0.644	0.832
902	241	33.245	16.824	4	80	76.426	8	2947	26	14	26.258	11.686	1.626	0.518	2.247	0.445	0.814
903	83	14.169	7.122	1	31	50.284	442	2951	13	12	12.112	8.725	159.007	0.412	1.388	0.720	0.672
904	799	46.946	27.977	1	122	173.823	2904	2951	48	48	54.268	18.746	128.864	0.332	2.895	0.345	0.662
905	2493	41.378	23.373	1	120	212.208	3097	2952	80	47	78.492	40.440	12.429	0.696	1.941	0.515	0.933
906	74	38.878	14.493	10	74	33.213	289	2957	12	9	11.278	8.355	166.165	0.843	1.350	0.741	0.865
907	109	42.422	16.356	1	72	45.456	2489	2959	13	13	12.865	10.788	31.738	0.663	1.193	0.839	0.804
908	24	29.875	13.804	6	55	21.899	2163	2962	6	7	6.142	4.975	10.487	0.629	1.235	0.810	0.727
909	1878	27.515	15.788	0	77	210.953	1450	2965	71	34	74.079	32.278	178.538	0.530	2.295	0.436	0.867
910	18	30.056	10.114	12	48	16.728	676	2966	6	5	5.948	3.853	163.812	0.808	1.544	0.648	0.766
911	24	16.958	7.445	6	30	20.728	2560	2975	7	6	6.548	4.667	45.619	0.702	1.403	0.713	0.774
912	177	47.107	15.837	3	83	53.941	395	2976	15	19	17.889	12.598	87.002	0.764	1.420	0.704	0.851
913	35	16.514	8.420	4	32	26.385	463	2978	8	8	7.347	6.066	128.706	0.632	1.211	0.826	0.714
914	180	18.572	9.718	1	48	59.456	2667	2986	20	13	18.306	12.520	3.929	0.640	1.462	0.684	0.855
915	65	15.538	8.294	2	33	36.627	2020	2987	12	9	10.196	8.117	0.811	0.609	1.256	0.796	0.747
916	60	21.633	9.109	4	39	32.627	2730	2989	12	9	10.843	7.046	6.709	0.708	1.539	0.650	0.769
917	101	66.604	22.018	19	111	46.385	3890	2992	20	7	17.120	7.511	1.767	0.590	2.279	0.439	0.898
918	57	38.772	20.322	5	80	33.556	2975	2993	14	6	13.157	5.516	168.205	0.636	2.385	0.419	0.877
