 	Area	Mean	StdDev	Min	Max	Perim.	BX	BY	Width	Height	Major	Minor	Angle	Circ.	AR	Round	Solidity
1	233	27.957	9.603	4	64	67.113	189	1	24	15	20.750	14.297	3.261	0.650	1.451	0.689	0.871
2	5724	27.456	16.039	0	97	442.174	425	1	71	160	142.197	51.253	86.180	0.368	2.774	0.360	0.793
3	35	15.229	7.978	3	32	31.799	726	1	8	10	10.783	4.133	55.511	0.435	2.609	0.383	0.631
4	966	26.264	14.996	0	75	178.510	1647	1	46	36	42.844	28.708	11.217	0.381	1.492	0.670	0.791
5	2738	31.531	19.950	0	109	251.380	2100	1	64	76	79.799	43.686	61.900	0.544	1.827	0.547	0.917
6	714	43.559	24.193	2	109	123.154	2248	1	32	36	38.256	23.763	54.910	0.592	1.610	0.621	0.911
7	168	17.351	8.848	1	41	61.113	3125	1	22	12	19.283	11.093	13.798	0.565	1.738	0.575	0.834
8	402	14.510	7.327	1	37	114.083	3894	1	38	19	35.434	14.445	167.935	0.388	2.453	0.408	0.766
9	2313	21.985	10.563	0	66	264.978	2557	18	45	74	69.706	42.249	88.395	0.414	1.650	0.606	0.870
10	344	17.093	8.636	1	49	89.397	541	22	22	26	24.418	17.938	57.428	0.541	1.361	0.735	0.814
11	1730	22.877	10.042	0	58	209.622	3449	23	44	60	53.551	41.133	89.455	0.495	1.302	0.768	0.868
12	218	36.358	13.162	4	75	66.426	1018	25	16	22	20.816	13.334	61.992	0.621	1.561	0.641	0.843
13	582	23.131	10.996	0	54	120.953	1445	31	27	41	39.902	18.571	59.078	0.500	2.149	0.465	0.828
14	23	19.217	10.004	8	45	20.142	3432	31	5	8	8.117	3.608	62.023	0.712	2.250	0.444	0.793
15	1469	34.166	14.848	1	85	184.652	2714	33	39	63	57.973	32.263	89.377	0.541	1.797	0.557	0.851
16	285	30.954	15.403	2	73	113.154	1806	34	17	45	47.014	7.718	73.971	0.280	6.091	0.164	0.708
17	427	55.698	21.340	4	104	90.669	1074	36	18	37	34.572	15.726	84.311	0.653	2.198	0.455	0.891
18	286	15.448	7.947	0	43	121.882	3955	37	21	29	25.866	14.078	72.303	0.242	1.837	0.544	0.600
19	202	16.025	8.038	1	40	90.912	2687	39	11	34	31.945	8.051	95.234	0.307	3.968	0.252	0.668
20	208	54.707	20.099	5	101	63.941	1578	47	13	25	24.530	10.796	77.120	0.639	2.272	0.440	0.867
21	201	54.507	20.832	5	103	66.770	2663	52	13	27	27.048	9.462	73.367	0.567	2.859	0.350	0.861
22	526	30.656	13.025	2	64	121.640	3888	53	18	48	45.103	14.849	91.362	0.447	3.037	0.329	0.828
23	16253	22.395	12.640	0	77	748.850	1503	57	155	204	184.580	112.114	67.403	0.364	1.646	0.607	0.832
24	60	10.800	5.781	0	23	42.870	227	59	12	12	10.541	7.248	19.312	0.410	1.454	0.688	0.612
25	801	29.115	14.931	1	91	171.338	3730	61	27	64	58.056	17.567	77.555	0.343	3.305	0.303	0.788
26	1867	32.942	14.743	1	77	263.664	1191	63	50	88	78.836	30.153	106.683	0.337	2.615	0.382	0.704
27	410	26.844	12.719	0	68	125.196	2854	66	21	46	40.506	12.888	65.505	0.329	3.143	0.318	0.737
28	7112	33.935	22.249	0	125	664.666	3598	74	121	196	190.501	47.534	57.454	0.202	4.008	0.250	0.689
29	43	16.023	6.364	3	34	30.627	3090	82	10	10	10.357	5.286	39.842	0.576	1.959	0.510	0.711
30	919	16.066	8.080	1	45	166.167	3306	86	35	47	43.927	26.638	64.533	0.418	1.649	0.606	0.793
31	1879	25.835	13.471	0	68	349.120	1907	87	32	134	107.627	22.229	88.040	0.194	4.842	0.207	0.693
32	3985	31.396	18.180	0	99	365.605	2488	93	44	134	128.920	39.357	92.996	0.375	3.276	0.305	0.876
33	368	27.120	13.099	2	63	104.468	2968	95	19	37	35.007	13.384	72.389	0.424	2.616	0.382	0.762
34	19	11.263	4.357	7	20	22.971	22	100	6	8	6.801	3.557	78.829	0.453	1.912	0.523	0.567
35	206	20.388	11.050	2	59	79.113	3990	104	9	33	32.337	8.111	88.648	0.414	3.987	0.251	0.832
36	215	16.395	7.507	3	36	77.497	2793	109	16	24	20.120	13.606	72.641	0.450	1.479	0.676	0.766
37	24295	26.171	16.731	0	113	1195.810	3718	115	181	285	241.217	128.239	65.674	0.214	1.881	0.532	0.721
38	211	22.711	9.807	2	51	73.255	1243	118	15	25	21.861	12.289	77.874	0.494	1.779	0.562	0.760
39	887	14.903	7.672	0	39	189.723	2331	122	38	47	39.352	28.699	60.509	0.310	1.371	0.729	0.767
40	157	22.363	10.187	1	46	58.527	849	123	12	24	22.677	8.815	73.606	0.576	2.572	0.389	0.807
41	510	13.425	6.963	0	33	141.439	889	124	33	32	26.185	24.798	82.724	0.320	1.056	0.947	0.722
42	511	23.432	12.581	1	55	119.296	2785	134	23	41	37.829	17.199	98.865	0.451	2.199	0.455	0.780
43	165	16.715	8.834	1	44	56.527	1877	143	14	19	17.656	11.899	67.992	0.649	1.484	0.674	0.827
44	1003	39.092	19.289	0	100	153.681	667	148	30	48	43.527	29.339	88.011	0.534	1.484	0.674	0.868
45	503	20.022	11.676	0	61	108.811	3546	156	24	35	30.625	20.912	84.761	0.534	1.464	0.683	0.815
46	10474	22.781	12.397	0	76	560.683	1026	163	121	163	130.192	102.433	80.536	0.419	1.271	0.787	0.848
47	9713	27.249	15.771	0	101	601.169	3398	165	109	180	166.673	74.199	117.215	0.338	2.246	0.445	0.796
48	85	15.376	8.871	2	39	55.456	3369	169	6	24	22.015	4.916	86.783	0.347	4.478	0.223	0.739
49	846	18.363	8.385	1	45	144.368	3697	169	39	32	35.489	30.352	14.691	0.510	1.169	0.855	0.839
50	44	13.227	6.761	2	30	37.799	258	175	6	16	13.560	4.131	84.553	0.387	3.282	0.305	0.677
51	60	23.867	11.386	2	54	33.213	1681	176	7	13	12.486	6.119	80.164	0.684	2.041	0.490	0.822
52	284	27.754	12.023	2	63	79.598	203	191	16	26	25.680	14.081	80.459	0.563	1.824	0.548	0.846
53	49	15.469	6.315	3	29	50.527	22	194	14	12	11.638	5.361	24.212	0.241	2.171	0.461	0.445
54	35	20.914	8.998	7	48	33.213	29	199	10	10	6.851	6.505	152.614	0.399	1.053	0.950	0.551
55	1029	16.428	8.550	0	51	154.995	365	201	37	41	37.534	34.906	66.758	0.538	1.075	0.930	0.850
56	828	20.819	10.731	0	62	127.154	1	214	28	41	38.445	27.422	100.169	0.644	1.402	0.713	0.908
57	3531	42.478	25.661	0	129	436.233	3350	218	43	156	149.886	29.995	87.208	0.233	4.997	0.200	0.655
58	671	30.444	14.751	1	84	126.125	232	227	26	46	43.799	19.506	72.455	0.530	2.245	0.445	0.862
59	92	17.120	6.798	2	33	59.598	2516	228	10	23	22.099	5.301	73.556	0.325	4.169	0.240	0.643
60	26	13.808	7.217	1	25	24.142	402	238	5	9	8.269	4.003	91.627	0.561	2.066	0.484	0.722
61	554	31.197	16.413	0	81	114.953	1296	243	22	45	41.925	16.825	74.303	0.527	2.492	0.401	0.846
62	5755	21.945	11.711	0	68	458.558	2047	249	69	127	119.102	61.523	87.147	0.344	1.936	0.517	0.839
63	4973	36.026	19.491	0	130	463.831	3622	253	83	150	144.510	43.816	72.214	0.290	3.298	0.303	0.654
64	6967	24.100	12.725	0	80	478.073	2332	259	94	147	145.840	60.824	66.908	0.383	2.398	0.417	0.807
65	18	12.389	6.031	4	27	19.899	352	262	4	8	7.030	3.260	87.021	0.571	2.156	0.464	0.720
66	2161	21.354	10.630	0	63	240.492	1172	264	58	62	60.988	45.115	55.269	0.470	1.352	0.740	0.868
67	975	22.115	12.464	0	65	210.794	49	271	26	70	60.769	20.428	80.260	0.276	2.975	0.336	0.753
68	6302	26.399	14.507	0	87	426.659	2762	275	97	118	119.843	66.954	121.597	0.435	1.790	0.559	0.854
69	890	28.718	12.976	2	67	147.196	1870	281	28	54	53.817	21.056	74.623	0.516	2.556	0.391	0.870
70	286	37.280	13.666	7	82	71.598	3424	291	16	26	26.090	13.958	83.172	0.701	1.869	0.535	0.881
71	3097	25.461	14.059	0	74	299.137	3948	293	51	107	86.790	45.434	95.932	0.435	1.910	0.523	0.860
72	21	13.667	6.902	1	28	22.142	363	296	4	9	8.461	3.160	87.970	0.538	2.678	0.373	0.700
73	1894	16.777	8.624	0	45	212.350	1798	297	41	66	62.626	38.507	92.572	0.528	1.626	0.615	0.876
74	71	24.775	8.933	10	47	42.627	891	301	9	16	13.707	6.595	85.075	0.491	2.078	0.481	0.700
75	2658	24.328	11.540	0	66	230.693	1330	305	50	78	74.025	45.718	97.907	0.628	1.619	0.618	0.923
76	218	50.472	21.089	3	87	71.012	1308	309	12	28	26.580	10.442	82.461	0.543	2.545	0.393	0.834
77	1861	27.732	11.611	0	65	199.137	946	314	56	50	53.463	44.320	160.427	0.590	1.206	0.829	0.894
78	4136	18.989	9.788	0	55	404.759	2450	318	59	119	108.496	48.538	95.911	0.317	2.235	0.447	0.812
79	43	23.930	10.044	4	44	32.971	3229	327	7	13	12.859	4.258	68.641	0.497	3.020	0.331	0.748
80	805	16.062	8.844	0	50	137.196	2990	334	31	39	35.935	28.522	93.469	0.537	1.260	0.794	0.854
81	552	24.107	11.412	2	67	108.468	3581	334	28	33	31.418	22.370	62.010	0.590	1.404	0.712	0.837
82	260	37.915	16.227	2	75	86.912	362	335	18	34	31.673	10.452	67.629	0.433	3.030	0.330	0.782
83	569	28.144	14.065	1	67	115.296	2916	336	20	44	43.261	16.747	84.065	0.538	2.583	0.387	0.852
84	117	20.521	9.600	1	46	45.698	3068	341	14	15	14.377	10.362	58.052	0.704	1.387	0.721	0.788
85	11448	26.681	15.368	0	97	700.264	713	351	99	208	177.837	81.963	86.490	0.293	2.170	0.461	0.798
86	35	19.543	8.215	4	39	22.728	3848	355	7	7	8.271	5.388	56.663	0.851	1.535	0.651	0.854
87	915	37.113	17.101	1	87	182.066	1542	361	25	68	64.205	18.145	81.215	0.347	3.538	0.283	0.799
88	37	13.946	8.452	3	38	26.971	511	364	7	10	9.145	5.151	61.482	0.639	1.775	0.563	0.747
89	122	22.418	11.423	3	71	56.770	2043	367	11	20	17.249	9.005	96.319	0.476	1.915	0.522	0.767
90	274	19.646	10.002	1	45	83.012	1015	370	14	32	29.842	11.690	91.808	0.500	2.553	0.392	0.799
91	18	16.167	7.808	3	28	19.314	1424	375	4	8	6.387	3.589	85.330	0.606	1.780	0.562	0.720
92	704	26.736	12.173	1	66	110.711	3284	384	31	36	33.134	27.053	105.410	0.722	1.225	0.816	0.887
93	2165	19.932	10.487	0	59	280.049	2292	390	47	75	69.635	39.586	106.599	0.347	1.759	0.568	0.828
94	99	18.535	8.090	1	41	44.627	2724	394	11	15	13.165	9.575	83.660	0.625	1.375	0.727	0.759
95	4543	17.510	9.138	0	62	494.056	2017	403	90	102	96.901	59.693	127.339	0.234	1.623	0.616	0.763
96	904	28.931	11.534	1	68	138.024	3570	403	34	40	37.849	30.411	87.807	0.596	1.245	0.803	0.864
97	115	17.148	7.743	2	36	48.527	928	418	16	15	13.753	10.646	37.663	0.614	1.292	0.774	0.735
98	853	31.894	18.786	2	100	161.439	1849	421	26	64	57.949	18.742	79.605	0.411	3.092	0.323	0.806
99	2425	20.533	10.221	0	60	243.664	2708	427	48	82	74.740	41.312	88.704	0.513	1.809	0.553	0.862
100	633	24.126	11.634	1	66	125.196	2414	431	27	38	35.650	22.608	76.735	0.507	1.577	0.634	0.820
101	104	17.260	8.175	3	37	47.456	2819	450	10	17	16.941	7.816	71.376	0.580	2.167	0.461	0.788
102	51	17.745	7.427	2	32	32.627	1530	454	8	12	10.654	6.095	86.782	0.602	1.748	0.572	0.718
103	119	31.933	14.280	4	66	54.284	540	455	13	20	22.311	6.791	69.395	0.507	3.285	0.304	0.783
104	198	20.909	9.874	1	46	69.012	383	470	14	27	22.087	11.414	96.996	0.522	1.935	0.517	0.780
105	3513	28.967	14.636	1	83	334.090	3702	474	82	77	88.722	50.415	34.279	0.396	1.760	0.568	0.826
106	8449	31.203	17.352	0	114	562.198	3477	480	96	178	150.084	71.677	72.281	0.336	2.094	0.478	0.810
107	3749	26.861	15.241	0	97	327.522	3951	481	48	116	108.661	43.929	84.342	0.439	2.474	0.404	0.882
108	134	16.851	9.338	1	44	59.355	3056	498	13	18	17.782	9.595	66.481	0.478	1.853	0.540	0.747
109	4032	31.067	16.744	0	102	410.960	2420	507	72	120	98.495	52.122	64.372	0.300	1.890	0.529	0.705
110	117	17.085	8.169	1	36	51.698	2682	507	12	17	14.860	10.025	88.679	0.550	1.482	0.675	0.755
111	3565	31.245	17.431	0	91	334.333	521	508	70	113	119.002	38.143	65.725	0.401	3.120	0.321	0.851
112	20	15.400	9.098	2	35	25.556	1082	517	6	8	7.658	3.325	73.636	0.385	2.303	0.434	0.548
113	704	15.972	8.469	0	48	157.238	194	526	31	41	41.781	21.454	64.322	0.358	1.948	0.513	0.804
114	643	29.675	12.739	1	65	136.368	3828	541	25	48	40.106	20.413	74.510	0.435	1.965	0.509	0.809
115	132	31.144	15.384	1	77	57.941	278	545	12	22	19.287	8.714	68.148	0.494	2.213	0.452	0.781
116	5839	30.069	15.482	0	92	410.659	2172	552	90	119	115.689	64.262	65.480	0.435	1.800	0.555	0.825
117	614	22.622	10.167	1	59	111.882	2843	555	29	32	31.296	24.980	53.592	0.616	1.253	0.798	0.840
118	2773	30.311	17.182	0	96	260.250	426	557	56	78	79.875	44.203	68.720	0.514	1.807	0.553	0.869
119	1403	25.163	12.050	1	64	202.309	1630	557	41	60	50.937	35.070	85.126	0.431	1.452	0.688	0.796
120	643	17.815	9.674	0	51	158.167	2723	565	29	57	54.727	14.960	62.629	0.323	3.658	0.273	0.740
121	284	58.306	22.608	2	106	83.255	3438	565	14	32	31.679	11.414	78.094	0.515	2.775	0.360	0.855
122	200	13.290	6.837	0	37	94.569	772	569	20	19	16.945	15.028	9.412	0.281	1.128	0.887	0.635
123	264	35.553	13.736	5	67	76.083	506	571	16	26	24.465	13.739	79.797	0.573	1.781	0.562	0.830
124	335	20.316	10.245	1	57	111.983	823	573	16	42	41.108	10.376	78.591	0.336	3.962	0.252	0.764
125	1024	28.076	13.071	1	66	159.823	295	574	40	47	41.467	31.441	95.431	0.504	1.319	0.758	0.838
126	2523	32.661	16.523	1	86	264.593	3085	577	43	97	98.316	32.674	76.870	0.453	3.009	0.332	0.875
127	1139	15.004	8.447	0	50	180.309	2656	593	30	62	57.353	25.286	98.373	0.440	2.268	0.441	0.819
128	798	23.999	10.688	1	55	134.610	2546	597	35	35	34.621	29.347	140.823	0.553	1.180	0.848	0.843
129	2477	33.541	21.770	1	117	338.676	3174	600	62	110	80.493	39.181	58.504	0.271	2.054	0.487	0.686
130	245	17.882	9.039	1	43	81.255	54	614	18	25	24.406	12.781	70.415	0.466	1.910	0.524	0.762
131	2562	32.194	21.452	0	103	447.647	1	620	48	157	139.978	23.304	74.339	0.161	6.007	0.166	0.662
132	75	19.240	8.908	2	46	38.627	3662	623	8	15	13.594	7.025	91.437	0.632	1.935	0.517	0.798
133	2240	22.334	14.731	0	88	399.103	472	625	40	109	97.465	29.262	94.463	0.177	3.331	0.300	0.687
134	5788	32.940	20.930	0	111	413.990	3934	635	65	150	129.171	57.052	93.731	0.424	2.264	0.442	0.848
135	31	14.581	7.252	3	28	28.971	2582	638	6	11	11.529	3.424	68.250	0.464	3.367	0.297	0.653
136	5878	27.602	13.931	0	82	397.245	893	639	78	125	110.450	67.760	78.952	0.468	1.630	0.613	0.899
137	4837	31.785	18.590	0	101	433.831	1025	656	59	151	138.485	44.472	84.063	0.323	3.114	0.321	0.785
138	6226	24.883	13.103	0	81	431.286	692	658	93	107	94.658	83.746	113.277	0.421	1.130	0.885	0.861
139	183	19.339	9.080	2	42	67.841	644	665	17	26	26.279	8.866	61.942	0.500	2.964	0.337	0.764
140	917	26.119	11.438	1	65	151.439	1523	675	25	54	52.630	22.184	82.537	0.502	2.372	0.422	0.868
141	826	29.125	15.047	1	78	134.953	1721	675	25	49	47.262	22.253	82.352	0.570	2.124	0.471	0.872
142	1024	23.226	11.851	0	80	165.823	1588	676	29	59	55.430	23.522	81.689	0.468	2.357	0.424	0.837
143	651	36.209	17.342	2	84	117.397	3872	678	26	42	42.225	19.630	66.482	0.594	2.151	0.465	0.876
144	54	15.204	7.396	2	32	34.728	2614	685	7	13	12.507	5.497	88.917	0.563	2.275	0.440	0.771
145	5040	23.225	11.990	0	74	393.245	2001	694	77	110	91.205	70.360	81.905	0.410	1.296	0.771	0.874
146	2018	19.615	9.386	0	58	231.421	1258	697	44	78	67.968	37.803	82.176	0.474	1.798	0.556	0.867
147	665	19.583	10.229	1	64	221.037	3551	700	39	63	55.952	15.133	64.098	0.171	3.697	0.270	0.551
148	437	23.362	9.609	1	54	97.154	2453	703	22	28	27.281	20.396	80.164	0.582	1.338	0.748	0.842
149	1138	25.112	12.035	1	58	166.995	189	705	40	51	55.146	26.275	57.017	0.513	2.099	0.476	0.865
150	113	16.177	8.019	2	36	48.870	2396	713	12	16	13.790	10.433	96.255	0.595	1.322	0.757	0.753
151	6071	24.660	13.554	0	83	428.174	2236	714	97	131	124.508	62.083	58.842	0.416	2.006	0.499	0.812
152	31	22.194	8.619	3	41	25.556	2319	715	8	8	6.374	6.192	71.176	0.596	1.029	0.971	0.713
153	12926	29.050	17.883	0	112	833.377	1482	719	113	250	214.006	76.904	78.068	0.234	2.783	0.359	0.764
154	173	14.121	8.329	0	40	59.941	3621	721	13	22	18.319	12.024	89.306	0.605	1.524	0.656	0.807
155	247	42.664	20.708	2	91	96.669	3505	727	13	40	39.043	8.055	77.625	0.332	4.847	0.206	0.780
156	862	35.606	17.218	1	89	139.196	362	737	24	54	50.544	21.714	83.790	0.559	2.328	0.430	0.880
157	4044	24.514	13.151	0	78	468.558	949	748	49	141	140.452	36.660	87.853	0.231	3.831	0.261	0.746
158	99	26.737	10.610	3	57	53.698	3775	765	11	20	17.110	7.367	82.115	0.431	2.322	0.431	0.667
159	10681	31.539	18.737	0	104	693.495	2964	775	127	183	183.624	74.062	61.657	0.279	2.479	0.403	0.777
160	8306	38.245	21.507	1	127	702.423	734	783	103	208	186.571	56.684	69.992	0.212	3.291	0.304	0.652
161	1603	19.891	10.157	0	63	229.338	3962	783	37	75	66.530	30.678	73.759	0.383	2.169	0.461	0.822
162	98	25.878	12.670	0	62	45.456	2046	787	12	14	12.805	9.744	102.011	0.596	1.314	0.761	0.748
163	473	42.712	19.468	1	102	101.740	2594	788	21	38	35.391	17.017	77.777	0.574	2.080	0.481	0.873
164	32	19.875	8.214	3	37	27.556	214	792	7	10	8.586	4.745	77.109	0.530	1.809	0.553	0.667
165	671	27.088	12.806	1	68	150.267	1302	793	27	45	42.653	20.030	63.914	0.373	2.129	0.470	0.824
166	33	9.091	4.551	2	21	43.213	3837	793	11	10	8.502	4.942	34.049	0.222	1.721	0.581	0.452
167	1459	21.208	12.835	0	79	230.108	651	794	35	79	72.271	25.704	94.642	0.346	2.812	0.356	0.777
168	623	17.034	8.255	1	40	126.468	2064	800	27	35	31.821	24.928	77.151	0.489	1.277	0.783	0.814
169	6550	22.946	11.042	0	78	436.801	3450	800	94	119	106.592	78.239	75.291	0.431	1.362	0.734	0.860
170	97	12.897	6.639	3	29	50.527	3842	801	13	15	13.394	9.221	129.890	0.477	1.453	0.688	0.700
171	8368	23.594	12.852	0	88	499.328	3720	803	90	137	139.888	76.164	75.008	0.422	1.837	0.544	0.896
172	1422	32.263	15.459	1	87	221.966	438	831	29	88	80.637	22.453	83.417	0.363	3.591	0.278	0.828
173	715	17.794	8.676	0	48	118.125	1391	831	30	38	36.255	25.110	70.220	0.644	1.444	0.693	0.858
174	32	12.625	8.507	2	39	30.142	2934	835	5	12	12.444	3.274	81.063	0.443	3.800	0.263	0.688
175	39	15.795	8.588	2	33	42.627	2087	838	7	18	16.092	3.086	73.393	0.270	5.215	0.192	0.609
176	56	15.536	8.977	1	41	37.456	3609	845	8	14	12.003	5.941	72.854	0.502	2.020	0.495	0.709
177	441	15.138	8.210	1	41	139.681	1001	860	22	40	33.990	16.519	88.987	0.284	2.058	0.486	0.703
178	45	23.756	9.133	1	43	31.556	1755	867	6	12	10.173	5.632	85.578	0.568	1.806	0.554	0.744
179	14750	27.043	16.321	0	97	799.862	1072	875	128	211	174.957	107.343	93.662	0.290	1.630	0.614	0.764
180	833	30.107	12.802	3	73	133.539	1390	876	31	43	40.245	26.353	64.835	0.587	1.527	0.655	0.849
181	134	13.381	6.703	1	31	78.326	1020	877	21	23	24.725	6.901	55.142	0.274	3.583	0.279	0.569
182	67	20.597	9.703	1	39	40.042	846	883	9	14	13.757	6.201	73.582	0.525	2.219	0.451	0.720
183	1356	20.232	10.067	0	66	211.723	2090	884	46	51	55.551	31.080	46.192	0.380	1.787	0.559	0.820
184	1269	31.540	12.589	1	70	150.610	268	886	39	47	44.139	36.606	77.401	0.703	1.206	0.829	0.901
185	1183	32.135	15.927	1	83	160.267	789	893	36	50	50.805	29.647	103.112	0.579	1.714	0.584	0.849
186	17	24.000	11.763	9	44	19.314	1041	900	5	7	6.436	3.363	79.041	0.573	1.914	0.523	0.654
187	307	15.453	8.008	0	39	91.740	3528	903	17	32	29.211	13.381	85.229	0.458	2.183	0.458	0.781
188	34	17.676	10.108	0	39	31.213	395	904	7	11	9.308	4.651	75.753	0.439	2.001	0.500	0.648
189	119	24.697	11.601	2	61	55.698	1020	910	8	23	19.969	7.587	84.027	0.482	2.632	0.380	0.807
190	766	19.022	10.419	1	55	150.024	2181	918	36	41	41.661	23.411	42.634	0.428	1.780	0.562	0.791
191	2259	30.764	17.481	1	101	275.179	944	921	46	88	76.191	37.751	100.628	0.375	2.018	0.495	0.817
192	49	17.694	9.202	2	39	30.385	1330	933	8	11	10.294	6.061	75.261	0.667	1.699	0.589	0.760
193	22	15.273	6.104	4	25	31.213	1468	936	9	7	6.049	4.631	170.635	0.284	1.306	0.766	0.489
194	187	33.396	15.469	4	70	63.941	2912	953	13	24	23.434	10.160	73.217	0.575	2.306	0.434	0.815
195	85	12.200	5.930	0	29	53.113	94	955	14	14	11.216	9.650	28.453	0.379	1.162	0.860	0.605
196	70	19.686	9.386	2	40	41.456	920	965	8	16	15.547	5.733	74.759	0.512	2.712	0.369	0.749
197	270	33.041	11.763	5	68	74.426	1228	969	16	27	23.989	14.330	75.301	0.613	1.674	0.597	0.839
198	102	13.147	5.992	3	31	51.698	2018	971	10	19	16.410	7.914	72.517	0.480	2.073	0.482	0.723
199	105	22.705	10.548	4	47	49.698	3455	995	10	18	18.087	7.392	78.284	0.534	2.447	0.409	0.766
200	2301	26.314	12.021	0	71	294.291	2391	1001	48	94	86.147	34.009	86.248	0.334	2.533	0.395	0.707
201	92	15.739	7.757	3	37	50.284	962	1009	10	20	18.223	6.428	69.181	0.457	2.835	0.353	0.757
202	80	20.075	9.501	1	43	42.627	3460	1011	7	17	14.659	6.949	85.017	0.553	2.110	0.474	0.808
203	80	19.225	8.793	3	41	56.527	3654	1012	9	22	18.019	5.653	73.626	0.315	3.188	0.314	0.620
204	23	13.565	6.632	4	31	26.142	402	1016	5	10	8.678	3.375	88.850	0.423	2.571	0.389	0.605
205	6838	24.593	12.472	0	85	506.884	35	1018	89	139	134.363	64.798	68.303	0.334	2.074	0.482	0.838
206	719	33.601	18.074	2	96	165.882	2050	1020	19	71	59.966	15.266	87.472	0.328	3.928	0.255	0.769
207	4773	24.307	13.117	0	104	626.039	1239	1023	68	158	133.084	45.664	88.149	0.153	2.914	0.343	0.596
208	22	14.182	7.768	2	32	20.728	596	1024	5	8	7.582	3.694	67.218	0.643	2.053	0.487	0.710
209	1043	25.598	11.049	2	57	162.167	3776	1026	33	49	47.642	27.875	76.509	0.498	1.709	0.585	0.862
210	2149	27.336	14.447	0	72	313.220	2484	1029	51	84	67.452	40.565	113.092	0.275	1.663	0.601	0.693
211	84	23.821	12.348	1	48	45.456	941	1041	8	18	18.339	5.832	73.081	0.511	3.145	0.318	0.800
212	4306	21.740	11.126	0	75	415.730	1343	1045	102	88	95.953	57.138	135.409	0.313	1.679	0.595	0.757
213	2611	24.923	12.490	0	72	255.806	3905	1056	53	83	76.397	43.515	99.906	0.501	1.756	0.570	0.878
214	67	15.299	8.152	0	39	50.527	3348	1063	8	15	13.641	6.254	93.385	0.330	2.181	0.458	0.615
215	12323	25.698	14.909	0	104	723.779	393	1069	138	182	184.902	84.857	61.425	0.296	2.179	0.459	0.781
216	236	25.589	11.689	1	65	67.012	3585	1088	19	19	21.017	14.298	53.980	0.660	1.470	0.680	0.831
217	24671	25.551	15.917	0	107	1214.136	2095	1090	197	256	234.658	133.863	51.817	0.210	1.753	0.570	0.778
218	23	19.696	9.551	5	49	20.971	151	1097	6	8	7.857	3.727	62.832	0.657	2.108	0.474	0.730
219	2776	30.410	19.131	0	127	327.505	1774	1125	60	92	73.974	47.781	76.669	0.325	1.548	0.646	0.772
220	6157	29.624	16.815	0	113	538.884	3164	1149	87	144	119.518	65.592	107.559	0.266	1.822	0.549	0.734
221	27	11.444	5.879	3	21	20.142	506	1153	6	7	7.026	4.893	76.383	0.836	1.436	0.696	0.806
222	567	20.723	9.961	2	53	137.924	2137	1155	30	44	45.451	15.884	55.150	0.375	2.862	0.349	0.780
223	4126	29.942	22.496	0	120	389.789	1944	1156	66	128	126.056	41.675	66.815	0.341	3.025	0.331	0.858
224	103	12.680	7.215	1	37	59.355	1200	1157	13	21	19.627	6.682	59.951	0.367	2.938	0.340	0.632
225	193	22.275	10.783	0	57	64.426	1750	1157	17	20	19.320	12.719	60.357	0.584	1.519	0.658	0.769
226	3314	30.739	17.147	0	93	285.463	3681	1158	58	93	83.899	50.293	84.285	0.511	1.668	0.599	0.874
227	457	27.558	12.578	2	67	111.497	2574	1161	17	46	43.144	13.487	94.181	0.462	3.199	0.313	0.829
228	261	21.479	9.867	1	47	85.841	3149	1162	16	33	28.220	11.776	104.657	0.445	2.396	0.417	0.760
229	42	13.929	7.393	2	29	32.385	1632	1165	7	12	11.686	4.576	65.389	0.503	2.554	0.392	0.718
230	1047	28.172	15.076	0	84	183.966	2100	1169	33	64	60.368	22.082	72.667	0.389	2.734	0.366	0.774
231	53	20.679	8.733	4	41	33.213	3587	1173	8	13	11.051	6.106	88.556	0.604	1.810	0.553	0.731
232	2472	38.841	22.341	0	101	215.723	3948	1178	44	75	75.347	41.773	83.958	0.668	1.804	0.554	0.934
233	687	17.651	8.812	0	48	136.468	3833	1196	27	44	41.285	21.187	69.092	0.464	1.949	0.513	0.823
234	78	18.795	9.146	0	41	46.042	16	1197	11	15	15.781	6.293	74.714	0.462	2.508	0.399	0.684
235	36	19.889	8.602	2	44	28.142	1165	1199	6	11	10.397	4.409	82.342	0.571	2.358	0.424	0.774
236	683	21.059	9.772	1	50	135.782	3599	1202	22	54	47.753	18.211	87.115	0.466	2.622	0.381	0.842
237	1563	29.422	15.255	0	87	183.723	1449	1204	40	68	68.394	29.097	64.708	0.582	2.351	0.425	0.895
238	117	32.735	13.067	2	61	45.213	3045	1209	9	18	18.162	8.202	76.255	0.719	2.214	0.452	0.897
239	183	16.831	7.930	1	38	77.012	1209	1216	19	18	15.449	15.082	4.176	0.388	1.024	0.976	0.691
240	9991	25.188	14.635	0	92	546.299	841	1218	112	164	158.090	80.466	64.126	0.421	1.965	0.509	0.888
241	887	36.172	17.906	1	90	145.196	3410	1219	29	51	47.457	23.798	78.763	0.529	1.994	0.501	0.845
242	9216	22.132	11.142	0	68	463.428	1797	1225	89	156	145.536	80.627	81.342	0.539	1.805	0.554	0.925
243	1717	25.189	12.178	1	63	194.894	3852	1227	36	66	67.523	32.376	84.778	0.568	2.086	0.479	0.890
244	66	19.167	9.220	2	37	41.799	2400	1233	7	16	15.252	5.510	75.920	0.475	2.768	0.361	0.754
245	416	22.281	11.879	1	62	116.225	1296	1237	19	47	46.567	11.374	77.384	0.387	4.094	0.244	0.778
246	4452	24.975	13.476	0	74	383.446	743	1242	66	126	119.164	47.569	68.496	0.381	2.505	0.399	0.876
247	63	14.381	7.017	3	32	39.456	2100	1242	9	14	13.093	6.126	72.791	0.509	2.137	0.468	0.677
248	74	14.527	7.419	1	31	61.355	3349	1246	11	22	21.052	4.476	71.574	0.247	4.704	0.213	0.502
249	16	8.250	4.282	2	18	19.314	306	1253	7	5	5.555	3.668	18.368	0.539	1.514	0.660	0.696
250	231	21.416	10.889	2	55	79.740	2032	1257	16	24	24.103	12.203	74.965	0.457	1.975	0.506	0.752
251	97	12.979	6.762	1	34	63.598	303	1267	11	20	14.487	8.525	79.796	0.301	1.699	0.588	0.599
252	83	11.313	7.133	1	34	58.770	1601	1280	12	17	13.669	7.731	106.019	0.302	1.768	0.566	0.613
253	21	19.095	8.282	7	35	20.728	2748	1296	5	8	6.447	4.147	92.732	0.614	1.554	0.643	0.700
254	2916	29.492	15.651	0	88	281.806	11	1297	45	104	100.987	36.765	83.454	0.461	2.747	0.364	0.892
255	914	18.000	9.060	0	52	153.338	595	1300	35	42	40.972	28.403	116.975	0.488	1.442	0.693	0.831
256	2985	40.600	21.943	0	119	249.865	78	1301	52	89	86.952	43.709	73.439	0.601	1.989	0.503	0.917
257	497	19.527	8.661	1	45	113.640	1601	1303	22	38	33.642	18.810	87.474	0.484	1.789	0.559	0.809
258	4020	18.607	9.852	0	71	476.600	1701	1308	79	96	88.272	57.985	129.703	0.222	1.522	0.657	0.724
259	6018	30.199	16.565	0	92	441.245	2862	1308	75	137	130.358	58.779	82.066	0.388	2.218	0.451	0.826
260	1828	27.523	14.116	0	75	260.250	1073	1316	41	81	73.709	31.577	83.129	0.339	2.334	0.428	0.767
261	834	31.832	13.354	2	75	137.439	2720	1327	35	37	33.800	31.417	64.261	0.555	1.076	0.929	0.835
262	142	32.782	13.813	1	67	54.527	653	1339	11	22	20.098	8.996	72.528	0.600	2.234	0.448	0.823
263	42	15.286	7.530	3	31	32.971	547	1341	6	14	13.535	3.951	68.935	0.486	3.426	0.292	0.743
264	82	14.829	7.159	0	36	62.284	3604	1344	11	18	14.778	7.065	108.061	0.266	2.092	0.478	0.601
265	76	12.118	5.012	1	24	40.385	1	1349	9	15	12.150	7.964	92.739	0.586	1.526	0.655	0.826
266	2844	25.430	12.491	0	67	245.664	544	1351	61	70	69.002	52.478	59.216	0.592	1.315	0.761	0.898
267	607	27.295	13.998	1	67	107.397	2408	1351	24	36	38.550	20.048	73.095	0.661	1.923	0.520	0.885
268	2674	23.776	11.127	0	60	253.179	1272	1356	68	62	72.120	47.208	31.566	0.524	1.528	0.655	0.874
269	2810	39.980	24.491	1	125	294.593	3217	1359	41	106	103.170	34.679	80.460	0.407	2.975	0.336	0.879
270	18	14.556	6.382	4	28	19.314	3110	1363	4	8	8.530	2.687	68.535	0.606	3.175	0.315	0.750
271	1748	41.454	22.125	1	109	233.179	305	1366	42	81	78.956	28.188	66.124	0.404	2.801	0.357	0.847
272	209	19.325	10.058	0	49	82.912	2109	1367	16	30	27.305	9.746	66.820	0.382	2.802	0.357	0.723
273	77	14.662	6.803	3	33	44.870	1182	1368	10	14	13.415	7.308	76.130	0.481	1.835	0.545	0.678
274	192	21.958	11.430	2	61	56.770	272	1372	14	19	17.964	13.608	98.545	0.749	1.320	0.758	0.883
275	87	26.310	10.389	3	51	38.042	2946	1379	10	14	13.875	7.984	72.156	0.755	1.738	0.575	0.817
276	35	13.943	8.156	3	34	29.799	3477	1381	7	11	9.370	4.756	90.304	0.495	1.970	0.508	0.631
277	60	23.133	10.695	3	54	34.971	2762	1383	6	15	15.327	4.984	78.492	0.617	3.075	0.325	0.839
278	92	18.707	9.614	4	51	39.799	2031	1390	10	13	12.059	9.713	87.761	0.730	1.242	0.805	0.821
279	17	16.176	9.541	1	38	15.899	1429	1409	4	6	6.096	3.550	74.408	0.845	1.717	0.582	0.829
280	373	27.038	12.018	1	58	94.326	746	1414	20	34	31.625	15.017	70.627	0.527	2.106	0.475	0.803
281	3527	35.325	20.063	0	100	369.990	2476	1424	48	145	127.509	35.219	82.731	0.324	3.620	0.276	0.847
282	23	11.217	6.619	2	27	18.728	3427	1428	5	7	7.022	4.170	70.519	0.824	1.684	0.594	0.821
283	2749	26.757	12.826	0	69	248.350	16	1440	48	85	80.612	43.420	98.562	0.560	1.857	0.539	0.891
284	118	29.805	13.249	4	71	60.184	667	1442	13	19	18.058	8.320	61.392	0.409	2.170	0.461	0.717
285	145	29.503	12.411	2	72	55.355	1360	1446	12	21	17.991	10.262	77.897	0.595	1.753	0.570	0.797
286	185	22.427	11.564	1	54	74.912	2276	1452	15	27	25.828	9.120	68.283	0.414	2.832	0.353	0.731
287	313	26.850	13.065	1	67	80.083	2951	1455	17	30	28.051	14.207	76.409	0.613	1.974	0.506	0.851
288	219	13.991	7.429	0	38	90.326	3929	1457	16	26	22.981	12.133	90.208	0.337	1.894	0.528	0.701
289	39	20.000	9.913	4	44	27.799	2574	1466	6	11	9.683	5.128	83.293	0.634	1.888	0.530	0.750
290	308	26.750	10.343	0	52	80.083	2761	1471	21	24	24.913	15.741	64.543	0.603	1.583	0.632	0.818
291	2838	26.768	14.338	0	82	310.877	3727	1478	61	91	78.048	46.298	81.353	0.369	1.686	0.593	0.801
292	128	22.195	10.989	2	56	53.698	3602	1481	11	20	17.961	9.074	78.462	0.558	1.979	0.505	0.790
293	326	29.408	18.195	0	84	77.012	1346	1487	18	29	27.185	15.268	79.818	0.691	1.781	0.562	0.861
294	752	19.900	9.696	0	52	143.439	2086	1487	26	44	40.128	23.861	101.462	0.459	1.682	0.595	0.828
295	27	12.778	6.148	4	27	25.556	818	1495	9	6	8.660	3.970	21.918	0.519	2.181	0.458	0.651
296	22	13.455	7.806	3	27	20.142	1824	1495	5	8	7.469	3.750	116.838	0.681	1.992	0.502	0.772
297	571	19.816	9.776	0	55	136.024	845	1497	28	34	30.740	23.651	82.260	0.388	1.300	0.769	0.805
298	324	51.074	23.089	6	106	93.740	1417	1498	15	33	31.115	13.258	79.394	0.463	2.347	0.426	0.797
299	3911	21.852	10.931	0	64	329.546	3113	1499	90	77	88.202	56.457	36.051	0.453	1.562	0.640	0.846
300	86	24.105	8.980	6	48	42.385	3120	1508	8	17	17.244	6.350	69.932	0.602	2.716	0.368	0.847
301	486	43.179	19.360	4	96	119.296	1780	1511	24	45	48.542	12.748	68.357	0.429	3.808	0.263	0.834
302	20	12.950	6.108	0	25	18.728	2354	1513	6	6	6.484	3.928	57.337	0.717	1.651	0.606	0.755
303	2279	26.213	15.367	0	94	231.421	3240	1513	48	80	74.048	39.187	72.222	0.535	1.890	0.529	0.882
304	1440	31.787	15.839	1	81	192.208	3387	1513	48	58	59.433	30.849	54.346	0.490	1.927	0.519	0.844
305	808	20.949	9.359	0	53	147.095	2790	1515	41	37	43.075	23.884	28.304	0.469	1.804	0.554	0.785
306	19	16.737	7.738	7	38	23.799	2122	1520	6	9	8.322	2.907	69.741	0.422	2.863	0.349	0.535
307	687	31.549	14.438	1	76	140.368	288	1523	23	50	43.440	20.136	89.307	0.438	2.157	0.464	0.837
308	18	17.667	9.094	4	37	22.728	1325	1523	5	8	6.796	3.372	75.534	0.438	2.015	0.496	0.600
309	286	21.332	10.269	1	58	78.912	172	1529	17	29	26.807	13.584	79.025	0.577	1.973	0.507	0.797
310	3594	35.842	19.913	0	108	327.262	3826	1532	75	103	115.741	39.537	62.358	0.422	2.927	0.342	0.847
311	503	14.535	7.935	1	43	127.782	1952	1536	30	28	26.550	24.122	38.726	0.387	1.101	0.909	0.817
312	196	18.281	11.502	1	54	65.012	1340	1537	13	25	22.353	11.164	77.398	0.583	2.002	0.499	0.827
313	62	12.484	7.583	2	34	75.841	232	1540	15	14	10.247	7.704	18.718	0.135	1.330	0.752	0.385
314	711	19.602	9.312	0	52	120.711	393	1541	28	38	36.915	24.523	78.066	0.613	1.505	0.664	0.854
315	1464	17.854	9.061	0	50	220.108	1889	1541	41	64	54.409	34.260	87.588	0.380	1.588	0.630	0.794
316	1630	19.041	9.227	0	57	205.037	791	1547	42	59	57.056	36.374	75.762	0.487	1.569	0.638	0.869
317	2278	28.162	16.077	0	82	274.735	3659	1547	63	71	67.176	43.177	51.386	0.379	1.556	0.643	0.778
318	21	12.714	5.149	3	22	18.728	238	1553	6	6	5.457	4.899	142.810	0.752	1.114	0.898	0.764
319	631	26.368	11.711	1	67	117.640	3325	1554	26	33	33.208	24.193	107.046	0.573	1.373	0.729	0.868
320	2524	35.647	19.894	0	107	306.534	302	1558	54	106	106.320	30.226	65.185	0.338	3.517	0.284	0.832
321	5196	30.484	17.508	0	108	548.198	3726	1559	93	170	166.801	39.662	61.572	0.217	4.206	0.238	0.702
322	9115	23.979	12.364	0	73	575.553	488	1570	131	129	139.306	83.310	39.930	0.346	1.672	0.598	0.837
323	776	29.156	13.899	1	67	140.368	1983	1571	26	45	40.269	24.536	85.126	0.495	1.641	0.609	0.851
324	1611	21.974	10.835	0	57	225.522	1694	1577	36	73	68.053	30.141	89.687	0.398	2.258	0.443	0.779
325	700	15.814	8.116	0	50	124.711	2641	1580	32	32	30.576	29.150	48.467	0.566	1.049	0.953	0.841
326	43	11.884	5.015	2	22	46.042	1627	1581	17	6	14.153	3.868	0.860	0.255	3.659	0.273	0.506
327	428	23.787	12.625	1	56	105.054	926	1588	20	39	37.508	14.529	68.442	0.487	2.582	0.387	0.831
328	260	16.242	8.472	1	47	85.397	644	1589	18	27	23.767	13.929	66.576	0.448	1.706	0.586	0.725
329	938	17.536	8.855	0	53	161.338	1029	1595	33	50	49.884	23.942	64.462	0.453	2.084	0.480	0.825
330	355	15.820	8.094	1	41	108.953	2505	1597	25	31	26.894	16.807	62.152	0.376	1.600	0.625	0.716
331	37824	20.570	14.887	0	100	1164.739	2139	1599	185	333	278.673	172.815	85.691	0.350	1.613	0.620	0.882
332	26	12.462	6.224	0	28	28.971	2668	1604	6	11	9.753	3.394	73.495	0.389	2.873	0.348	0.584
333	3038	31.820	18.202	1	94	288.635	1739	1607	50	98	98.244	39.372	78.287	0.458	2.495	0.401	0.884
334	565	15.740	7.980	0	38	125.539	3580	1607	29	31	29.875	24.080	50.206	0.451	1.241	0.806	0.807
335	922	34.887	16.697	2	79	147.439	3195	1609	32	54	44.098	26.621	100.412	0.533	1.657	0.604	0.802
336	55	16.745	8.963	3	51	36.971	2976	1610	8	14	13.395	5.228	77.617	0.506	2.562	0.390	0.728
337	61	21.213	10.442	4	44	37.213	3962	1611	8	15	14.641	5.305	68.515	0.554	2.760	0.362	0.792
338	164	21.415	10.782	3	60	59.698	3275	1621	13	22	22.596	9.241	68.611	0.578	2.445	0.409	0.826
339	1250	28.829	14.888	1	78	223.765	1308	1625	42	77	78.051	20.391	65.921	0.314	3.828	0.261	0.776
340	775	19.175	9.171	1	52	140.853	30	1628	36	38	39.946	24.703	39.734	0.491	1.617	0.618	0.825
341	794	42.169	20.020	4	108	147.296	3894	1633	22	57	51.453	19.648	87.944	0.460	2.619	0.382	0.852
342	5463	23.241	11.803	0	73	401.588	194	1644	104	98	113.463	61.304	39.667	0.426	1.851	0.540	0.865
343	29	18.655	12.286	1	53	24.971	1598	1653	6	10	7.953	4.643	78.386	0.584	1.713	0.584	0.716
344	9418	27.490	18.554	0	112	656.281	2918	1653	101	180	141.628	84.668	90.273	0.275	1.673	0.598	0.723
345	31	20.387	8.709	2	37	30.042	2763	1657	7	10	8.996	4.388	65.529	0.432	2.050	0.488	0.626
346	817	55.515	21.831	7	113	146.610	3317	1667	33	56	61.023	17.047	63.119	0.478	3.580	0.279	0.863
347	561	33.939	14.622	2	77	144.267	2516	1671	28	48	47.470	15.047	68.665	0.339	3.155	0.317	0.729
348	49	12.612	7.339	1	33	52.527	1801	1678	8	20	16.366	3.812	77.269	0.223	4.293	0.233	0.495
349	35677	23.696	16.241	0	100	1105.075	3860	1683	139	379	360.239	126.098	81.583	0.367	2.857	0.350	0.888
350	16248	34.322	23.227	0	134	1000.975	605	1695	149	323	306.895	67.409	70.145	0.204	4.553	0.220	0.680
351	1531	31.011	14.825	0	91	272.735	3239	1701	42	98	80.425	24.238	71.919	0.259	3.318	0.301	0.689
352	111	22.586	10.120	4	47	47.698	663	1717	12	18	14.937	9.462	79.517	0.613	1.579	0.633	0.779
353	44	9.205	5.433	1	26	56.770	2017	1721	9	14	10.093	5.550	105.985	0.172	1.818	0.550	0.458
354	860	23.970	13.373	1	68	177.238	37	1727	24	59	56.763	19.290	81.536	0.344	2.943	0.340	0.817
355	55	26.491	9.722	4	48	37.456	2638	1731	8	14	11.836	5.916	75.318	0.493	2.001	0.500	0.683
356	56	17.804	7.719	4	39	40.627	2655	1736	7	17	16.040	4.445	77.246	0.426	3.608	0.277	0.709
357	1171	15.614	7.994	0	45	190.551	343	1743	31	62	59.463	25.074	81.066	0.405	2.372	0.422	0.815
358	5010	29.485	15.242	0	95	541.955	2501	1748	119	133	142.997	44.609	39.862	0.214	3.206	0.312	0.636
359	3229	28.476	15.603	0	85	321.747	2609	1759	66	84	73.373	56.033	67.357	0.392	1.309	0.764	0.867
360	71	29.070	12.395	4	67	38.385	2887	1759	9	14	16.155	5.596	69.307	0.606	2.887	0.346	0.840
361	1502	19.308	9.114	0	57	185.966	644	1764	42	53	50.412	37.936	77.127	0.546	1.329	0.753	0.862
362	263	18.380	9.136	1	45	78.083	1428	1769	16	29	28.335	11.818	69.629	0.542	2.398	0.417	0.807
363	428	14.280	7.120	1	42	111.640	3262	1784	22	28	27.400	19.888	81.201	0.432	1.378	0.726	0.795
364	8508	21.835	10.950	0	70	816.690	264	1793	139	120	124.618	86.927	177.141	0.160	1.434	0.698	0.606
365	105	16.286	9.077	1	39	61.598	1558	1795	10	21	19.877	6.726	79.090	0.348	2.955	0.338	0.662
366	55	25.436	11.830	2	58	31.799	2423	1807	8	12	11.295	6.200	73.349	0.684	1.822	0.549	0.803
367	2076	26.433	13.770	0	85	231.179	3271	1813	66	57	70.419	37.536	26.199	0.488	1.876	0.533	0.811
368	64	18.328	9.811	4	48	37.456	2722	1821	8	14	14.065	5.793	74.698	0.573	2.428	0.412	0.762
369	1702	28.189	12.920	0	75	198.894	1841	1843	41	60	60.125	36.043	104.815	0.541	1.668	0.599	0.890
370	142	26.866	12.933	3	60	61.698	3803	1853	9	25	25.607	7.061	79.767	0.469	3.627	0.276	0.823
371	829	26.454	14.065	1	74	134.610	2852	1877	28	44	42.083	25.082	77.821	0.575	1.678	0.596	0.863
372	21	15.238	6.340	5	27	21.314	3692	1879	4	9	7.511	3.560	97.771	0.581	2.110	0.474	0.764
373	135	24.341	11.054	1	51	60.527	1459	1881	11	22	22.618	7.600	78.331	0.463	2.976	0.336	0.771
374	231	29.693	12.819	1	63	75.012	2674	1885	15	28	27.764	10.593	68.830	0.516	2.621	0.382	0.828
375	155	24.774	12.655	1	53	56.527	2398	1889	13	21	20.970	9.411	76.018	0.610	2.228	0.449	0.829
376	655	26.446	13.771	1	73	154.267	1120	1893	34	42	43.608	19.124	42.901	0.346	2.280	0.439	0.682
377	890	31.513	16.076	1	84	136.711	3198	1896	26	48	46.299	24.475	84.633	0.598	1.892	0.529	0.887
378	6740	33.196	18.968	0	112	710.950	1879	1897	140	227	224.583	38.211	56.596	0.168	5.877	0.170	0.654
379	479	22.530	10.095	0	53	111.640	426	1899	26	34	33.030	18.464	55.475	0.483	1.789	0.559	0.801
380	1851	24.510	12.400	0	68	189.480	91	1902	48	55	55.744	42.278	59.931	0.648	1.318	0.758	0.908
381	6091	25.342	11.505	0	67	385.446	2555	1905	90	100	103.015	75.283	51.384	0.515	1.368	0.731	0.901
382	82	22.293	9.802	2	45	37.799	3081	1914	8	15	14.445	7.228	86.519	0.721	1.999	0.500	0.850
383	312	16.346	8.320	1	44	117.640	2425	1915	17	43	41.144	9.655	102.249	0.283	4.261	0.235	0.678
384	625	19.379	9.154	1	52	125.196	2892	1915	26	39	36.682	21.694	80.180	0.501	1.691	0.591	0.825
385	31	12.258	6.191	1	27	31.213	1198	1917	7	12	12.172	3.243	70.321	0.400	3.754	0.266	0.667
386	149	16.852	8.827	1	38	60.184	3045	1920	14	18	16.698	11.362	78.802	0.517	1.470	0.680	0.762
387	127	33.543	12.885	3	73	53.941	489	1923	12	20	21.147	7.646	70.458	0.548	2.766	0.362	0.786
388	494	17.755	9.569	0	52	125.782	3111	1935	25	37	36.133	17.407	70.221	0.392	2.076	0.482	0.780
389	433	26.402	12.157	1	70	88.912	1722	1953	22	32	31.648	17.420	67.911	0.688	1.817	0.550	0.879
390	75	15.533	7.960	1	35	49.941	109	1959	10	15	14.213	6.719	80.169	0.378	2.115	0.473	0.633
391	3686	20.680	10.359	0	60	309.605	1195	1959	68	83	75.596	62.082	85.534	0.483	1.218	0.821	0.899
392	38	14.026	9.275	0	31	27.213	312	1960	10	7	9.188	5.266	158.842	0.645	1.745	0.573	0.731
393	101	28.000	12.755	2	57	55.598	538	1965	11	21	21.371	6.017	71.163	0.411	3.552	0.282	0.737
394	462	14.781	7.749	0	43	115.054	2790	1966	24	32	30.312	19.406	71.760	0.439	1.562	0.640	0.767
395	20	11.300	7.356	0	26	20.485	3588	1982	6	6	5.824	4.373	25.946	0.599	1.332	0.751	0.714
396	1390	17.952	8.913	0	52	204.108	1424	1983	47	46	48.885	36.203	47.666	0.419	1.350	0.741	0.853
397	488	18.555	9.124	1	57	130.468	1165	1993	21	42	36.398	17.071	88.722	0.360	2.132	0.469	0.760
398	90	11.856	6.457	0	34	50.284	3102	1995	9	21	18.290	6.265	78.074	0.447	2.919	0.343	0.729
399	84	21.345	11.637	1	48	46.870	1119	2003	10	18	17.901	5.975	65.706	0.481	2.996	0.334	0.764
400	723	18.219	9.303	1	46	133.196	2265	2007	32	37	35.002	26.300	77.166	0.512	1.331	0.751	0.832
401	236	16.911	8.037	1	39	75.841	3109	2007	17	23	21.929	13.703	69.058	0.516	1.600	0.625	0.803
402	125	19.120	10.272	0	46	61.113	3073	2011	11	25	24.622	6.464	73.297	0.421	3.809	0.263	0.765
403	26	61.615	18.239	34	93	38.485	1	2017	3	18	13.944	2.374	90.109	0.221	5.874	0.170	0.667
404	12095	30.201	19.934	0	118	584.098	2382	2021	118	177	156.278	98.541	74.011	0.445	1.586	0.631	0.876
405	17	13.471	6.001	4	26	20.142	3127	2025	4	8	7.346	2.947	82.935	0.527	2.493	0.401	0.694
406	94	14.532	8.068	0	36	59.598	882	2026	15	18	15.091	7.931	51.128	0.333	1.903	0.526	0.605
407	300	23.273	10.463	2	57	76.426	3818	2035	20	24	22.549	16.940	80.749	0.645	1.331	0.751	0.847
408	16283	24.535	15.393	0	100	936.573	3386	2037	174	242	217.342	95.389	66.597	0.233	2.278	0.439	0.668
409	1962	23.473	12.234	1	72	250.108	1268	2041	43	78	74.053	33.734	74.835	0.394	2.195	0.456	0.814
410	59	17.153	7.536	4	42	34.627	3342	2043	8	12	11.720	6.409	75.835	0.618	1.829	0.547	0.747
411	2113	20.680	10.834	0	64	248.108	3774	2047	38	83	76.867	35.000	92.864	0.431	2.196	0.455	0.865
412	16	11.625	6.469	2	23	20.728	2603	2049	5	8	8.526	2.389	63.490	0.468	3.569	0.280	0.640
413	19	21.053	8.929	7	36	20.142	325	2055	4	8	6.867	3.523	82.968	0.589	1.949	0.513	0.704
414	1211	26.851	12.049	1	69	184.309	21	2060	40	47	46.620	33.073	58.183	0.448	1.410	0.709	0.858
415	110	17.918	8.759	0	41	55.698	3374	2063	14	18	19.794	7.076	59.199	0.446	2.797	0.357	0.738
416	44	18.455	8.974	0	36	38.627	2789	2067	6	16	14.608	3.835	78.321	0.371	3.809	0.263	0.682
417	249	23.871	10.025	3	52	75.255	2635	2070	16	24	22.189	14.288	68.893	0.553	1.553	0.644	0.802
418	49	13.592	7.217	3	31	46.284	1016	2072	13	11	9.645	6.468	145.063	0.287	1.491	0.671	0.497
419	169	20.840	10.711	2	51	88.225	1834	2082	17	33	32.281	6.666	66.252	0.273	4.843	0.206	0.634
420	77	22.506	11.292	4	58	46.284	1942	2083	8	18	16.490	5.946	78.029	0.452	2.773	0.361	0.720
421	292	30.616	12.715	5	79	97.983	1858	2085	18	31	27.177	13.680	78.518	0.382	1.987	0.503	0.718
422	1171	32.352	19.639	0	96	174.267	2297	2091	33	64	65.328	22.823	71.788	0.485	2.862	0.349	0.871
423	749	26.275	16.074	0	83	200.208	750	2097	25	64	54.844	17.389	79.749	0.235	3.154	0.317	0.699
424	63	24.222	8.558	3	45	38.870	214	2104	11	11	11.332	7.079	131.897	0.524	1.601	0.625	0.692
425	13877	24.067	16.200	0	113	900.046	822	2106	111	233	205.417	86.014	78.753	0.215	2.388	0.419	0.792
426	19	16.158	7.182	1	27	24.142	1131	2113	4	10	9.445	2.561	75.446	0.410	3.687	0.271	0.644
427	477	19.784	10.544	1	58	159.238	2494	2115	40	48	57.851	10.498	48.932	0.236	5.510	0.181	0.614
428	32	15.344	9.335	2	38	21.556	2541	2116	6	8	8.438	4.829	68.090	0.865	1.747	0.572	0.853
429	80	25.663	9.493	6	44	57.355	216	2117	9	23	22.259	4.576	77.969	0.306	4.864	0.206	0.645
430	261	18.598	8.554	2	45	84.326	838	2117	21	29	29.802	11.151	53.264	0.461	2.673	0.374	0.777
431	1153	17.928	9.038	0	47	195.238	1346	2118	48	40	47.212	31.094	166.950	0.380	1.518	0.659	0.784
432	59	23.288	8.475	3	50	31.213	373	2120	9	11	9.990	7.520	72.025	0.761	1.329	0.753	0.787
433	425	30.802	14.286	3	69	96.326	434	2121	20	29	28.205	19.185	73.221	0.576	1.470	0.680	0.858
434	2297	26.505	13.153	0	72	237.865	270	2126	48	75	70.413	41.536	88.375	0.510	1.695	0.590	0.852
435	315	41.619	18.272	4	85	93.983	3907	2130	19	35	34.873	11.501	67.320	0.448	3.032	0.330	0.815
436	197	50.584	18.691	5	92	63.355	2662	2133	13	24	20.974	11.959	80.463	0.617	1.754	0.570	0.842
437	5600	29.768	17.405	0	95	467.747	1	2135	58	180	166.263	42.885	79.290	0.322	3.877	0.258	0.876
438	29221	21.995	12.870	0	99	1303.291	3136	2136	218	337	337.646	110.190	63.015	0.216	3.064	0.326	0.747
439	67	21.015	12.529	1	50	42.042	387	2144	8	17	16.610	5.136	71.773	0.476	3.234	0.309	0.744
440	16	11.625	5.110	5	20	17.899	370	2146	3	7	7.181	2.837	87.322	0.628	2.531	0.395	0.800
441	580	34.374	15.030	2	75	116.711	2504	2176	26	38	35.113	21.031	74.856	0.535	1.670	0.599	0.827
442	250	17.108	8.579	1	48	82.912	3603	2183	16	25	22.015	14.459	79.838	0.457	1.523	0.657	0.789
443	763	27.083	12.291	1	66	140.024	418	2185	26	48	46.063	21.090	75.557	0.489	2.184	0.458	0.828
444	172	29.692	10.488	7	55	58.770	2768	2190	18	15	17.389	12.594	5.213	0.626	1.381	0.724	0.811
445	54	18.704	9.755	3	37	34.385	2561	2192	7	13	12.865	5.344	69.278	0.574	2.407	0.415	0.788
446	3782	28.334	15.819	0	99	422.659	2179	2197	83	103	88.255	54.562	39.258	0.266	1.617	0.618	0.685
447	1666	16.275	8.453	0	51	340.576	274	2202	43	88	75.711	28.017	81.808	0.180	2.702	0.370	0.661
448	605	26.817	11.656	1	63	113.640	611	2206	27	37	37.560	20.509	63.866	0.589	1.831	0.546	0.842
449	1026	14.750	8.137	0	45	164.409	2534	2209	41	38	38.451	33.975	175.282	0.477	1.132	0.884	0.839
450	313	25.425	12.931	1	67	77.497	3562	2209	19	26	26.978	14.772	60.821	0.655	1.826	0.548	0.858
451	23	13.217	4.861	2	21	30.385	1351	2211	6	11	8.832	3.316	103.332	0.313	2.664	0.375	0.523
452	3829	24.971	12.495	0	66	461.002	2751	2213	63	143	128.184	38.033	73.241	0.226	3.370	0.297	0.685
453	31	20.806	8.596	3	38	28.385	1430	2217	6	8	7.081	5.574	94.930	0.484	1.270	0.787	0.681
454	36	12.694	6.214	1	25	33.799	1511	2219	7	11	10.104	4.537	71.380	0.396	2.227	0.449	0.600
455	170	34.541	13.429	5	70	54.527	3930	2223	13	21	20.431	10.594	79.136	0.719	1.928	0.519	0.850
456	49	16.857	6.982	4	32	34.627	650	2245	8	11	9.841	6.340	89.047	0.514	1.552	0.644	0.710
457	37	12.459	4.863	1	24	33.799	130	2246	9	10	9.134	5.158	123.413	0.407	1.771	0.565	0.597
458	4220	35.703	17.143	0	98	411.588	622	2249	88	146	148.451	36.194	57.659	0.313	4.102	0.244	0.805
459	86	13.279	7.054	0	35	51.113	1577	2249	10	19	15.775	6.941	78.689	0.414	2.273	0.440	0.683
460	109	33.578	12.698	5	60	47.456	3708	2255	11	18	17.196	8.071	70.208	0.608	2.131	0.469	0.820
461	145	20.621	11.605	1	56	63.355	2420	2267	12	25	21.919	8.423	77.068	0.454	2.602	0.384	0.771
462	304	30.447	13.322	1	64	80.669	2878	2274	16	28	28.839	13.421	72.738	0.587	2.149	0.465	0.849
463	36	14.889	8.204	1	32	32.627	632	2281	8	12	12.267	3.736	64.891	0.425	3.283	0.305	0.643
464	57	24.175	10.505	3	43	34.627	3544	2285	9	13	11.812	6.144	63.455	0.597	1.923	0.520	0.731
465	39	17.385	8.369	5	37	29.213	1696	2299	10	8	9.866	5.033	35.904	0.574	1.960	0.510	0.696
466	99	12.515	6.336	0	30	59.598	1657	2313	16	12	13.659	9.228	12.165	0.350	1.480	0.676	0.635
467	45	17.089	7.483	4	34	42.042	2534	2313	9	14	12.075	4.745	70.993	0.320	2.545	0.393	0.523
468	167	28.988	11.409	5	71	65.355	1902	2314	15	21	21.023	10.114	64.040	0.491	2.079	0.481	0.761
469	48	11.250	4.840	1	22	31.799	1563	2317	10	8	8.367	7.304	29.805	0.597	1.146	0.873	0.738
470	2267	42.174	21.773	0	117	215.823	1775	2321	43	74	74.185	38.909	77.284	0.612	1.907	0.524	0.922
471	495	40.727	21.876	0	95	106.569	1919	2326	22	41	39.748	15.856	70.837	0.548	2.507	0.399	0.862
472	2012	20.407	10.277	0	66	243.907	2210	2335	45	72	68.061	37.639	85.967	0.425	1.808	0.553	0.843
473	2195	22.320	11.393	0	63	244.007	938	2340	53	69	62.090	45.011	101.063	0.463	1.379	0.725	0.821
474	1985	16.195	8.680	1	51	241.907	1858	2343	56	59	64.083	39.439	128.838	0.426	1.625	0.615	0.855
475	6355	31.713	17.769	0	101	553.571	842	2346	72	177	167.832	48.212	82.154	0.261	3.481	0.287	0.668
476	207	24.386	11.006	4	55	83.497	1269	2347	17	34	31.048	8.489	63.251	0.373	3.658	0.273	0.739
477	75	19.347	7.887	4	40	46.527	759	2350	11	14	11.334	8.425	73.419	0.435	1.345	0.743	0.664
478	4387	31.333	17.842	0	100	382.132	510	2363	74	130	131.167	42.585	68.447	0.378	3.080	0.325	0.807
479	53	15.623	8.289	2	32	40.870	1123	2377	8	15	13.588	4.966	69.094	0.399	2.736	0.366	0.639
480	2092	23.673	10.461	0	65	217.865	2018	2380	49	65	64.882	41.053	68.906	0.554	1.580	0.633	0.882
481	330	14.909	7.896	0	41	89.640	3420	2384	28	21	24.278	17.306	8.718	0.516	1.403	0.713	0.770
482	69	16.478	9.365	4	41	40.042	328	2391	9	14	14.014	6.269	72.153	0.541	2.235	0.447	0.734
483	414	16.659	8.357	0	46	111.640	1621	2392	26	28	25.190	20.926	117.767	0.417	1.204	0.831	0.762
484	2056	33.165	15.869	1	87	231.622	3057	2395	42	84	81.739	32.026	72.229	0.482	2.552	0.392	0.847
485	128	20.461	8.780	2	38	45.698	3856	2402	12	17	14.973	10.885	97.064	0.770	1.376	0.727	0.842
486	58	14.310	6.446	1	32	40.284	3440	2413	11	12	10.021	7.370	62.398	0.449	1.360	0.735	0.617
487	271	14.041	6.775	0	35	100.569	1435	2416	20	26	20.487	16.843	77.212	0.337	1.216	0.822	0.701
488	1686	26.679	13.118	0	80	233.765	3503	2418	56	52	54.483	39.401	145.335	0.388	1.383	0.723	0.808
489	54	22.500	11.448	1	56	35.213	1129	2424	8	14	13.133	5.235	74.756	0.547	2.509	0.399	0.735
490	2687	29.633	17.318	0	105	310.877	2309	2425	41	115	109.121	31.352	94.589	0.349	3.480	0.287	0.785
491	19	20.737	9.591	7	41	25.314	3564	2429	4	11	9.926	2.437	71.626	0.373	4.073	0.246	0.644
492	271	13.649	7.343	1	36	77.255	2092	2438	22	23	19.174	17.996	82.901	0.571	1.065	0.939	0.787
493	19	17.000	9.031	4	32	17.314	2911	2438	5	6	5.695	4.248	125.060	0.796	1.341	0.746	0.792
494	148	24.554	11.475	2	53	64.042	3683	2442	13	24	23.712	7.947	72.019	0.453	2.984	0.335	0.759
495	798	16.777	8.609	0	47	194.551	635	2443	36	60	56.250	18.063	67.256	0.265	3.114	0.321	0.725
496	2567	25.598	14.289	0	77	267.806	101	2445	65	78	62.977	51.898	58.428	0.450	1.213	0.824	0.810
497	41	13.585	7.000	3	31	37.456	3625	2452	7	12	9.772	5.342	96.072	0.367	1.829	0.547	0.594
498	17	16.353	8.838	3	35	18.971	3717	2453	5	7	5.857	3.695	78.955	0.594	1.585	0.631	0.630
499	1606	23.143	12.536	0	76	208.551	1583	2459	52	57	55.594	36.781	44.910	0.464	1.511	0.662	0.783
500	140	13.200	6.828	1	32	59.941	974	2474	13	19	15.434	11.550	91.289	0.490	1.336	0.748	0.718
501	295	35.790	16.874	1	74	91.740	2416	2474	20	30	27.202	13.808	68.075	0.440	1.970	0.508	0.748
502	18	12.278	6.105	3	26	19.314	3568	2478	6	5	5.311	4.316	153.708	0.606	1.231	0.813	0.706
503	2225	21.995	11.197	0	67	233.622	2906	2482	55	60	59.009	48.009	57.869	0.512	1.229	0.814	0.890
504	1055	36.288	19.846	0	88	144.024	3202	2485	32	53	52.203	25.732	67.139	0.639	2.029	0.493	0.900
505	665	29.072	14.146	0	68	123.539	3019	2489	30	41	44.284	19.120	61.944	0.548	2.316	0.432	0.870
506	6137	28.898	16.538	0	88	571.370	3007	2504	83	200	183.512	42.580	72.825	0.236	4.310	0.232	0.679
507	182	12.984	7.736	0	39	77.255	227	2506	18	19	17.394	13.323	55.873	0.383	1.306	0.766	0.684
508	46	17.761	9.400	1	39	38.627	291	2507	8	12	9.177	6.382	81.407	0.387	1.438	0.696	0.605
509	2961	27.349	16.037	0	85	283.078	1045	2515	49	94	93.411	40.360	82.441	0.464	2.314	0.432	0.863
510	1043	15.958	7.787	1	42	187.380	3252	2525	31	57	51.156	25.960	94.211	0.373	1.971	0.507	0.801
511	107	36.748	15.269	7	76	48.284	1000	2536	12	17	18.095	7.529	66.433	0.577	2.403	0.416	0.775
512	28	12.893	6.471	2	25	26.142	2294	2542	11	5	8.929	3.993	25.080	0.515	2.236	0.447	0.709
513	22	15.818	6.652	5	31	26.142	9	2545	6	9	6.945	4.033	103.318	0.405	1.722	0.581	0.564
514	5931	24.148	12.583	0	73	500.257	325	2547	101	121	105.631	71.490	114.662	0.298	1.478	0.677	0.741
515	33	20.515	6.978	5	35	23.556	1732	2548	6	9	8.791	4.780	73.715	0.747	1.839	0.544	0.795
516	3990	20.190	9.759	0	55	359.203	178	2549	111	69	119.102	42.655	156.172	0.389	2.792	0.358	0.859
517	178	19.657	9.198	3	46	57.698	2418	2552	13	21	23.133	9.797	69.559	0.672	2.361	0.424	0.864
518	3468	20.908	10.024	0	61	343.990	3475	2555	64	91	85.933	51.384	71.788	0.368	1.672	0.598	0.865
519	36	14.556	7.197	0	34	30.385	974	2561	9	8	8.428	5.439	22.668	0.490	1.550	0.645	0.632
520	2704	21.255	10.368	0	63	344.233	2127	2569	51	121	126.428	27.232	76.147	0.287	4.643	0.215	0.766
521	157	12.962	6.757	1	32	88.083	2744	2571	25	17	21.383	9.349	17.008	0.254	2.287	0.437	0.534
522	2479	22.439	11.752	0	75	250.007	2281	2578	57	69	63.553	49.665	99.572	0.498	1.280	0.781	0.843
523	331	25.955	11.958	0	60	88.225	854	2581	19	30	25.678	16.413	84.877	0.534	1.565	0.639	0.808
524	268	47.030	18.272	3	93	87.983	3852	2589	18	28	25.803	13.224	68.781	0.435	1.951	0.513	0.765
525	2139	26.200	15.341	1	78	225.622	523	2591	47	83	79.854	34.105	67.729	0.528	2.341	0.427	0.897
526	3317	21.509	11.454	0	73	308.919	3558	2591	60	93	87.009	48.539	72.469	0.437	1.793	0.558	0.889
527	207	37.894	13.485	7	65	64.770	2701	2595	13	24	22.196	11.874	78.485	0.620	1.869	0.535	0.843
528	235	24.417	11.909	1	55	84.083	3436	2599	18	30	29.395	10.179	62.677	0.418	2.888	0.346	0.731
529	11456	29.046	16.669	0	108	782.406	1819	2604	107	209	161.585	90.270	96.614	0.235	1.790	0.559	0.771
530	26	10.769	5.195	1	18	32.385	1871	2618	9	9	6.881	4.811	98.565	0.312	1.430	0.699	0.481
531	21	11.238	5.356	1	23	21.556	1351	2621	7	7	8.871	3.014	143.285	0.568	2.943	0.340	0.689
532	21	13.905	9.884	2	42	21.314	1347	2627	8	5	8.377	3.192	165.267	0.581	2.624	0.381	0.712
533	77	15.584	7.630	3	40	62.184	3970	2639	13	18	18.444	5.316	60.939	0.250	3.470	0.288	0.583
534	64	27.156	13.162	6	60	32.042	3538	2651	9	12	12.172	6.695	62.639	0.783	1.818	0.550	0.837
535	169	13.450	7.098	1	39	71.841	1342	2657	18	17	15.110	14.241	71.787	0.411	1.061	0.942	0.707
536	50	14.740	6.543	4	37	40.284	1005	2661	8	14	11.623	5.477	81.475	0.387	2.122	0.471	0.641
537	4854	27.812	15.369	0	89	423.103	2661	2685	65	130	112.287	55.040	80.144	0.341	2.040	0.490	0.777
538	561	15.430	7.917	1	43	124.711	1309	2690	32	37	38.160	18.718	52.573	0.453	2.039	0.491	0.772
539	782	21.430	11.866	0	78	143.439	3920	2691	40	34	43.049	23.129	22.128	0.478	1.861	0.537	0.791
540	1340	50.292	24.089	1	119	204.167	288	2695	24	84	82.773	20.612	85.836	0.404	4.016	0.249	0.871
541	911	22.125	11.630	0	68	163.924	384	2697	44	47	53.761	21.575	43.186	0.426	2.492	0.401	0.797
542	18	15.889	5.920	7	28	22.971	3773	2714	5	7	6.600	3.472	86.982	0.429	1.901	0.526	0.562
543	16	15.812	7.423	4	33	20.728	2173	2715	6	7	6.772	3.008	54.544	0.468	2.251	0.444	0.604
544	26	14.846	6.491	6	31	22.385	3768	2721	7	8	6.453	5.130	75.345	0.652	1.258	0.795	0.693
545	2400	27.061	14.342	0	75	345.404	3662	2727	52	100	82.292	37.133	110.250	0.253	2.216	0.451	0.717
546	1207	24.280	11.182	1	64	174.409	633	2732	36	55	47.673	32.236	91.105	0.499	1.479	0.676	0.851
547	225	23.467	11.444	2	55	78.326	1931	2736	21	27	28.396	10.089	54.360	0.461	2.815	0.355	0.763
548	3444	20.701	10.081	0	62	395.345	2043	2736	81	97	80.408	54.535	109.626	0.277	1.474	0.678	0.684
549	187	44.075	16.666	8	85	63.598	45	2739	15	24	24.244	9.821	66.282	0.581	2.469	0.405	0.840
550	676	29.620	16.053	0	79	118.711	2230	2740	28	44	44.284	19.436	66.523	0.603	2.278	0.439	0.871
551	376	32.516	14.778	1	70	115.640	1409	2748	15	47	41.502	11.535	78.030	0.353	3.598	0.278	0.771
552	36	18.306	8.925	4	39	27.799	2756	2751	6	11	9.926	4.618	77.278	0.585	2.149	0.465	0.727
553	4328	23.426	12.808	0	80	436.902	1074	2755	71	136	119.350	46.172	68.987	0.285	2.585	0.387	0.812
554	30	11.933	5.924	2	29	32.042	570	2768	8	9	7.463	5.118	79.350	0.367	1.458	0.686	0.536
555	946	22.523	11.068	0	65	204.551	1194	2785	48	62	73.594	16.367	54.613	0.284	4.497	0.222	0.678
556	1803	21.352	10.379	0	59	188.652	2139	2791	53	54	57.499	39.925	46.651	0.637	1.440	0.694	0.897
557	199	15.467	7.591	0	35	64.426	727	2792	16	20	18.337	13.817	83.445	0.602	1.327	0.754	0.801
558	1672	32.556	17.472	0	81	265.321	215	2793	51	94	91.819	23.185	66.331	0.298	3.960	0.253	0.732
559	30	20.067	6.913	3	32	26.142	2965	2802	7	9	8.587	4.448	50.423	0.552	1.930	0.518	0.714
560	290	15.866	8.034	1	44	107.882	1535	2804	23	25	21.972	16.805	62.218	0.313	1.308	0.765	0.686
561	11531	24.429	15.336	0	86	599.411	619	2810	101	167	153.128	95.879	84.866	0.403	1.597	0.626	0.866
562	155	33.174	13.682	2	69	54.284	601	2826	12	21	21.100	9.353	72.301	0.661	2.256	0.443	0.847
563	102	12.980	6.952	0	31	57.355	276	2832	15	13	12.304	10.555	163.124	0.390	1.166	0.858	0.685
564	531	20.324	10.151	1	74	154.409	115	2835	34	46	43.170	15.661	51.999	0.280	2.756	0.363	0.663
565	2739	29.093	15.131	1	78	295.120	271	2842	51	98	85.606	40.738	81.201	0.395	2.101	0.476	0.805
566	36	21.222	11.704	2	48	25.556	2453	2848	7	9	9.157	5.006	70.207	0.693	1.829	0.547	0.758
567	97	19.247	10.557	1	48	55.941	380	2855	13	20	20.571	6.004	65.203	0.390	3.426	0.292	0.678
568	9113	25.700	15.081	0	100	493.103	1974	2855	105	144	138.071	84.037	90.135	0.471	1.643	0.609	0.893
569	8157	22.674	12.010	0	78	481.772	1171	2856	100	143	131.747	78.832	105.398	0.442	1.671	0.598	0.846
570	430	16.791	9.233	1	46	110.711	3768	2859	23	31	28.487	19.219	70.780	0.441	1.482	0.675	0.804
571	69	13.043	6.676	1	30	43.456	1136	2865	9	16	12.776	6.877	111.463	0.459	1.858	0.538	0.693
572	285	43.246	19.822	3	86	91.154	570	2870	18	35	35.635	10.183	68.021	0.431	3.499	0.286	0.777
573	3270	31.244	16.048	0	100	345.747	3584	2872	87	59	88.825	46.873	171.344	0.344	1.895	0.528	0.736
574	149	28.315	12.103	1	55	51.456	1444	2873	11	19	17.904	10.596	76.459	0.707	1.690	0.592	0.861
575	605	15.488	8.222	0	46	182.066	3312	2875	32	48	44.537	17.296	62.610	0.229	2.575	0.388	0.674
576	3748	26.669	16.295	0	109	433.831	1832	2878	65	119	94.763	50.358	84.129	0.250	1.882	0.531	0.715
577	19	10.684	5.396	1	20	24.142	116	2885	5	9	9.280	2.607	69.471	0.410	3.560	0.281	0.594
578	39	15.795	10.441	1	48	30.971	262	2893	9	10	11.162	4.449	54.881	0.511	2.509	0.399	0.661
579	1112	18.401	9.065	0	50	164.652	2380	2896	42	39	40.938	34.585	158.058	0.515	1.184	0.845	0.866
580	335	33.797	15.311	1	75	87.497	826	2899	20	31	30.470	13.999	59.433	0.550	2.177	0.459	0.832
581	25	21.480	8.114	8	39	19.556	2259	2909	6	7	6.196	5.137	78.485	0.821	1.206	0.829	0.769
582	743	17.887	9.230	0	49	144.024	2667	2911	30	42	35.461	26.678	85.784	0.450	1.329	0.752	0.802
583	21	11.238	5.513	2	24	22.142	227	2913	5	9	8.856	3.019	58.744	0.538	2.933	0.341	0.712
584	704	21.065	10.375	0	55	121.782	1608	2915	33	35	38.186	23.474	47.628	0.597	1.627	0.615	0.852
585	189	35.725	12.586	5	70	61.941	1052	2933	14	21	20.842	11.546	68.755	0.619	1.805	0.554	0.833
586	1307	24.132	13.316	1	70	196.066	3878	2933	47	59	60.626	27.449	45.679	0.427	2.209	0.453	0.799
587	1619	22.969	10.699	0	66	219.622	879	2936	46	63	64.537	31.941	59.731	0.422	2.021	0.495	0.839
588	2128	22.656	12.599	0	81	266.794	357	2937	67	62	57.210	47.359	167.013	0.376	1.208	0.828	0.752
589	1500	21.093	10.663	0	60	185.380	1287	2937	50	47	46.854	40.762	39.207	0.549	1.149	0.870	0.873
590	2530	27.806	14.309	0	78	222.510	1394	2939	60	60	59.181	54.431	86.613	0.642	1.087	0.920	0.925
591	2023	20.922	9.864	1	59	234.350	1745	2941	60	55	65.484	39.334	150.368	0.463	1.665	0.601	0.854
592	139	15.928	7.940	2	39	71.598	2878	2949	15	21	18.683	9.473	115.667	0.341	1.972	0.507	0.598
593	24	8.833	4.860	1	20	26.971	3805	2955	5	11	9.200	3.322	84.238	0.415	2.770	0.361	0.593
594	205	20.205	8.811	1	52	57.355	1121	2956	17	18	17.305	15.083	60.261	0.783	1.147	0.872	0.867
595	60	16.217	9.184	2	42	57.012	3338	2963	10	18	13.371	5.714	83.215	0.232	2.340	0.427	0.486
596	28	11.143	5.596	3	25	19.556	3346	2968	7	6	6.333	5.630	13.392	0.920	1.125	0.889	0.800
597	114	40.140	14.213	9	74	49.698	2306	2970	12	19	16.941	8.568	82.603	0.580	1.977	0.506	0.765
598	121	18.240	9.660	1	45	51.213	179	2983	14	16	15.312	10.062	108.209	0.580	1.522	0.657	0.763
599	63	20.492	10.937	1	54	40.870	1372	2983	8	14	12.978	6.181	73.946	0.474	2.100	0.476	0.692
600	252	40.484	12.097	7	71	70.627	1552	2987	28	12	26.704	12.015	5.508	0.635	2.223	0.450	0.915
601	300	25.470	12.680	2	64	89.598	2826	2987	34	12	33.645	11.353	178.877	0.470	2.964	0.337	0.816
602	134	17.619	8.996	2	41	67.113	2535	2989	22	10	20.871	8.175	7.364	0.374	2.553	0.392	0.722
603	18	13.111	5.656	7	27	21.314	2323	2990	8	5	6.201	3.696	36.980	0.498	1.678	0.596	0.621
604	24	13.875	6.694	2	36	21.899	2524	2995	9	4	8.787	3.478	6.831	0.629	2.527	0.396	0.828
