 	Area	Mean	StdDev	Min	Max	Perim.	BX	BY	Width	Height	Major	Minor	Angle	Circ.	AR	Round	Solidity
1	1877	22.976	11.558	0	60	277.563	222	1	56	68	58.496	40.855	78.556	0.306	1.432	0.698	0.719
2	459	23.791	10.957	1	60	151.983	400	1	56	15	51.581	11.330	179.280	0.250	4.553	0.220	0.726
3	675	18.196	8.999	1	55	137.054	481	1	37	30	31.934	26.913	9.382	0.452	1.187	0.843	0.854
4	1585	25.098	11.123	1	63	176.711	1118	1	55	38	52.980	38.092	178.799	0.638	1.391	0.719	0.921
5	32	26.250	7.573	7	40	21.899	1409	1	7	6	6.894	5.910	144.395	0.838	1.166	0.857	0.865
6	3865	25.381	12.446	0	77	278.936	1789	1	76	74	77.207	63.739	54.711	0.624	1.211	0.826	0.937
7	1721	20.277	9.753	0	51	208.267	2711	1	73	40	63.666	34.418	171.464	0.499	1.850	0.541	0.886
8	2204	22.700	12.269	0	72	291.463	3217	1	64	79	73.311	38.278	46.271	0.326	1.915	0.522	0.739
9	1655	33.825	18.255	1	95	184.024	3886	1	40	58	57.972	36.349	103.782	0.614	1.595	0.627	0.910
10	36	11.111	5.533	1	21	25.799	740	4	9	7	8.755	5.235	153.435	0.680	1.672	0.598	0.735
11	45	21.267	13.765	1	57	28.971	2569	8	7	11	10.331	5.546	97.991	0.674	1.863	0.537	0.776
12	19	10.737	4.617	2	19	18.142	2808	9	6	6	5.878	4.116	55.130	0.725	1.428	0.700	0.704
13	108	26.009	10.452	3	52	45.456	1399	11	12	15	13.736	10.011	115.637	0.657	1.372	0.729	0.803
14	1146	22.721	10.212	0	57	207.037	2913	12	35	56	49.740	29.335	93.196	0.336	1.696	0.590	0.793
15	114	16.105	8.133	3	40	45.698	3133	17	14	14	12.653	11.472	175.128	0.686	1.103	0.907	0.786
16	1116	23.023	11.138	1	64	164.652	534	24	34	54	50.563	28.102	102.352	0.517	1.799	0.556	0.845
17	48	25.625	12.574	3	50	28.385	2074	27	8	10	9.279	6.586	67.784	0.749	1.409	0.710	0.793
18	724	29.273	14.642	1	85	127.640	3020	28	30	36	36.548	25.222	47.779	0.558	1.449	0.690	0.851
19	50	21.060	8.553	5	39	27.213	365	29	8	10	9.116	6.983	98.782	0.848	1.305	0.766	0.833
20	133	14.474	7.429	1	36	62.184	3513	40	17	17	13.962	12.129	28.173	0.432	1.151	0.869	0.689
21	2051	21.174	10.110	1	63	217.279	1998	41	62	51	61.079	42.754	159.680	0.546	1.429	0.700	0.863
22	404	54.366	18.204	2	98	84.912	57	46	22	28	25.718	20.001	72.636	0.704	1.286	0.778	0.871
23	403	46.610	16.805	7	102	80.326	2886	52	22	27	25.706	19.961	108.728	0.785	1.288	0.776	0.892
24	2250	21.967	11.540	0	64	263.907	3611	59	45	80	77.611	36.912	103.575	0.406	2.103	0.476	0.822
25	821	38.551	17.002	1	90	131.782	384	61	40	34	37.054	28.211	17.822	0.594	1.313	0.761	0.817
26	32	21.469	10.482	3	48	24.971	1786	61	6	10	9.070	4.492	75.630	0.645	2.019	0.495	0.744
27	175	17.903	9.437	2	50	72.083	1294	64	17	20	19.489	11.433	116.220	0.423	1.705	0.587	0.722
28	8268	22.816	13.355	0	78	532.825	1888	64	123	127	107.615	97.822	80.142	0.366	1.100	0.909	0.787
29	366	47.877	17.345	2	101	78.912	1111	67	19	28	26.968	17.280	95.769	0.739	1.561	0.641	0.886
30	154	49.253	12.679	7	76	50.284	1221	68	14	15	15.538	12.619	96.373	0.765	1.231	0.812	0.863
31	1424	24.154	12.429	0	74	192.894	2085	73	39	59	56.127	32.304	105.634	0.481	1.737	0.576	0.819
32	1686	41.340	17.626	1	100	237.865	1618	78	37	80	69.401	30.932	96.307	0.374	2.244	0.446	0.766
33	1510	26.970	13.439	1	76	178.794	2720	79	42	57	54.321	35.393	103.796	0.594	1.535	0.652	0.888
34	239	33.485	11.585	3	61	72.184	3426	86	17	23	23.137	13.152	55.332	0.576	1.759	0.568	0.813
35	41	22.780	10.442	1	45	24.971	2251	89	7	9	8.213	6.356	90.054	0.826	1.292	0.774	0.812
36	96	28.073	10.943	8	57	45.698	1680	92	10	16	14.273	8.564	86.797	0.578	1.667	0.600	0.762
37	1015	35.046	16.569	1	85	142.024	243	96	38	45	48.329	26.740	55.339	0.632	1.807	0.553	0.878
38	51	14.333	7.797	0	32	36.042	1299	97	6	13	12.112	5.361	92.301	0.493	2.259	0.443	0.734
39	2716	40.311	23.677	0	112	251.664	2848	97	53	96	93.309	37.061	68.005	0.539	2.518	0.397	0.883
40	39	17.205	8.968	0	37	29.799	2287	100	8	10	7.741	6.415	83.125	0.552	1.207	0.829	0.667
41	4227	40.960	23.039	0	121	332.434	792	104	74	97	85.752	62.762	93.934	0.481	1.366	0.732	0.862
42	1536	15.643	8.377	0	50	235.037	2397	104	50	56	50.541	38.695	140.180	0.349	1.306	0.766	0.805
43	75	19.893	8.776	2	43	41.213	3528	105	9	15	13.237	7.214	101.422	0.555	1.835	0.545	0.732
44	299	40.033	14.692	5	76	70.770	924	106	24	18	23.262	16.366	17.308	0.750	1.421	0.704	0.874
45	71	26.761	11.168	6	51	39.213	911	107	13	10	11.350	7.964	37.783	0.580	1.425	0.702	0.740
46	269	34.944	15.164	2	84	62.184	3909	108	19	20	19.884	17.225	48.755	0.874	1.154	0.866	0.909
47	117	26.803	10.865	5	57	61.012	1694	110	21	13	18.827	7.912	14.761	0.395	2.379	0.420	0.621
48	760	28.287	13.279	1	71	108.468	2624	115	32	35	32.635	29.651	102.253	0.812	1.101	0.909	0.915
49	37	25.027	9.517	7	41	26.142	3225	118	7	9	9.368	5.029	63.547	0.680	1.863	0.537	0.787
50	559	44.476	16.066	2	84	96.912	3520	125	23	34	33.450	21.278	96.218	0.748	1.572	0.636	0.906
51	341	19.384	9.900	1	51	98.225	396	126	23	31	32.168	13.497	119.268	0.444	2.383	0.420	0.761
52	201	17.587	7.690	2	36	72.083	1271	129	17	22	18.795	13.616	80.830	0.486	1.380	0.724	0.757
53	93	19.796	9.421	3	48	51.355	1132	131	12	14	14.873	7.961	119.265	0.443	1.868	0.535	0.681
54	543	24.354	12.833	1	77	106.368	1010	135	30	31	32.870	21.034	51.806	0.603	1.563	0.640	0.848
55	120	28.708	10.797	4	63	48.284	2172	137	14	15	17.415	8.773	57.062	0.647	1.985	0.504	0.797
56	94	20.574	8.100	4	46	42.284	178	138	11	13	12.433	9.626	57.213	0.661	1.292	0.774	0.783
57	1082	25.994	12.078	1	88	185.480	1658	139	34	51	47.539	28.979	104.369	0.395	1.640	0.610	0.800
58	110	21.755	8.797	0	40	42.870	2511	139	12	15	14.464	9.683	112.991	0.752	1.494	0.669	0.830
59	114	13.719	6.742	0	35	56.770	1550	141	13	16	13.856	10.475	91.221	0.445	1.323	0.756	0.683
60	17	13.882	7.913	1	28	19.899	651	144	6	6	5.234	4.136	87.831	0.539	1.265	0.790	0.667
61	43	21.535	12.343	4	49	27.556	1122	148	9	8	8.457	6.474	151.169	0.712	1.306	0.766	0.775
62	41	34.927	9.291	17	54	26.142	1724	151	8	8	8.422	6.198	53.707	0.754	1.359	0.736	0.804
63	58	19.103	8.767	3	40	32.627	2279	152	9	11	11.262	6.557	70.106	0.685	1.718	0.582	0.784
64	28	14.500	7.758	1	31	31.799	1156	155	7	10	8.002	4.455	70.022	0.348	1.796	0.557	0.554
65	2459	20.946	10.725	0	63	329.061	2453	155	70	72	64.864	48.268	45.447	0.285	1.344	0.744	0.732
66	140	26.379	10.801	1	56	50.042	920	159	13	17	15.320	11.635	78.840	0.703	1.317	0.759	0.836
67	24	16.042	9.378	2	32	18.728	3662	162	5	7	7.017	4.355	64.947	0.860	1.611	0.621	0.842
68	4747	25.719	15.354	0	77	329.463	1	163	83	88	103.077	58.636	43.547	0.550	1.758	0.569	0.922
69	446	17.283	8.888	0	50	110.468	127	163	24	33	27.842	20.396	72.527	0.459	1.365	0.733	0.785
70	24028	30.463	18.360	0	121	1039.727	1447	165	184	262	274.672	111.382	61.319	0.279	2.466	0.406	0.802
71	1662	31.874	18.121	1	109	198.894	3282	165	37	72	67.845	31.190	101.664	0.528	2.175	0.460	0.868
72	1609	53.058	27.710	0	134	192.409	2172	171	37	72	66.717	30.706	81.845	0.546	2.173	0.460	0.851
73	22	15.227	8.135	3	34	19.314	3755	172	5	7	7.089	3.951	61.819	0.741	1.794	0.557	0.815
74	128	31.898	12.789	4	62	43.456	3732	174	13	14	13.812	11.800	70.458	0.852	1.171	0.854	0.886
75	370	31.278	11.981	2	71	95.397	999	175	20	31	28.896	16.303	99.111	0.511	1.772	0.564	0.829
76	68	25.088	9.551	5	47	39.799	1162	176	10	11	11.456	7.557	44.845	0.539	1.516	0.660	0.768
77	141	18.177	9.093	2	41	55.355	300	178	16	16	15.366	11.683	24.080	0.578	1.315	0.760	0.758
78	22	17.591	7.346	5	32	18.971	3255	178	7	6	6.157	4.549	35.086	0.768	1.354	0.739	0.698
79	33	25.182	8.967	8	39	23.314	3796	186	5	9	8.666	4.848	95.516	0.763	1.787	0.559	0.868
80	15082	27.655	15.516	0	90	937.117	357	187	111	202	192.269	99.876	86.114	0.216	1.925	0.519	0.762
81	20	15.750	7.663	2	31	22.142	1193	191	5	8	6.894	3.694	94.138	0.513	1.866	0.536	0.645
82	18	13.222	5.579	3	22	17.899	1864	191	4	7	6.069	3.776	78.822	0.706	1.607	0.622	0.800
83	8015	20.032	11.053	0	70	631.595	585	192	108	134	132.461	77.041	63.787	0.252	1.719	0.582	0.809
84	27	15.185	6.487	3	27	20.728	1692	195	5	8	7.744	4.439	71.670	0.790	1.745	0.573	0.844
85	86	21.349	9.469	2	45	40.627	1838	197	9	15	13.363	8.194	91.343	0.655	1.631	0.613	0.793
86	5372	28.641	14.107	0	82	375.931	2946	198	93	99	84.543	80.904	139.117	0.478	1.045	0.957	0.852
87	303	31.485	11.599	4	69	74.669	3533	199	18	23	22.364	17.250	82.642	0.683	1.296	0.771	0.854
88	387	40.339	14.058	4	81	85.497	95	200	20	26	25.181	19.568	82.844	0.665	1.287	0.777	0.873
89	1602	25.521	11.188	0	68	204.794	3379	203	52	62	67.512	30.213	127.560	0.480	2.235	0.448	0.819
90	11769	27.641	18.734	0	114	615.311	1121	205	116	195	196.223	76.366	72.356	0.391	2.570	0.389	0.853
91	47	22.957	8.685	3	44	32.870	757	209	7	12	11.349	5.273	80.472	0.547	2.152	0.465	0.696
92	119	81.387	16.216	29	114	74.627	3993	210	6	34	29.811	5.083	91.979	0.269	5.865	0.170	0.810
93	2901	32.511	17.489	0	97	314.818	2234	213	66	81	80.291	46.004	63.198	0.368	1.745	0.573	0.793
94	1692	37.486	16.931	0	97	193.480	103	223	46	61	61.643	34.948	51.580	0.568	1.764	0.567	0.857
95	1227	26.517	11.855	1	65	164.409	227	223	37	52	47.668	32.774	106.556	0.570	1.454	0.688	0.875
96	1144	19.511	9.103	0	50	155.681	1305	223	37	50	47.854	30.438	74.050	0.593	1.572	0.636	0.873
97	199	27.980	11.890	3	68	59.941	2694	228	13	23	21.582	11.740	96.475	0.696	1.838	0.544	0.852
98	120	18.600	7.562	3	41	52.770	2652	233	14	16	15.377	9.936	68.659	0.542	1.547	0.646	0.714
99	470	31.540	14.991	2	80	88.326	3053	236	23	31	30.366	19.707	115.530	0.757	1.541	0.649	0.893
100	51	33.686	11.594	10	59	27.556	1798	247	7	10	10.367	6.264	71.352	0.844	1.655	0.604	0.857
101	1186	35.413	18.139	1	94	147.439	3355	253	37	47	43.862	34.428	81.697	0.686	1.274	0.785	0.894
102	145	18.848	9.516	2	43	57.355	2076	260	15	15	14.602	12.644	63.724	0.554	1.155	0.866	0.780
103	74	29.959	9.961	7	55	35.213	1822	261	9	12	10.724	8.786	94.308	0.750	1.221	0.819	0.831
104	37	17.243	7.729	4	35	37.213	2385	264	7	11	8.651	5.445	72.530	0.336	1.589	0.629	0.602
105	959	21.282	10.229	1	55	140.853	3926	266	35	41	39.074	31.249	82.215	0.607	1.250	0.800	0.877
106	3076	27.698	13.179	0	72	296.877	722	269	75	64	71.119	55.069	159.369	0.439	1.291	0.774	0.807
107	27	14.148	7.868	0	29	26.142	1352	272	6	10	7.653	4.492	65.963	0.496	1.703	0.587	0.659
108	2070	29.451	18.703	1	107	201.823	2351	277	39	78	76.394	34.500	104.782	0.639	2.214	0.452	0.937
109	131	15.466	7.290	3	34	64.770	3868	280	23	11	22.375	7.454	166.288	0.392	3.002	0.333	0.699
110	154	15.370	8.140	1	35	53.355	1685	281	15	15	15.000	13.072	29.845	0.680	1.148	0.871	0.821
111	646	16.012	8.317	1	46	136.024	117	283	24	46	42.244	19.471	81.430	0.439	2.170	0.461	0.805
112	776	30.861	13.805	1	74	125.539	2125	283	30	40	37.136	26.606	69.922	0.619	1.396	0.716	0.865
113	179	29.816	10.811	3	59	53.698	3976	283	15	17	17.255	13.208	85.640	0.780	1.306	0.765	0.865
114	730	16.703	8.752	0	47	150.752	3832	284	32	36	34.191	27.184	110.706	0.404	1.258	0.795	0.823
115	6624	32.269	17.962	0	106	474.357	1029	285	83	140	124.945	67.501	78.325	0.370	1.851	0.540	0.766
116	743	31.736	13.048	1	70	146.267	2759	293	40	39	43.497	21.749	137.198	0.436	2.000	0.500	0.728
117	367	32.918	15.807	1	84	107.740	671	298	20	39	28.151	16.599	87.009	0.397	1.696	0.590	0.685
118	726	39.793	19.661	0	100	148.368	1906	298	29	57	53.076	17.416	114.609	0.414	3.048	0.328	0.771
119	764	47.717	20.283	0	100	128.468	3005	312	25	50	46.895	20.743	84.444	0.582	2.261	0.442	0.860
120	337	43.309	16.387	1	80	89.012	3526	313	14	36	35.909	11.949	84.843	0.534	3.005	0.333	0.837
121	103	17.243	8.484	2	41	55.355	3601	316	18	12	15.700	8.353	156.424	0.422	1.880	0.532	0.634
122	19	17.842	8.668	4	38	22.142	867	318	6	8	6.046	4.001	65.274	0.487	1.511	0.662	0.576
123	110	25.009	11.167	0	53	46.284	2249	322	12	15	13.251	10.569	102.165	0.645	1.254	0.798	0.812
124	495	38.461	14.845	1	79	93.154	816	332	25	30	28.832	21.860	70.122	0.717	1.319	0.758	0.865
125	1944	24.403	14.549	1	76	274.735	2652	335	59	71	66.051	37.474	47.971	0.324	1.763	0.567	0.724
126	663	39.665	22.287	1	103	104.468	2948	337	29	35	36.820	22.927	59.052	0.763	1.606	0.623	0.904
127	225	33.902	12.639	4	62	71.255	321	338	14	27	25.121	11.404	101.977	0.557	2.203	0.454	0.814
128	100	20.350	9.996	4	45	42.627	622	338	9	15	15.951	7.982	97.863	0.692	1.998	0.500	0.844
129	148	16.426	8.299	1	41	82.083	3602	338	15	22	19.162	9.834	119.852	0.276	1.949	0.513	0.608
130	2904	32.336	17.480	0	91	264.978	2034	340	53	85	78.131	47.324	97.743	0.520	1.651	0.606	0.886
131	25	20.280	8.279	5	42	22.971	705	341	6	7	6.547	4.862	102.810	0.595	1.347	0.743	0.704
132	4257	28.125	16.166	0	107	332.090	1253	345	78	93	79.430	68.239	83.122	0.485	1.164	0.859	0.832
133	3733	32.429	17.417	0	107	377.789	641	349	76	112	109.183	43.532	119.803	0.329	2.508	0.399	0.764
134	53	16.208	7.009	5	31	31.213	3428	349	9	10	9.113	7.405	82.048	0.684	1.231	0.813	0.763
135	293	11.884	6.459	1	32	104.468	3571	349	20	26	23.518	15.863	94.239	0.337	1.483	0.675	0.717
136	443	30.887	13.163	3	74	92.912	2310	350	19	32	31.259	18.044	89.686	0.645	1.732	0.577	0.875
137	99	56.081	18.418	4	90	41.213	3116	359	10	15	14.564	8.655	86.269	0.732	1.683	0.594	0.843
138	755	31.469	13.153	1	76	124.368	2487	370	29	40	36.269	26.505	80.292	0.613	1.368	0.731	0.866
139	62	28.919	9.875	7	57	34.627	3540	371	10	12	9.864	8.003	75.956	0.650	1.233	0.811	0.738
140	38	14.500	9.076	2	39	28.385	2910	372	7	9	9.372	5.163	74.530	0.593	1.815	0.551	0.717
141	16390	22.628	12.814	0	86	1293.349	1733	379	214	212	166.003	125.711	40.305	0.123	1.321	0.757	0.556
142	43	16.395	8.864	2	35	27.799	1432	387	8	10	9.211	5.944	86.888	0.699	1.550	0.645	0.761
143	724	22.112	9.883	1	57	126.468	878	391	31	38	37.478	24.597	118.740	0.569	1.524	0.656	0.846
144	200	32.190	14.320	3	73	66.426	3971	392	14	25	22.635	11.250	108.259	0.570	2.012	0.497	0.816
145	45	42.511	22.100	0	89	26.385	2548	395	7	10	8.537	6.711	71.996	0.812	1.272	0.786	0.826
146	415	37.761	18.157	2	89	80.426	1605	399	20	28	26.742	19.759	90.075	0.806	1.353	0.739	0.914
147	162	20.895	10.979	2	53	48.627	3023	410	13	16	16.097	12.814	86.553	0.861	1.256	0.796	0.903
148	250	26.140	10.140	3	56	77.012	825	419	20	25	25.696	12.388	127.833	0.530	2.074	0.482	0.795
149	294	15.507	7.793	0	45	88.912	1568	426	25	21	20.324	18.418	137.780	0.467	1.103	0.906	0.761
150	202	18.124	9.132	2	50	72.770	99	429	16	25	20.901	12.306	100.765	0.479	1.698	0.589	0.752
151	18	18.278	8.662	3	38	16.728	3377	433	5	6	5.516	4.155	93.209	0.808	1.328	0.753	0.766
152	651	44.306	16.582	4	92	120.125	1641	441	24	44	42.191	19.646	101.987	0.567	2.148	0.466	0.868
153	2867	25.394	12.059	0	72	244.936	2539	447	62	70	67.476	54.099	93.824	0.601	1.247	0.802	0.883
154	1202	23.006	10.565	0	66	232.836	3856	447	44	44	44.075	34.724	148.499	0.279	1.269	0.788	0.779
155	3370	35.861	19.496	0	113	352.191	2304	450	39	129	126.888	33.816	91.824	0.341	3.752	0.267	0.819
156	24	23.250	10.633	5	47	20.971	2035	451	6	8	6.056	5.046	85.180	0.686	1.200	0.833	0.716
157	2131	26.635	12.935	1	80	215.865	3737	458	46	76	69.573	38.999	77.423	0.575	1.784	0.561	0.894
158	62	17.194	8.024	2	34	39.456	3786	460	9	15	12.275	6.431	84.222	0.500	1.909	0.524	0.693
159	62	16.581	7.758	1	39	31.799	3616	462	9	10	10.090	7.823	74.433	0.771	1.290	0.775	0.832
160	7654	36.470	23.702	0	149	717.009	69	463	87	191	160.353	60.775	88.505	0.187	2.638	0.379	0.663
161	18	16.278	9.821	2	41	22.142	1215	467	4	9	8.167	2.806	74.552	0.461	2.910	0.344	0.667
162	211	31.133	13.965	1	68	60.284	1080	473	14	20	20.642	13.015	82.085	0.730	1.586	0.631	0.881
163	43	22.930	10.669	6	50	26.385	441	477	7	10	8.884	6.162	82.971	0.776	1.442	0.694	0.804
164	413	23.559	9.035	1	50	92.326	202	480	20	32	30.029	17.511	107.368	0.609	1.715	0.583	0.856
165	56	19.214	10.336	4	40	30.142	2888	483	7	11	11.508	6.196	95.110	0.775	1.857	0.538	0.862
166	1535	22.238	11.136	1	59	176.309	1990	486	45	48	48.350	40.422	119.691	0.621	1.196	0.836	0.888
167	3256	24.736	12.716	0	65	262.735	2356	488	73	61	71.022	58.372	2.349	0.593	1.217	0.822	0.924
168	7241	36.465	20.163	0	108	563.571	3815	490	82	161	152.912	60.293	101.565	0.286	2.536	0.394	0.745
169	172	14.878	8.002	1	38	64.426	728	493	16	17	15.553	14.081	120.071	0.521	1.105	0.905	0.770
170	79	15.089	7.358	2	34	40.042	378	499	10	15	13.968	7.201	70.887	0.619	1.940	0.516	0.767
171	1435	31.698	16.043	0	93	186.894	2882	500	32	73	63.482	28.781	89.670	0.516	2.206	0.453	0.879
172	28	14.357	5.870	4	29	21.314	1647	505	6	7	7.772	4.587	59.968	0.775	1.694	0.590	0.836
173	466	47.968	17.542	1	101	89.397	3478	507	23	32	30.379	19.531	65.437	0.733	1.555	0.643	0.884
174	18	13.500	9.102	1	34	15.314	3964	511	5	5	5.785	3.961	126.608	0.965	1.460	0.685	0.857
175	655	39.557	19.332	1	87	137.782	1626	512	26	51	45.304	18.408	72.181	0.434	2.461	0.406	0.791
176	30	21.800	11.300	5	45	20.728	1592	516	6	7	6.796	5.620	75.432	0.877	1.209	0.827	0.857
177	22	20.591	8.539	5	33	23.556	3032	523	7	8	5.989	4.677	63.231	0.498	1.281	0.781	0.587
178	23	15.783	5.368	4	26	20.485	2189	533	4	8	8.381	3.494	93.804	0.689	2.399	0.417	0.852
179	81	19.346	9.198	1	39	42.042	2465	535	10	14	13.545	7.614	68.608	0.576	1.779	0.562	0.740
180	35	14.829	9.342	4	42	25.556	1169	540	6	9	8.916	4.998	90.606	0.673	1.784	0.561	0.769
181	557	22.235	9.549	1	56	107.054	892	546	31	31	30.430	23.306	49.902	0.611	1.306	0.766	0.833
182	8958	26.874	15.617	0	105	613.210	700	547	134	125	126.710	90.014	19.586	0.299	1.408	0.710	0.780
183	23	14.478	6.082	7	29	18.142	3813	549	6	6	6.211	4.715	53.537	0.878	1.317	0.759	0.807
184	2250	22.092	10.224	0	55	242.250	2095	554	59	56	55.984	51.172	161.974	0.482	1.094	0.914	0.875
185	268	21.683	9.081	1	48	67.841	322	557	19	21	19.527	17.474	55.683	0.732	1.117	0.895	0.863
186	387	44.974	17.775	3	96	81.255	1478	559	25	24	25.579	19.264	134.725	0.737	1.328	0.753	0.879
187	40	19.950	9.392	4	42	34.627	1910	561	10	7	8.877	5.737	174.481	0.419	1.547	0.646	0.702
188	3747	31.578	16.813	0	101	329.747	2487	562	68	95	86.586	55.100	69.694	0.433	1.571	0.636	0.817
189	184	42.821	15.218	5	77	56.527	3971	563	15	19	19.563	11.976	124.518	0.724	1.634	0.612	0.860
190	38	19.947	10.099	2	46	26.971	1746	567	9	8	7.989	6.056	174.631	0.656	1.319	0.758	0.760
191	1269	16.973	9.056	0	50	250.978	1754	569	50	61	64.346	25.110	122.518	0.253	2.563	0.390	0.696
192	1703	32.109	14.684	1	81	204.693	1573	572	50	55	50.599	42.853	106.537	0.511	1.181	0.847	0.841
193	22	13.591	7.799	2	34	25.556	3291	587	8	7	5.704	4.910	131.085	0.423	1.162	0.861	0.587
194	882	27.782	12.775	1	76	162.652	930	593	29	49	43.443	25.850	89.333	0.419	1.681	0.595	0.832
195	132	15.667	7.598	0	44	51.698	3178	599	12	16	15.442	10.884	77.282	0.621	1.419	0.705	0.790
196	658	28.160	12.394	1	63	119.296	2915	606	25	42	39.538	21.190	78.388	0.581	1.866	0.536	0.852
197	416	53.875	25.755	5	117	83.012	3093	607	19	30	29.408	18.011	78.283	0.759	1.633	0.612	0.907
198	24	22.917	11.371	7	44	28.971	878	611	7	8	7.504	4.072	118.760	0.359	1.843	0.543	0.571
199	52	26.231	14.158	4	65	31.799	1562	612	7	12	11.571	5.722	95.852	0.646	2.022	0.495	0.782
200	194	15.608	8.106	2	41	71.012	3217	614	21	19	18.839	13.111	46.544	0.483	1.437	0.696	0.709
201	92	14.413	7.278	1	31	63.012	1738	617	14	16	12.946	9.048	136.424	0.291	1.431	0.699	0.580
202	78	20.910	9.700	2	46	46.042	1716	619	9	17	16.359	6.071	70.182	0.462	2.695	0.371	0.726
203	41	18.634	9.010	1	37	30.385	289	620	8	11	10.070	5.184	121.362	0.558	1.943	0.515	0.689
204	34	20.294	7.849	2	37	23.556	3415	636	7	8	7.049	6.141	83.077	0.770	1.148	0.871	0.782
205	199	13.101	6.836	0	35	76.326	3552	637	15	23	20.683	12.250	105.317	0.429	1.688	0.592	0.704
206	242	18.583	9.408	1	48	86.912	2453	641	18	25	20.717	14.873	86.296	0.403	1.393	0.718	0.740
207	1624	48.015	27.686	1	131	168.752	3265	641	40	56	54.459	37.968	98.063	0.717	1.434	0.697	0.923
208	1094	35.680	17.829	0	93	153.924	559	642	29	58	52.791	26.385	97.472	0.580	2.001	0.500	0.888
209	29	14.862	6.880	3	27	23.799	2345	643	9	7	8.385	4.404	23.560	0.643	1.904	0.525	0.690
210	1918	35.214	17.633	1	99	267.037	302	645	31	104	100.732	24.243	93.411	0.338	4.155	0.241	0.766
211	2926	38.456	23.045	0	113	283.321	10	648	53	101	90.617	41.112	86.936	0.458	2.204	0.454	0.824
212	166	41.090	15.082	0	80	54.284	3219	649	13	20	19.963	10.588	72.065	0.708	1.885	0.530	0.856
213	4121	26.846	13.332	0	71	354.818	2015	658	80	80	79.232	66.224	136.361	0.411	1.196	0.836	0.816
214	78	29.897	11.770	3	58	34.627	3847	662	8	14	12.937	7.677	82.797	0.817	1.685	0.593	0.862
215	32	15.531	7.220	3	27	28.728	3623	664	5	12	10.709	3.805	97.824	0.487	2.815	0.355	0.719
216	9687	37.926	22.722	0	126	604.825	735	667	145	180	215.049	57.354	55.043	0.333	3.750	0.267	0.774
217	16	18.750	6.933	5	29	15.071	3868	671	4	5	5.666	3.596	100.278	0.885	1.576	0.635	0.889
218	285	23.656	10.615	2	60	76.912	3229	675	15	29	26.162	13.870	99.269	0.605	1.886	0.530	0.852
219	27	27.593	10.047	7	44	21.556	428	682	7	6	7.372	4.663	150.341	0.730	1.581	0.633	0.818
220	76	23.316	11.904	0	52	34.385	2785	683	11	10	12.490	7.748	135.309	0.808	1.612	0.620	0.869
221	26	15.231	7.388	1	28	26.142	3655	690	4	11	9.049	3.658	87.415	0.478	2.473	0.404	0.743
222	473	49.774	19.087	3	98	89.983	1518	693	26	28	28.238	21.327	136.470	0.734	1.324	0.755	0.883
223	46	13.283	7.624	0	30	39.456	3041	700	14	10	15.221	3.848	149.364	0.371	3.955	0.253	0.630
224	1052	22.237	9.708	1	53	147.439	1126	704	37	43	39.195	34.174	84.878	0.608	1.147	0.872	0.867
225	235	31.809	13.606	1	65	60.527	3725	704	18	18	18.621	16.069	26.210	0.806	1.159	0.863	0.880
226	298	34.342	14.862	4	79	73.841	1665	705	19	26	24.955	15.204	72.785	0.687	1.641	0.609	0.851
227	230	28.409	13.540	2	63	64.184	1294	707	15	23	23.944	12.230	71.506	0.702	1.958	0.511	0.860
228	1345	34.086	17.120	1	90	232.551	549	708	34	95	87.608	19.547	103.537	0.313	4.482	0.223	0.736
229	38	15.579	7.402	2	32	30.385	3817	708	8	8	7.980	6.063	9.040	0.517	1.316	0.760	0.691
230	310	17.748	8.736	1	48	84.326	1635	711	20	27	22.796	17.314	82.936	0.548	1.317	0.760	0.796
231	785	38.203	17.441	1	91	119.640	82	717	29	41	38.814	25.751	103.644	0.689	1.507	0.663	0.888
232	1166	28.047	12.340	1	78	180.652	176	720	55	36	58.411	25.416	20.098	0.449	2.298	0.435	0.810
233	226	26.836	12.326	1	67	63.941	1467	721	18	19	20.542	14.008	48.303	0.695	1.466	0.682	0.861
234	876	27.611	15.091	1	89	154.368	3851	721	38	48	45.538	24.493	107.243	0.462	1.859	0.538	0.716
235	1869	36.117	16.359	0	87	226.936	343	727	50	79	80.008	29.743	62.666	0.456	2.690	0.372	0.789
236	251	22.315	9.728	2	51	77.012	460	727	22	22	18.759	17.036	24.367	0.532	1.101	0.908	0.755
237	301	36.389	14.113	6	73	74.184	745	727	17	26	25.245	15.181	79.896	0.687	1.663	0.601	0.872
238	10371	35.279	21.873	0	138	599.654	3658	727	100	178	159.398	82.842	94.996	0.362	1.924	0.520	0.856
239	52	26.481	12.558	1	57	29.213	892	735	9	10	10.049	6.588	129.636	0.766	1.525	0.656	0.794
240	351	52.510	18.575	7	96	77.255	858	742	23	24	27.119	16.480	53.051	0.739	1.646	0.608	0.891
241	277	25.079	10.881	2	57	76.426	2176	750	16	27	24.751	14.250	83.368	0.596	1.737	0.576	0.817
242	828	33.428	14.328	1	75	135.782	383	766	42	36	46.682	22.584	33.210	0.564	2.067	0.484	0.851
243	321	26.963	12.846	1	65	83.497	879	769	28	22	27.853	14.674	155.888	0.579	1.898	0.527	0.761
244	4226	27.896	15.588	0	90	431.387	3388	770	82	117	94.900	56.699	115.107	0.285	1.674	0.597	0.673
245	71	22.634	10.499	5	52	42.385	436	773	7	18	16.143	5.600	90.034	0.497	2.883	0.347	0.776
246	77	25.922	9.065	5	47	38.627	2580	775	10	13	11.339	8.646	87.546	0.648	1.311	0.763	0.786
247	2420	19.524	9.627	0	58	234.108	44	778	54	72	70.683	43.592	70.418	0.555	1.621	0.617	0.879
248	761	20.702	9.247	1	55	130.267	3126	781	34	34	32.654	29.672	90.167	0.564	1.101	0.909	0.851
249	29	26.655	8.528	7	38	21.314	3220	786	5	8	8.161	4.525	78.843	0.802	1.804	0.554	0.853
250	34	26.735	9.894	9	49	23.556	2427	794	6	9	7.537	5.743	85.159	0.770	1.312	0.762	0.782
251	1867	19.567	9.879	0	53	260.978	3474	794	55	74	61.415	38.706	61.235	0.344	1.587	0.630	0.707
252	108	11.991	6.402	0	26	97.397	3328	795	16	19	12.973	10.599	93.230	0.143	1.224	0.817	0.495
253	159	21.031	10.662	1	63	65.598	978	796	17	21	21.277	9.515	116.316	0.464	2.236	0.447	0.691
254	78	17.051	10.755	1	43	38.042	1412	805	9	14	13.581	7.313	74.960	0.677	1.857	0.538	0.800
255	420	34.700	13.439	3	72	89.497	236	806	18	33	33.764	15.838	81.821	0.659	2.132	0.469	0.870
256	17	14.059	5.093	5	26	15.899	1899	806	4	6	6.445	3.358	75.964	0.845	1.919	0.521	0.829
257	1801	22.509	11.334	0	64	238.936	2636	812	49	64	54.539	42.045	95.070	0.396	1.297	0.771	0.818
258	274	17.609	9.089	1	43	86.669	2114	813	18	27	27.411	12.727	69.686	0.458	2.154	0.464	0.777
259	907	19.625	9.956	1	57	172.267	2948	813	25	55	53.727	21.494	98.629	0.384	2.500	0.400	0.823
260	33	26.273	9.025	4	44	21.071	1651	818	5	7	7.792	5.392	99.072	0.934	1.445	0.692	0.971
261	59	21.102	6.731	4	34	32.971	954	823	9	11	10.728	7.002	120.671	0.682	1.532	0.653	0.792
262	2423	28.381	13.903	0	88	271.421	2428	831	40	92	93.307	33.064	101.551	0.413	2.822	0.354	0.883
263	7451	45.742	29.279	0	144	596.340	3610	832	69	200	178.259	53.220	89.386	0.263	3.350	0.299	0.779
264	288	17.865	8.855	0	41	94.225	206	839	20	27	24.625	14.891	68.025	0.408	1.654	0.605	0.719
265	231	25.814	13.797	1	77	67.355	2336	842	17	21	20.285	14.500	103.861	0.640	1.399	0.715	0.832
266	399	24.005	13.062	1	69	95.983	1533	847	25	33	35.793	14.193	54.487	0.544	2.522	0.397	0.821
267	774	24.057	11.277	1	62	158.610	1627	849	28	49	45.684	21.572	93.247	0.387	2.118	0.472	0.733
268	2434	30.585	15.076	0	82	226.551	3304	850	52	69	65.679	47.185	92.735	0.596	1.392	0.718	0.883
269	17	11.824	5.559	2	20	15.899	96	852	5	5	5.405	4.004	116.808	0.845	1.350	0.741	0.829
270	85	25.871	10.993	3	58	41.698	3029	857	10	16	13.687	7.907	91.823	0.614	1.731	0.578	0.766
271	925	29.781	18.220	0	83	182.167	1554	860	30	73	74.506	15.807	73.599	0.350	4.713	0.212	0.768
272	5865	37.257	18.637	0	116	577.754	1121	864	132	122	152.985	48.812	138.160	0.221	3.134	0.319	0.661
273	620	39.789	15.634	2	89	112.225	2342	866	28	33	31.365	25.168	107.507	0.619	1.246	0.802	0.867
274	53	11.000	5.844	1	23	29.556	515	870	9	9	9.950	6.782	26.846	0.762	1.467	0.682	0.841
275	793	20.697	9.572	1	49	128.368	103	871	32	35	33.520	30.121	74.896	0.605	1.113	0.899	0.865
276	18	13.056	5.975	2	25	19.314	244	872	6	5	6.731	3.405	163.155	0.606	1.977	0.506	0.720
277	354	15.325	7.707	0	46	92.912	1657	873	21	29	24.948	18.066	118.090	0.515	1.381	0.724	0.773
278	1798	19.482	9.348	1	55	226.350	2799	878	42	65	59.114	38.727	86.062	0.441	1.526	0.655	0.849
279	92	30.000	12.255	5	61	41.113	1015	889	10	15	14.241	8.226	78.739	0.684	1.731	0.578	0.807
280	182	31.753	18.188	3	82	57.113	1522	891	12	22	21.875	10.594	78.503	0.701	2.065	0.484	0.886
281	391	57.997	22.143	4	113	83.497	2672	891	19	31	28.791	17.291	99.865	0.705	1.665	0.601	0.881
282	5834	24.311	12.219	0	77	511.571	2984	891	115	125	140.773	52.766	52.596	0.280	2.668	0.375	0.700
283	351	23.271	10.219	1	57	94.426	1	899	18	29	25.265	17.689	88.679	0.495	1.428	0.700	0.823
284	46	13.261	4.964	4	23	26.971	25	901	8	9	8.449	6.932	94.184	0.795	1.219	0.820	0.821
285	867	63.386	29.755	1	124	121.054	1032	903	27	46	45.177	24.435	98.972	0.743	1.849	0.541	0.927
286	615	32.976	15.087	3	93	170.167	3897	904	22	64	59.716	13.113	79.131	0.267	4.554	0.220	0.734
287	23	19.261	8.476	5	34	21.314	297	905	5	7	7.162	4.089	115.983	0.636	1.751	0.571	0.754
288	142	22.852	10.424	2	46	50.527	169	912	15	15	14.714	12.288	38.133	0.699	1.197	0.835	0.818
289	96	20.083	9.904	2	49	41.698	1600	915	13	14	14.877	8.216	50.902	0.694	1.811	0.552	0.790
290	1201	42.179	17.716	0	90	151.196	1790	915	34	53	52.390	29.188	72.087	0.660	1.795	0.557	0.897
291	3015	21.459	10.778	0	73	355.304	310	917	76	72	72.880	52.673	168.095	0.300	1.384	0.723	0.755
292	125	14.160	7.774	1	37	57.598	206	922	13	18	16.455	9.672	85.363	0.473	1.701	0.588	0.700
293	31	17.903	7.752	5	42	22.485	2306	927	5	8	9.170	4.304	103.283	0.771	2.130	0.469	0.873
294	18	13.889	7.722	0	26	25.556	1585	928	4	10	8.369	2.739	85.809	0.346	3.056	0.327	0.590
295	288	22.427	11.280	1	53	95.640	2110	928	25	22	23.800	15.407	18.471	0.396	1.545	0.647	0.712
296	253	22.126	11.431	1	53	75.255	3478	928	23	20	18.880	17.062	118.405	0.561	1.106	0.904	0.774
297	25	13.720	8.137	2	29	27.799	425	938	9	7	7.884	4.037	15.186	0.407	1.953	0.512	0.543
298	20	17.850	8.922	0	38	20.142	1357	945	5	7	6.655	3.826	85.793	0.619	1.739	0.575	0.690
299	570	26.277	11.305	0	59	105.296	2811	945	28	32	31.717	22.882	129.605	0.646	1.386	0.721	0.872
300	143	15.140	7.997	1	39	53.941	691	946	12	20	18.701	9.736	77.243	0.618	1.921	0.521	0.786
301	21	14.905	6.964	3	28	19.314	1505	949	4	8	7.150	3.740	83.306	0.707	1.912	0.523	0.808
302	45	22.689	9.837	4	43	25.799	1481	952	7	10	9.050	6.331	86.732	0.850	1.429	0.700	0.811
303	1422	42.594	22.526	1	119	208.995	3208	952	42	73	64.698	27.985	100.332	0.409	2.312	0.433	0.706
304	2513	28.302	14.777	0	79	308.149	3097	953	50	116	101.019	31.674	99.501	0.333	3.189	0.314	0.728
305	452	31.230	16.870	1	92	133.539	2242	957	20	44	35.183	16.357	84.770	0.319	2.151	0.465	0.686
306	92	29.565	12.631	4	60	38.042	575	961	11	13	12.606	9.292	108.723	0.799	1.357	0.737	0.825
307	9236	27.912	14.452	0	83	656.566	2490	965	113	184	156.530	75.127	59.723	0.269	2.084	0.480	0.732
308	83	18.120	10.182	1	52	57.113	3285	965	9	19	15.839	6.672	78.781	0.320	2.374	0.421	0.638
309	19	12.421	4.846	5	25	18.728	1936	966	5	7	6.223	3.887	94.400	0.681	1.601	0.625	0.731
310	61	31.689	12.517	2	64	32.385	2171	969	7	12	12.095	6.422	82.213	0.731	1.883	0.531	0.841
311	180	13.239	7.303	0	36	86.669	2286	978	20	18	16.698	13.725	65.535	0.301	1.217	0.822	0.675
312	1476	30.173	13.644	1	71	183.137	3363	981	42	58	51.757	36.310	97.881	0.553	1.425	0.702	0.859
313	179	12.687	6.662	1	33	73.841	746	987	17	19	17.453	13.059	55.818	0.413	1.337	0.748	0.732
314	26	18.346	7.488	8	41	19.556	2430	993	6	7	6.538	5.063	97.864	0.854	1.291	0.774	0.788
315	65	14.000	6.430	3	31	47.113	963	994	13	12	11.640	7.110	22.914	0.368	1.637	0.611	0.610
316	2548	47.087	22.640	1	128	254.350	271	997	54	71	61.664	52.611	100.330	0.495	1.172	0.853	0.839
317	430	22.705	11.079	2	54	116.811	1228	997	18	41	39.755	13.772	97.364	0.396	2.887	0.346	0.772
318	20	13.650	7.350	2	31	19.314	1480	999	7	5	6.551	3.887	167.832	0.674	1.686	0.593	0.755
319	274	17.781	9.286	1	46	93.154	1294	1002	23	24	27.777	12.560	132.057	0.397	2.212	0.452	0.754
320	6217	32.950	16.835	0	103	531.671	3860	1015	95	142	128.901	61.409	59.725	0.276	2.099	0.476	0.688
321	5059	25.673	12.500	0	80	460.014	2694	1018	69	110	107.459	59.942	84.488	0.300	1.793	0.558	0.792
322	739	39.938	19.524	1	111	118.225	886	1023	31	35	31.717	29.666	124.825	0.664	1.069	0.935	0.867
323	99	18.687	9.047	1	39	44.870	2325	1029	11	15	14.878	8.472	62.012	0.618	1.756	0.569	0.795
324	190	27.295	10.807	5	60	61.598	2493	1033	15	20	19.743	12.253	70.433	0.629	1.611	0.621	0.819
325	69	14.928	8.971	3	42	47.456	188	1038	9	19	15.761	5.574	111.791	0.385	2.827	0.354	0.654
326	5565	28.118	13.911	0	95	364.132	43	1041	90	100	91.182	77.708	63.762	0.527	1.173	0.852	0.860
327	12113	38.549	23.372	0	139	846.365	1285	1041	102	281	257.189	59.967	101.383	0.212	4.289	0.233	0.646
328	56	27.946	10.013	7	61	32.042	3578	1041	10	10	9.198	7.752	38.823	0.685	1.187	0.843	0.757
329	1930	21.060	10.783	0	60	226.936	2431	1043	47	67	65.654	37.429	117.160	0.471	1.754	0.570	0.874
330	21	13.000	6.863	1	24	27.799	2014	1052	7	7	6.181	4.326	62.543	0.341	1.429	0.700	0.560
331	5383	31.432	15.993	0	95	587.269	2941	1053	85	191	170.309	40.244	73.588	0.196	4.232	0.236	0.612
332	16	11.250	5.663	2	22	17.899	1616	1055	8	3	7.638	2.667	4.506	0.628	2.864	0.349	0.800
333	1290	28.791	14.901	1	78	204.794	1821	1055	40	68	53.827	30.514	92.072	0.387	1.764	0.567	0.741
334	227	42.273	14.525	1	72	66.426	3479	1059	15	24	22.134	13.058	82.218	0.646	1.695	0.590	0.830
335	6652	35.317	21.556	0	119	637.110	3490	1059	86	177	147.024	57.607	74.999	0.206	2.552	0.392	0.694
336	20	10.750	5.320	1	20	20.728	2004	1060	5	7	6.345	4.014	93.917	0.585	1.581	0.633	0.727
337	173	27.919	12.068	2	62	55.113	3368	1062	13	19	18.752	11.746	93.404	0.716	1.596	0.626	0.856
338	231	20.152	9.390	1	50	71.841	3801	1066	14	26	23.823	12.346	90.632	0.562	1.930	0.518	0.824
339	348	35.210	16.101	3	76	89.740	1892	1068	26	28	28.843	15.362	46.879	0.543	1.877	0.533	0.759
340	1002	21.332	9.836	0	53	158.995	209	1069	36	46	42.072	30.324	92.580	0.498	1.387	0.721	0.833
341	1665	27.290	14.262	1	75	216.451	442	1071	51	60	59.369	35.708	131.945	0.447	1.663	0.601	0.817
342	915	27.600	15.338	0	85	200.208	2356	1084	44	51	38.198	30.499	108.448	0.287	1.252	0.798	0.672
343	739	16.038	7.747	1	45	162.752	1706	1087	31	37	34.182	27.527	79.665	0.351	1.242	0.805	0.783
344	830	29.794	13.085	2	82	167.338	2161	1089	31	59	45.385	23.285	76.906	0.372	1.949	0.513	0.733
345	10052	34.261	17.680	0	108	792.306	342	1092	117	231	182.974	69.948	96.795	0.201	2.616	0.382	0.592
346	76	22.566	11.101	2	49	38.627	3073	1092	9	14	14.762	6.555	71.462	0.640	2.252	0.444	0.809
347	1947	35.803	18.651	0	91	217.522	3583	1092	43	75	67.447	36.755	88.748	0.517	1.835	0.545	0.861
348	2793	19.013	11.313	0	74	265.522	501	1118	49	85	84.459	42.105	86.436	0.498	2.006	0.499	0.873
349	41054	22.507	14.366	0	93	1257.776	2462	1123	260	290	257.004	203.388	58.369	0.326	1.264	0.791	0.798
350	105	39.676	13.458	7	72	42.627	3249	1134	9	17	15.851	8.434	94.352	0.726	1.879	0.532	0.871
351	854	24.704	10.349	1	57	139.095	2833	1136	39	37	39.607	27.453	148.857	0.555	1.443	0.693	0.849
352	2876	31.658	14.859	0	87	257.806	2334	1138	71	63	74.975	48.841	143.686	0.544	1.535	0.651	0.882
353	915	29.556	15.629	0	87	194.995	3778	1143	25	77	74.828	15.569	79.559	0.302	4.806	0.208	0.767
354	1051	37.051	17.237	3	92	196.510	1239	1147	20	81	80.789	16.564	93.530	0.342	4.877	0.205	0.807
355	134	15.731	7.858	1	36	58.770	1658	1152	12	20	17.303	9.860	103.297	0.488	1.755	0.570	0.761
356	60	18.650	8.856	1	38	32.627	3095	1154	10	9	9.953	7.675	1.865	0.708	1.297	0.771	0.795
357	1018	30.251	13.358	1	76	146.510	859	1169	33	46	43.470	29.817	103.581	0.596	1.458	0.686	0.874
358	3744	21.194	10.056	0	59	382.759	2096	1173	60	122	113.425	42.028	76.780	0.321	2.699	0.371	0.761
359	1747	42.685	25.057	0	114	168.995	3673	1173	52	51	59.315	37.501	133.079	0.769	1.582	0.632	0.924
360	52	15.481	8.808	2	34	32.627	1657	1174	8	12	10.883	6.084	67.504	0.614	1.789	0.559	0.738
361	1823	38.700	22.193	0	107	186.652	3021	1177	46	66	62.487	37.146	114.217	0.658	1.682	0.594	0.897
362	23	19.870	9.992	5	40	18.142	1407	1186	5	7	6.459	4.534	95.146	0.878	1.425	0.702	0.821
363	683	19.975	9.253	1	51	128.024	698	1189	29	37	33.370	26.060	88.200	0.524	1.280	0.781	0.832
364	809	31.187	15.499	2	95	133.196	2057	1190	34	39	38.419	26.811	121.558	0.573	1.433	0.698	0.844
365	266	16.023	7.696	1	36	164.752	628	1195	23	32	20.742	16.328	103.011	0.123	1.270	0.787	0.426
366	215	31.888	11.875	3	62	63.355	1579	1201	17	20	18.062	15.156	74.651	0.673	1.192	0.839	0.832
367	65	16.877	6.241	4	31	41.456	1443	1205	11	11	9.634	8.591	32.132	0.475	1.121	0.892	0.722
368	314	35.471	14.380	4	77	91.497	897	1208	21	33	33.105	12.076	123.162	0.471	2.741	0.365	0.777
369	21	11.429	6.209	0	25	22.971	2089	1224	7	8	9.601	2.785	42.030	0.500	3.448	0.290	0.677
370	258	14.922	7.776	1	38	85.740	2788	1225	20	24	19.346	16.980	85.739	0.441	1.139	0.878	0.733
371	92	14.174	6.593	1	28	63.841	1120	1236	12	18	14.449	8.107	101.098	0.284	1.782	0.561	0.584
372	19	9.684	4.177	1	18	22.728	3579	1237	7	7	5.253	4.606	11.566	0.462	1.140	0.877	0.585
373	83	24.639	12.320	2	55	42.385	1	1240	8	17	15.533	6.804	80.501	0.581	2.283	0.438	0.814
374	35	25.429	11.296	4	45	22.728	3260	1240	7	7	7.834	5.688	46.096	0.851	1.377	0.726	0.864
375	91	34.593	12.590	5	62	40.627	1445	1242	10	15	14.874	7.790	77.667	0.693	1.909	0.524	0.812
376	32	11.719	5.816	2	22	39.213	699	1243	10	9	7.636	5.336	166.038	0.262	1.431	0.699	0.481
377	664	33.932	14.807	1	81	122.468	751	1244	27	41	35.937	23.525	109.701	0.556	1.528	0.655	0.819
378	5690	22.634	11.547	0	67	452.073	1009	1245	59	141	143.648	50.434	94.242	0.350	2.848	0.351	0.834
379	258	28.740	13.861	3	67	63.355	1253	1249	19	20	19.331	16.994	52.660	0.808	1.138	0.879	0.881
380	127	14.890	8.953	1	39	76.912	1420	1249	15	19	16.257	9.946	119.853	0.270	1.635	0.612	0.614
381	43	15.256	8.800	3	35	34.627	1	1260	9	11	10.635	5.148	125.030	0.451	2.066	0.484	0.632
382	520	51.929	30.014	1	127	98.426	3767	1267	22	36	34.849	18.999	84.872	0.675	1.834	0.545	0.882
383	22	13.045	7.913	1	27	21.556	2331	1269	6	7	5.816	4.816	110.670	0.595	1.207	0.828	0.698
384	85	39.765	10.566	5	61	35.799	3364	1270	10	12	12.407	8.723	66.875	0.833	1.422	0.703	0.863
385	107	17.355	7.140	1	34	54.184	2804	1282	14	17	15.187	8.971	70.229	0.458	1.693	0.591	0.695
386	110	44.818	14.806	8	73	43.698	1775	1286	12	15	12.927	10.834	106.087	0.724	1.193	0.838	0.809
387	3716	28.520	14.308	0	82	365.446	2902	1290	86	111	127.766	37.032	57.831	0.350	3.450	0.290	0.799
388	109	31.303	11.403	7	58	46.284	3273	1292	10	17	15.865	8.748	71.498	0.639	1.814	0.551	0.823
389	5928	27.281	13.763	0	89	433.203	319	1294	58	145	150.500	50.151	92.796	0.397	3.001	0.333	0.862
390	123	17.707	7.837	1	37	43.456	2267	1295	13	14	13.783	11.362	105.192	0.818	1.213	0.824	0.860
391	380	39.458	15.130	3	80	86.083	3696	1299	27	24	28.787	16.807	149.672	0.644	1.713	0.584	0.827
392	48	15.229	8.518	1	33	32.870	1505	1305	9	12	10.256	5.959	60.399	0.558	1.721	0.581	0.662
393	433	34.693	17.021	0	79	89.841	2126	1320	18	34	33.372	16.520	91.920	0.674	2.020	0.495	0.888
394	318	28.381	11.483	1	58	75.012	1598	1321	25	20	21.677	18.678	175.601	0.710	1.161	0.862	0.863
395	2070	22.205	11.727	0	65	254.149	3811	1333	72	56	61.185	43.076	163.927	0.403	1.420	0.704	0.773
396	602	38.517	16.010	2	83	111.640	960	1334	22	42	39.398	19.455	84.033	0.607	2.025	0.494	0.872
397	722	25.036	11.314	0	63	161.238	2284	1335	42	41	43.795	20.991	36.610	0.349	2.086	0.479	0.693
398	20	18.300	5.555	8	29	18.728	3918	1335	6	6	5.249	4.851	143.677	0.717	1.082	0.924	0.727
399	222	34.509	11.808	1	68	59.698	3056	1338	18	18	19.411	14.562	136.434	0.783	1.333	0.750	0.869
400	56	16.821	8.061	1	37	30.385	3043	1343	8	11	9.687	7.360	94.154	0.762	1.316	0.760	0.824
401	153	27.373	12.165	0	64	63.698	3408	1343	9	27	25.722	7.573	85.317	0.474	3.396	0.294	0.816
402	5064	21.315	10.172	0	68	450.458	2335	1344	64	128	129.320	49.858	75.584	0.314	2.594	0.386	0.835
403	468	16.720	7.931	0	46	134.853	825	1345	28	29	25.261	23.589	101.140	0.323	1.071	0.934	0.731
404	1660	26.436	11.438	1	65	175.480	590	1347	44	58	53.445	39.547	85.249	0.677	1.351	0.740	0.907
405	620	34.229	15.088	3	91	125.882	3130	1347	27	47	46.499	16.977	117.981	0.492	2.739	0.365	0.788
406	50	23.840	10.682	1	44	32.627	3306	1348	8	12	11.661	5.460	72.831	0.590	2.136	0.468	0.730
407	1382	35.141	19.720	0	102	180.066	1534	1354	45	54	58.485	30.087	122.529	0.536	1.944	0.514	0.843
408	40	23.250	12.487	2	43	24.142	667	1366	6	9	8.524	5.975	89.763	0.862	1.427	0.701	0.870
409	3030	31.315	16.322	0	84	290.291	1688	1367	51	95	83.741	46.069	90.492	0.452	1.818	0.550	0.819
410	247	12.385	6.157	0	32	90.326	1119	1369	18	24	19.360	16.244	67.228	0.380	1.192	0.839	0.720
411	43	17.233	8.986	5	32	28.971	1411	1369	8	9	8.879	6.166	57.877	0.644	1.440	0.694	0.768
412	30	11.733	6.209	2	24	36.870	1094	1373	8	11	9.528	4.009	63.268	0.277	2.377	0.421	0.545
413	85	17.176	7.794	3	42	38.870	1453	1381	11	13	11.804	9.168	83.475	0.707	1.287	0.777	0.798
414	28	21.679	9.775	6	38	21.556	1960	1383	6	8	8.072	4.417	65.817	0.757	1.828	0.547	0.737
415	259	18.741	8.451	1	45	72.083	3039	1390	22	20	19.420	16.981	173.350	0.626	1.144	0.874	0.803
416	1373	22.653	10.041	0	57	169.823	3346	1391	47	45	46.987	37.205	132.963	0.598	1.263	0.792	0.885
417	168	15.440	8.578	1	39	93.740	3101	1399	17	27	22.624	9.455	65.926	0.240	2.393	0.418	0.626
418	746	35.680	19.285	2	96	126.953	3507	1399	27	45	42.617	22.288	72.288	0.582	1.912	0.523	0.869
419	35	16.257	7.489	3	31	35.213	2973	1400	6	11	10.182	4.377	90.832	0.355	2.326	0.430	0.598
420	784	26.816	12.539	2	71	144.711	409	1402	42	32	42.314	23.591	163.455	0.470	1.794	0.558	0.791
421	19	20.947	9.478	8	38	19.899	856	1405	4	8	7.215	3.353	81.517	0.603	2.152	0.465	0.745
422	6174	26.679	14.144	0	92	441.144	2681	1406	107	117	137.580	57.137	44.475	0.399	2.408	0.415	0.839
423	431	20.828	9.826	1	45	96.225	3023	1419	24	32	29.276	18.745	65.699	0.585	1.562	0.640	0.809
424	283	28.876	12.966	3	65	77.497	1511	1422	21	24	21.168	17.022	59.836	0.592	1.244	0.804	0.819
425	58	17.810	8.355	3	38	33.213	856	1427	9	11	9.908	7.453	71.402	0.661	1.329	0.752	0.753
426	1030	32.545	16.302	0	85	198.794	2901	1428	35	58	44.089	29.745	94.105	0.328	1.482	0.675	0.678
427	2203	36.809	16.854	0	103	235.279	3144	1429	41	81	77.878	36.017	92.245	0.500	2.162	0.462	0.876
428	107	36.710	12.150	8	66	41.113	3184	1429	13	14	12.420	10.969	73.505	0.796	1.132	0.883	0.839
429	66	33.455	12.721	8	63	32.385	67	1436	7	13	12.413	6.770	76.672	0.791	1.834	0.545	0.868
430	34	18.559	9.307	4	38	24.142	193	1439	6	9	7.757	5.581	120.048	0.733	1.390	0.719	0.800
431	16	12.500	7.677	3	29	18.142	3599	1439	6	5	5.146	3.959	12.452	0.611	1.300	0.769	0.681
432	68	26.897	10.140	3	57	38.042	808	1447	9	12	10.995	7.874	93.852	0.590	1.396	0.716	0.768
433	18679	27.522	15.992	0	111	1026.413	294	1455	151	269	234.714	101.327	104.341	0.223	2.316	0.432	0.772
434	22	19.500	6.420	10	31	21.556	1676	1455	5	8	7.862	3.563	92.573	0.595	2.206	0.453	0.688
435	8394	29.748	15.235	0	92	603.997	1095	1457	132	186	173.612	61.560	129.879	0.289	2.820	0.355	0.676
436	55	30.127	11.958	6	52	32.385	1767	1467	7	11	10.578	6.620	87.857	0.659	1.598	0.626	0.809
437	4381	25.380	13.672	0	84	413.002	1790	1475	83	95	80.880	68.968	117.892	0.323	1.173	0.853	0.784
438	218	44.867	16.231	5	86	58.770	3438	1475	17	20	22.213	12.496	58.268	0.793	1.778	0.563	0.886
439	59	29.390	12.137	8	60	33.799	1709	1486	8	12	10.435	7.199	102.550	0.649	1.449	0.690	0.787
440	86	34.558	16.249	3	79	38.042	86	1490	9	15	14.623	7.488	110.529	0.747	1.953	0.512	0.839
441	71	10.535	5.560	3	26	50.527	1389	1493	10	18	15.758	5.737	103.968	0.349	2.747	0.364	0.612
442	77	24.766	10.911	3	48	38.042	961	1496	9	14	12.967	7.561	86.411	0.669	1.715	0.583	0.798
443	217	15.585	8.491	2	41	78.569	1250	1496	16	24	21.476	12.865	82.409	0.442	1.669	0.599	0.761
444	54	30.833	11.137	9	61	30.142	177	1497	6	12	11.722	5.865	94.586	0.747	1.999	0.500	0.893
445	637	15.455	8.399	0	40	145.338	3105	1499	38	29	31.972	25.368	10.499	0.379	1.260	0.793	0.789
446	347	23.032	10.318	1	54	112.811	2187	1500	16	45	44.480	9.933	76.240	0.343	4.478	0.223	0.778
447	45	14.756	6.641	3	33	34.385	1162	1506	7	12	8.965	6.391	97.409	0.478	1.403	0.713	0.687
448	61	23.295	10.931	2	49	32.627	1682	1511	9	12	11.053	7.027	91.684	0.720	1.573	0.636	0.787
449	200	16.975	9.048	0	54	65.841	2613	1513	18	19	17.547	14.512	47.315	0.580	1.209	0.827	0.792
450	200	23.455	11.050	1	53	69.255	3789	1522	16	21	20.186	12.615	68.686	0.524	1.600	0.625	0.774
451	22	16.955	7.088	5	34	18.728	2829	1529	7	5	7.025	3.987	156.255	0.788	1.762	0.568	0.772
452	509	45.393	18.931	2	101	160.409	3132	1529	39	30	37.961	17.072	18.941	0.249	2.224	0.450	0.567
453	315	16.086	7.540	1	36	108.811	2562	1539	21	27	22.139	18.116	91.249	0.334	1.222	0.818	0.735
454	30	14.933	7.168	3	32	23.799	739	1541	7	9	7.383	5.174	96.313	0.666	1.427	0.701	0.698
455	17	15.353	7.897	6	31	15.314	817	1553	5	5	5.673	3.815	50.715	0.911	1.487	0.673	0.810
456	1004	24.504	11.507	0	69	172.652	2822	1553	37	50	44.954	28.436	115.115	0.423	1.581	0.633	0.779
457	37	23.081	10.652	5	41	26.971	3730	1553	7	10	8.362	5.634	69.619	0.639	1.484	0.674	0.747
458	276	13.888	6.589	0	33	94.569	891	1556	25	22	22.017	15.961	14.235	0.388	1.379	0.725	0.716
459	129	12.279	6.307	0	31	69.255	1575	1562	19	17	16.641	9.870	143.562	0.338	1.686	0.593	0.632
460	4995	21.326	11.590	0	66	326.090	738	1572	92	79	95.094	66.880	148.973	0.590	1.422	0.703	0.922
461	532	28.357	12.577	2	70	101.397	1996	1579	25	33	31.224	21.693	75.610	0.650	1.439	0.695	0.859
462	470	22.526	10.415	0	52	96.569	521	1584	27	27	29.642	20.188	139.988	0.633	1.468	0.681	0.856
463	41	20.415	7.596	1	38	25.799	3256	1591	8	8	7.634	6.838	40.820	0.774	1.116	0.896	0.788
464	74	19.959	8.351	5	46	40.042	602	1595	8	14	13.231	7.121	85.519	0.580	1.858	0.538	0.775
465	1185	34.294	17.799	1	100	150.267	3404	1597	32	50	48.895	30.858	83.686	0.659	1.585	0.631	0.907
466	727	36.846	16.300	2	86	111.640	2537	1606	29	38	34.943	26.490	98.162	0.733	1.319	0.758	0.898
467	37	28.757	10.351	2	47	25.799	1063	1611	8	9	7.688	6.128	49.444	0.699	1.255	0.797	0.740
468	221	13.149	6.902	0	42	96.569	3886	1611	20	20	17.746	15.857	104.026	0.298	1.119	0.894	0.696
469	17	17.118	6.679	7	31	17.314	1004	1613	5	6	6.751	3.206	116.142	0.713	2.106	0.475	0.756
470	77	19.416	11.678	0	45	43.456	3669	1613	11	15	12.443	7.879	72.567	0.512	1.579	0.633	0.703
471	517	45.255	20.224	1	98	98.225	113	1619	23	35	31.157	21.128	92.635	0.673	1.475	0.678	0.864
472	1151	22.484	11.898	0	59	172.894	167	1620	48	39	43.524	33.671	172.626	0.484	1.293	0.774	0.800
473	120	21.525	11.579	0	49	50.527	3983	1621	11	18	17.020	8.977	86.912	0.591	1.896	0.527	0.782
474	1793	32.301	15.190	0	85	195.037	2347	1623	49	51	53.048	43.035	43.491	0.592	1.233	0.811	0.899
475	602	26.505	11.298	1	60	112.811	310	1628	27	33	29.848	25.680	90.464	0.594	1.162	0.860	0.850
476	1180	18.720	9.053	0	50	194.451	2738	1630	41	50	47.503	31.628	115.804	0.392	1.502	0.666	0.819
477	4171	32.129	20.090	0	103	318.877	1510	1631	57	111	99.431	53.411	84.750	0.515	1.862	0.537	0.869
478	285	35.628	13.946	1	72	68.184	3318	1632	17	23	22.768	15.938	83.346	0.770	1.429	0.700	0.880
479	22	11.045	5.196	2	19	17.314	906	1638	4	7	6.733	4.160	79.513	0.922	1.618	0.618	0.898
480	100	25.470	9.840	6	54	49.113	2262	1645	12	17	13.948	9.128	109.372	0.521	1.528	0.654	0.725
481	179	28.894	11.857	4	65	55.113	592	1651	15	18	16.712	13.638	83.581	0.741	1.225	0.816	0.850
482	545	19.321	9.838	0	62	99.255	2203	1662	26	31	32.454	21.381	117.956	0.695	1.518	0.659	0.876
483	35	15.029	8.553	2	40	31.213	3312	1663	9	9	9.207	4.840	59.509	0.451	1.902	0.526	0.648
484	8742	33.487	19.986	0	109	578.642	1777	1668	77	203	184.345	60.380	89.369	0.328	3.053	0.328	0.767
485	92	16.098	8.078	1	41	40.627	3520	1669	9	15	14.274	8.207	71.039	0.700	1.739	0.575	0.860
486	1462	18.716	9.259	0	52	237.522	694	1671	45	65	59.169	31.460	99.683	0.326	1.881	0.532	0.751
487	170	20.947	9.600	1	53	61.941	572	1675	14	22	20.050	10.796	111.391	0.557	1.857	0.538	0.787
488	176	26.114	11.885	3	55	63.255	662	1676	19	15	18.662	12.008	8.895	0.553	1.554	0.643	0.751
489	580	30.329	14.003	1	75	114.711	1587	1679	29	38	37.084	19.914	119.397	0.554	1.862	0.537	0.822
490	268	15.257	7.470	1	37	79.841	2652	1681	19	25	23.175	14.724	68.790	0.528	1.574	0.635	0.798
491	111	31.477	14.926	2	73	50.627	3992	1688	7	22	21.076	6.706	89.211	0.544	3.143	0.318	0.895
492	356	47.143	20.725	2	116	78.669	934	1699	20	28	28.454	15.930	111.359	0.723	1.786	0.560	0.879
493	3209	20.552	10.111	0	73	319.990	1703	1699	63	98	101.844	40.118	61.996	0.394	2.539	0.394	0.845
494	143	28.476	12.234	4	66	48.042	2862	1700	12	17	16.751	10.869	77.910	0.779	1.541	0.649	0.883
495	2818	30.192	14.191	1	81	364.860	3676	1702	46	111	96.927	37.017	92.127	0.266	2.618	0.382	0.705
496	7048	29.650	15.697	0	91	465.872	3104	1710	118	95	113.824	78.839	7.804	0.408	1.444	0.693	0.834
497	45	19.422	9.333	4	42	29.799	2992	1713	7	11	11.431	5.013	72.937	0.637	2.280	0.439	0.763
498	206	49.825	16.847	5	85	57.012	3358	1713	19	17	19.846	13.216	40.034	0.796	1.502	0.666	0.875
499	39	17.308	8.231	5	43	27.799	596	1719	10	7	8.167	6.080	171.333	0.634	1.343	0.744	0.722
500	134	43.007	14.075	7	74	47.456	2661	1719	12	16	16.383	10.414	65.853	0.748	1.573	0.636	0.856
501	418	23.344	10.301	0	55	91.983	2845	1728	24	28	26.568	20.032	76.348	0.621	1.326	0.754	0.824
502	18	15.111	6.799	4	27	20.728	3872	1730	8	5	5.789	3.959	18.905	0.526	1.462	0.684	0.621
503	267	40.045	18.074	2	90	75.012	3594	1731	19	26	26.993	12.594	58.451	0.596	2.143	0.467	0.832
504	307	32.117	11.667	4	69	67.012	1276	1735	20	22	22.334	17.502	46.632	0.859	1.276	0.784	0.904
505	478	30.837	14.674	2	71	104.569	2901	1747	25	32	34.811	17.483	58.501	0.549	1.991	0.502	0.855
506	140	38.357	15.907	1	80	48.284	559	1753	15	14	16.673	10.691	38.624	0.755	1.560	0.641	0.867
507	58	13.190	6.648	1	31	38.042	2722	1754	8	12	11.657	6.335	95.709	0.504	1.840	0.543	0.695
508	30	11.467	5.655	2	26	25.899	2018	1755	9	6	7.745	4.932	16.523	0.562	1.570	0.637	0.732
509	27	16.481	9.517	1	35	20.728	846	1756	6	7	6.361	5.404	96.359	0.790	1.177	0.850	0.831
510	116	48.845	13.397	13	74	45.456	1254	1759	11	16	14.013	10.540	95.325	0.705	1.329	0.752	0.829
511	65	21.954	11.115	1	47	40.627	2873	1759	12	10	9.461	8.747	108.893	0.495	1.082	0.925	0.681
512	143	40.350	14.491	6	90	51.113	307	1763	13	19	16.520	11.022	105.773	0.688	1.499	0.667	0.817
513	59	24.525	9.230	9	49	38.870	2118	1766	10	13	10.538	7.128	106.357	0.491	1.478	0.676	0.682
514	232	43.599	19.478	4	94	70.184	798	1767	14	28	25.506	11.581	73.640	0.592	2.202	0.454	0.818
515	68	21.735	10.273	5	42	36.627	1980	1767	9	12	11.072	7.820	99.101	0.637	1.416	0.706	0.764
516	345	24.264	12.563	1	65	79.255	92	1773	19	27	28.132	15.615	114.841	0.690	1.802	0.555	0.873
517	1483	36.309	17.926	1	109	199.380	552	1779	42	69	58.929	32.042	103.921	0.469	1.839	0.544	0.779
518	67	25.284	13.660	7	80	34.042	281	1783	11	11	12.356	6.904	39.195	0.727	1.790	0.559	0.822
519	2523	38.201	17.645	0	95	238.350	628	1786	56	73	70.576	45.517	61.637	0.558	1.551	0.645	0.879
520	88	45.091	11.795	13	72	41.456	3339	1787	9	14	13.404	8.359	83.262	0.643	1.604	0.624	0.800
521	343	20.778	9.450	1	48	91.983	2017	1789	20	30	23.966	18.223	83.753	0.509	1.315	0.760	0.783
522	2370	20.216	10.103	0	57	265.563	1028	1791	48	84	82.681	36.497	106.154	0.422	2.265	0.441	0.808
523	3375	31.185	17.557	0	94	379.789	801	1801	62	99	85.959	49.991	88.192	0.294	1.719	0.582	0.742
524	21	14.190	7.897	2	36	20.728	2487	1805	5	8	7.073	3.780	109.114	0.614	1.871	0.534	0.712
525	682	24.582	11.610	0	62	143.095	2231	1807	26	41	37.870	22.930	75.095	0.419	1.652	0.605	0.818
526	65	25.662	8.781	5	46	36.385	2766	1808	7	15	13.320	6.213	89.750	0.617	2.144	0.466	0.807
527	17	12.706	4.089	4	20	16.728	3972	1813	5	6	5.445	3.975	115.781	0.763	1.370	0.730	0.723
528	823	48.034	21.801	1	119	124.125	3077	1816	29	47	41.844	25.043	77.656	0.671	1.671	0.598	0.874
529	726	21.264	9.971	1	52	117.640	933	1820	30	34	32.999	28.012	66.076	0.659	1.178	0.849	0.887
530	277	40.852	14.662	6	84	75.598	1101	1821	15	28	26.881	13.120	99.764	0.609	2.049	0.488	0.854
531	116	23.517	9.969	3	54	49.456	3989	1821	10	17	16.990	8.693	84.195	0.596	1.954	0.512	0.792
532	1728	15.535	8.199	0	49	313.990	2072	1824	37	84	81.541	26.982	99.921	0.220	3.022	0.331	0.726
533	10444	30.532	18.846	0	109	619.938	2860	1833	166	127	164.910	80.636	28.207	0.341	2.045	0.489	0.784
534	266	26.647	12.320	1	54	86.912	600	1834	14	35	32.955	10.277	97.341	0.443	3.207	0.312	0.785
535	712	27.430	11.685	2	60	126.125	501	1841	31	36	35.817	25.310	115.058	0.562	1.415	0.707	0.855
536	42	22.262	7.568	4	36	26.971	2266	1842	8	8	9.072	5.895	58.383	0.726	1.539	0.650	0.792
537	382	37.243	16.750	1	82	90.770	3983	1844	16	36	33.673	14.444	85.214	0.583	2.331	0.429	0.891
538	789	45.615	23.908	0	105	117.296	1902	1849	29	38	38.707	25.954	69.183	0.721	1.491	0.671	0.902
539	57	31.737	10.960	5	56	30.385	3954	1853	9	10	10.387	6.987	67.198	0.776	1.486	0.673	0.832
540	8042	28.152	14.381	0	93	530.156	2258	1857	114	137	136.868	74.812	120.758	0.360	1.829	0.547	0.810
541	78	32.718	11.430	7	58	36.971	51	1867	8	14	13.138	7.559	101.769	0.717	1.738	0.575	0.843
542	1093	39.429	20.086	1	111	195.480	1787	1875	33	66	64.479	21.583	98.493	0.359	2.988	0.335	0.686
543	515	22.085	10.789	1	57	103.740	2217	1875	20	39	37.968	17.270	98.334	0.601	2.198	0.455	0.868
544	9618	22.779	11.489	0	74	799.477	3622	1875	101	220	227.612	53.802	73.014	0.189	4.231	0.236	0.709
545	2906	30.637	14.245	0	84	266.149	1986	1879	61	72	69.892	52.940	65.455	0.516	1.320	0.757	0.837
546	122	35.697	11.432	4	63	45.456	1823	1881	13	14	14.889	10.433	115.089	0.742	1.427	0.701	0.836
547	21	19.190	8.256	5	35	20.728	2403	1883	4	8	7.725	3.461	77.434	0.614	2.232	0.448	0.750
548	78	18.051	9.283	1	41	37.213	1300	1889	11	12	12.806	7.755	70.585	0.708	1.651	0.606	0.792
549	4118	26.904	12.965	0	75	329.061	3257	1891	67	104	94.658	55.391	80.085	0.478	1.709	0.585	0.884
550	26	28.577	13.500	8	51	21.314	3974	1892	4	9	8.317	3.980	78.773	0.719	2.090	0.479	0.852
551	45	26.800	11.573	7	52	29.556	3208	1900	6	12	10.938	5.238	85.379	0.647	2.088	0.479	0.826
552	195	19.041	8.968	0	56	72.669	3322	1902	17	22	20.881	11.890	68.188	0.464	1.756	0.569	0.744
553	8898	25.253	12.335	0	70	572.825	3312	1904	124	162	177.733	63.743	56.564	0.341	2.788	0.359	0.795
554	3385	28.873	13.861	0	84	258.836	2561	1905	60	83	78.891	54.631	87.115	0.635	1.444	0.692	0.914
555	137	32.241	12.117	5	60	46.284	2672	1906	11	17	16.312	10.694	85.510	0.804	1.525	0.656	0.884
556	43	14.744	7.048	3	32	26.728	1977	1909	6	10	9.632	5.684	91.692	0.756	1.694	0.590	0.851
557	810	22.840	10.229	1	49	132.953	3549	1909	34	36	35.438	29.102	51.836	0.576	1.218	0.821	0.862
558	214	49.897	13.812	11	96	56.527	501	1916	15	20	19.799	13.762	106.002	0.842	1.439	0.695	0.905
559	1081	24.181	11.054	1	65	170.995	1909	1917	46	41	47.062	29.246	29.670	0.465	1.609	0.621	0.813
560	1776	27.552	13.832	0	87	220.007	3759	1917	48	67	61.636	36.688	109.017	0.461	1.680	0.595	0.831
561	2573	33.130	20.005	0	103	209.865	1299	1922	55	67	64.171	51.052	90.899	0.734	1.257	0.796	0.928
562	38	20.632	10.320	3	41	30.971	3165	1926	7	9	8.216	5.889	57.893	0.498	1.395	0.717	0.704
563	547	23.965	11.171	1	59	121.296	3639	1940	32	31	38.135	18.263	135.582	0.467	2.088	0.479	0.804
564	3602	34.325	21.186	0	109	305.806	784	1942	63	95	92.043	49.827	90.189	0.484	1.847	0.541	0.854
565	3939	36.560	18.119	0	109	368.032	1400	1943	85	107	106.398	47.137	53.607	0.365	2.257	0.443	0.756
566	537	16.311	8.332	1	48	147.681	1516	1948	31	37	32.863	20.805	55.782	0.309	1.580	0.633	0.733
567	235	17.864	8.880	1	43	71.598	3127	1952	17	23	22.024	13.585	63.843	0.576	1.621	0.617	0.836
568	100	21.760	10.245	4	43	49.456	876	1954	12	17	14.836	8.582	116.125	0.514	1.729	0.578	0.730
569	1238	41.548	18.981	1	97	170.409	575	1956	30	56	55.338	28.484	90.028	0.536	1.943	0.515	0.887
570	241	20.278	10.067	1	47	67.598	735	1960	21	20	20.431	15.019	43.223	0.663	1.360	0.735	0.801
571	61	32.311	12.533	7	61	35.213	60	1965	9	12	10.953	7.091	98.360	0.618	1.545	0.647	0.753
572	335	20.725	11.151	2	60	138.024	1858	1965	23	37	32.217	13.239	110.630	0.221	2.433	0.411	0.580
573	19	12.211	5.760	1	21	22.971	3178	1966	8	6	5.785	4.181	172.958	0.453	1.384	0.723	0.551
574	735	19.173	9.446	0	58	134.024	3536	1971	30	39	36.432	25.687	69.430	0.514	1.418	0.705	0.829
575	522	29.048	12.192	0	69	101.983	1149	1974	27	32	35.553	18.694	54.668	0.631	1.902	0.526	0.866
576	32	20.000	8.340	1	36	24.142	3516	1987	8	7	6.952	5.860	171.052	0.690	1.186	0.843	0.771
577	613	17.086	8.062	1	41	115.296	254	2004	32	29	31.450	24.817	25.930	0.579	1.267	0.789	0.839
578	132	15.583	8.251	0	42	70.770	502	2005	15	21	19.485	8.626	109.879	0.331	2.259	0.443	0.595
579	753	39.372	17.853	1	103	159.196	1918	2015	21	61	62.196	15.415	97.622	0.373	4.035	0.248	0.780
580	126	26.627	10.208	2	57	43.698	2431	2016	13	15	14.024	11.440	89.305	0.829	1.226	0.816	0.857
581	7004	27.910	15.720	0	93	489.973	975	2018	95	125	112.114	79.542	99.427	0.367	1.409	0.709	0.783
582	1175	30.921	14.762	0	82	168.752	1791	2020	27	59	58.836	25.428	91.313	0.518	2.314	0.432	0.872
583	36	19.028	8.361	1	38	26.385	307	2022	9	8	6.958	6.588	36.414	0.650	1.056	0.947	0.706
584	375	28.075	13.146	0	65	86.083	340	2022	18	31	29.897	15.971	93.723	0.636	1.872	0.534	0.859
585	2900	35.438	18.224	0	96	248.250	3901	2024	67	69	63.380	58.258	40.859	0.591	1.088	0.919	0.865
586	103	18.010	8.240	2	39	52.870	1971	2029	11	16	13.450	9.750	95.791	0.463	1.379	0.725	0.720
587	297	20.805	10.340	1	54	88.083	33	2030	27	21	24.850	15.218	26.438	0.481	1.633	0.612	0.761
588	5109	46.039	25.468	0	132	383.647	119	2036	62	145	126.949	51.241	79.116	0.436	2.477	0.404	0.845
589	21	10.476	7.698	2	33	18.142	1304	2037	6	6	6.010	4.449	129.155	0.802	1.351	0.740	0.737
590	762	21.654	10.213	1	55	128.167	3159	2037	29	46	40.702	23.837	99.707	0.583	1.708	0.586	0.843
591	2498	41.157	20.939	0	112	229.421	545	2041	48	84	77.257	41.169	88.630	0.596	1.877	0.533	0.908
592	503	21.686	11.426	0	55	90.912	762	2045	25	28	28.455	22.507	63.669	0.765	1.264	0.791	0.897
593	3602	36.398	19.206	1	106	306.735	3760	2052	48	116	111.438	41.155	99.274	0.481	2.708	0.369	0.848
594	318	25.629	10.460	1	52	77.255	3233	2053	18	28	26.527	15.263	82.811	0.670	1.738	0.575	0.842
595	2688	33.940	17.993	0	107	260.836	329	2057	54	77	64.960	52.686	75.348	0.496	1.233	0.811	0.822
596	39	18.641	7.939	5	33	36.042	2043	2064	8	11	9.607	5.169	60.582	0.377	1.859	0.538	0.629
597	186	18.161	8.142	2	44	67.598	3254	2065	17	19	17.078	13.867	56.447	0.512	1.232	0.812	0.762
598	95	39.053	13.824	5	70	38.971	2079	2066	8	15	14.489	8.348	81.315	0.786	1.736	0.576	0.913
599	23	24.652	10.338	7	42	19.314	3824	2066	5	7	6.146	4.765	60.691	0.775	1.290	0.775	0.807
600	79	19.722	7.602	1	34	36.627	1216	2073	9	14	12.332	8.157	79.383	0.740	1.512	0.661	0.827
601	26	18.038	9.771	2	38	24.142	609	2078	6	9	7.385	4.483	73.952	0.561	1.647	0.607	0.675
602	850	26.662	13.845	1	70	127.539	1789	2081	32	43	39.978	27.071	81.971	0.657	1.477	0.677	0.861
603	1915	28.370	15.593	0	91	228.250	2642	2081	50	71	64.164	38.000	115.475	0.462	1.689	0.592	0.848
604	32	14.656	6.926	4	30	22.728	1441	2082	6	8	8.219	4.957	105.072	0.778	1.658	0.603	0.831
605	171	13.094	7.197	1	38	103.296	1299	2086	23	18	18.723	11.629	147.967	0.201	1.610	0.621	0.570
606	487	37.285	16.330	0	81	91.255	1572	2105	22	30	29.152	21.270	79.674	0.735	1.371	0.730	0.899
607	22	14.909	7.444	4	32	18.728	631	2106	5	7	6.891	4.065	121.083	0.788	1.695	0.590	0.786
608	10752	28.042	17.307	0	104	595.269	604	2107	122	161	140.870	97.181	72.821	0.381	1.450	0.690	0.841
609	4677	29.947	17.929	0	113	379.203	1324	2108	86	89	92.689	64.246	42.812	0.409	1.443	0.693	0.852
610	5065	31.567	17.160	0	100	393.446	2203	2108	65	121	110.977	58.111	83.336	0.411	1.910	0.524	0.880
611	402	34.794	14.658	1	78	99.740	3702	2108	23	30	28.473	17.976	57.587	0.508	1.584	0.631	0.809
612	42	18.690	10.166	4	39	27.556	2256	2109	9	8	7.711	6.935	138.633	0.695	1.112	0.899	0.785
613	130	16.146	8.883	2	39	69.497	1090	2112	15	17	14.535	11.388	75.997	0.338	1.276	0.783	0.662
614	502	18.008	9.315	0	51	116.468	751	2119	25	36	32.175	19.865	87.538	0.465	1.620	0.617	0.771
615	4707	32.175	15.631	0	92	583.754	799	2124	107	127	87.094	68.812	165.326	0.174	1.266	0.790	0.546
616	1590	40.714	23.905	1	109	183.823	2989	2128	35	60	59.144	34.229	86.678	0.591	1.728	0.579	0.896
617	4272	25.442	13.233	0	81	448.458	2898	2135	83	149	118.917	45.740	62.236	0.267	2.600	0.385	0.633
618	1787	32.207	15.709	0	88	217.966	3568	2135	61	50	62.953	36.142	146.601	0.473	1.742	0.574	0.833
619	1173	33.951	17.381	0	94	168.894	316	2136	44	51	43.370	34.437	96.209	0.517	1.259	0.794	0.795
620	871	26.997	13.160	0	74	163.823	3052	2136	40	46	48.040	23.085	133.456	0.408	2.081	0.481	0.721
621	106	18.302	9.171	1	41	48.527	2585	2139	15	16	17.557	7.687	55.209	0.566	2.284	0.438	0.736
622	97	17.402	8.261	1	41	51.698	3987	2143	9	20	19.794	6.239	79.855	0.456	3.172	0.315	0.716
623	237	13.937	6.951	0	33	75.598	1662	2144	20	19	19.127	15.777	165.379	0.521	1.212	0.825	0.769
624	26	11.269	6.136	1	24	26.971	1045	2145	5	11	8.769	3.775	91.862	0.449	2.323	0.430	0.627
625	662	35.166	13.761	0	79	104.811	394	2156	29	31	31.138	27.069	48.467	0.757	1.150	0.869	0.900
626	1985	28.790	13.742	1	75	225.622	472	2160	37	75	77.611	32.565	83.666	0.490	2.383	0.420	0.880
627	129	10.891	6.091	1	30	60.184	1641	2166	15	16	15.572	10.548	130.405	0.448	1.476	0.677	0.733
628	143	14.196	7.532	0	35	68.426	163	2172	14	18	15.487	11.756	84.418	0.384	1.317	0.759	0.696
629	230	18.417	10.185	0	46	74.184	1983	2176	13	26	26.189	11.182	91.596	0.525	2.342	0.427	0.817
630	171	24.883	11.164	2	56	57.355	2366	2176	13	20	18.090	12.036	91.508	0.653	1.503	0.665	0.818
631	264	36.606	18.135	0	82	95.255	3337	2177	16	35	31.533	10.660	75.009	0.366	2.958	0.338	0.717
632	136	12.853	5.835	2	32	70.669	3191	2181	15	16	15.595	11.104	117.219	0.342	1.404	0.712	0.705
633	26	17.808	6.462	2	26	21.556	3366	2181	6	8	6.492	5.099	68.108	0.703	1.273	0.785	0.722
634	208	30.635	11.882	2	61	59.941	3886	2189	18	19	19.259	13.751	61.191	0.727	1.401	0.714	0.840
635	1726	28.804	12.605	2	74	182.551	1430	2193	47	52	52.156	42.136	66.892	0.651	1.238	0.808	0.903
636	1114	24.531	11.701	1	62	162.853	1542	2195	48	40	49.023	28.933	26.229	0.528	1.694	0.590	0.786
637	36	14.278	4.862	5	25	34.627	3139	2196	9	12	11.746	3.902	60.076	0.377	3.010	0.332	0.576
638	28	14.750	7.739	3	28	20.728	2001	2200	5	8	7.342	4.856	82.695	0.819	1.512	0.661	0.862
639	904	35.040	18.170	1	92	145.782	1015	2213	24	58	55.111	20.885	86.153	0.535	2.639	0.379	0.885
640	4907	38.192	21.152	0	117	441.203	428	2225	78	143	107.877	57.916	100.799	0.317	1.863	0.537	0.703
641	940	20.378	9.247	1	50	145.054	3969	2226	30	48	42.924	27.883	75.388	0.561	1.539	0.650	0.894
642	20	18.100	7.490	5	29	20.142	2369	2229	6	6	6.512	3.911	55.777	0.619	1.665	0.601	0.714
643	1961	26.906	12.385	0	71	224.108	2106	2230	43	72	65.824	37.932	79.976	0.491	1.735	0.576	0.876
644	34	12.294	7.673	1	26	26.385	3185	2231	8	7	7.440	5.819	159.183	0.614	1.279	0.782	0.708
645	2969	24.190	11.870	0	68	331.404	1261	2232	65	103	86.863	43.520	105.866	0.340	1.996	0.501	0.704
646	287	28.564	12.345	1	68	80.426	1589	2234	16	30	29.186	12.521	75.534	0.558	2.331	0.429	0.819
647	3474	25.913	11.863	0	69	318.676	177	2235	68	89	74.038	59.743	92.166	0.430	1.239	0.807	0.821
648	30	25.400	9.050	10	46	22.971	56	2242	7	8	7.118	5.366	78.268	0.714	1.327	0.754	0.714
649	113	21.292	9.420	2	46	46.284	2865	2243	12	15	13.797	10.428	93.377	0.663	1.323	0.756	0.782
650	346	13.922	6.986	1	36	93.154	708	2247	21	29	26.733	16.479	71.984	0.501	1.622	0.616	0.779
651	4758	25.656	14.007	0	82	366.392	1	2249	59	116	113.295	53.472	101.240	0.445	2.119	0.472	0.878
652	91	14.857	7.930	1	36	65.841	2948	2261	11	20	14.300	8.103	86.369	0.264	1.765	0.567	0.580
653	882	19.557	9.479	0	52	145.681	3049	2261	29	46	42.870	26.195	99.533	0.522	1.637	0.611	0.853
654	3122	20.878	9.889	0	57	301.120	1564	2266	66	89	86.840	45.774	55.051	0.433	1.897	0.527	0.834
655	1888	30.992	15.355	0	80	214.593	3560	2267	52	70	69.230	34.723	58.179	0.515	1.994	0.502	0.828
656	6182	39.254	22.314	0	114	447.789	1793	2271	90	112	94.951	82.897	98.893	0.387	1.145	0.873	0.817
657	223	33.058	15.368	1	67	60.527	1888	2275	13	23	22.776	12.466	83.067	0.765	1.827	0.547	0.894
658	17	20.412	6.295	7	31	21.314	2182	2278	3	9	8.323	2.601	92.839	0.470	3.201	0.312	0.723
659	59	20.186	9.202	6	41	42.042	620	2279	9	14	10.937	6.868	79.772	0.419	1.592	0.628	0.618
660	8566	27.608	15.512	0	87	633.210	2398	2284	121	185	178.457	61.116	56.914	0.268	2.920	0.342	0.763
661	161	28.224	12.091	2	60	53.698	115	2285	14	17	16.162	12.684	75.049	0.702	1.274	0.785	0.841
662	695	27.583	12.807	1	67	123.196	3787	2291	26	44	42.463	20.839	100.499	0.575	2.038	0.491	0.847
663	16	13.312	8.236	2	38	20.485	2257	2295	4	8	6.960	2.927	86.498	0.479	2.378	0.421	0.667
664	228	43.167	15.513	2	87	69.255	957	2296	15	25	23.297	12.461	99.621	0.597	1.870	0.535	0.822
665	868	39.692	18.013	2	96	143.095	1966	2301	32	48	47.197	23.416	66.350	0.533	2.016	0.496	0.842
666	33	24.061	8.223	6	44	25.556	152	2315	6	10	8.369	5.021	81.566	0.635	1.667	0.600	0.717
667	7017	23.847	12.667	0	100	494.500	1067	2316	92	145	117.544	76.008	81.630	0.361	1.546	0.647	0.809
668	772	36.839	16.756	1	92	143.782	1505	2318	26	52	47.533	20.679	71.959	0.469	2.299	0.435	0.832
669	28	15.893	9.275	5	34	21.314	3731	2318	5	8	7.570	4.709	81.600	0.775	1.608	0.622	0.824
670	20	12.750	7.254	0	28	19.899	1421	2321	6	6	6.061	4.202	158.399	0.635	1.443	0.693	0.714
671	117	20.880	9.679	2	45	50.527	1063	2327	11	19	16.401	9.083	92.250	0.576	1.806	0.554	0.767
672	592	40.601	15.720	1	93	100.225	2884	2327	28	33	31.060	24.268	78.391	0.741	1.280	0.781	0.890
673	33	8.939	3.588	2	15	25.799	1417	2328	9	8	10.112	4.155	40.153	0.623	2.434	0.411	0.710
674	2087	38.013	20.007	0	110	219.622	2014	2329	73	45	74.762	35.543	16.305	0.544	2.103	0.475	0.856
675	43	12.442	6.204	1	29	41.456	1423	2330	7	14	10.642	5.145	78.046	0.314	2.068	0.483	0.581
676	10691	23.370	11.905	0	76	578.825	3612	2332	156	111	151.482	89.860	179.810	0.401	1.686	0.593	0.827
677	45	14.178	7.110	0	28	36.042	3541	2333	7	12	10.967	5.224	79.898	0.435	2.099	0.476	0.647
678	15419	26.548	17.835	0	116	689.879	885	2335	116	207	193.987	101.203	99.896	0.407	1.917	0.522	0.855
679	28	13.536	6.083	1	24	22.728	1472	2337	7	7	6.074	5.869	44.806	0.681	1.035	0.966	0.778
680	332	16.274	7.245	1	38	78.912	374	2355	18	27	25.376	16.658	100.815	0.670	1.523	0.656	0.856
681	92	25.717	10.134	5	52	40.042	327	2363	11	14	13.629	8.595	104.663	0.721	1.586	0.631	0.814
682	2765	28.826	16.816	0	88	335.362	548	2367	85	70	76.923	45.767	155.109	0.309	1.681	0.595	0.665
683	29	15.207	6.758	4	30	25.799	1867	2372	6	10	9.964	3.706	74.763	0.548	2.689	0.372	0.699
684	1824	22.618	11.012	0	66	215.865	3908	2372	44	72	74.851	31.027	111.842	0.492	2.412	0.415	0.866
685	46	14.065	7.398	5	36	34.627	1394	2381	9	10	8.016	7.306	94.056	0.482	1.097	0.911	0.657
686	1032	29.359	16.137	1	101	137.640	2217	2386	36	40	41.239	31.863	47.010	0.685	1.294	0.773	0.895
687	645	20.744	10.605	1	58	121.882	769	2393	28	41	41.669	19.709	67.205	0.546	2.114	0.473	0.843
688	30	15.567	6.857	5	29	23.556	2985	2397	6	8	8.360	4.569	91.036	0.679	1.830	0.546	0.750
689	4200	26.023	12.686	0	71	349.647	58	2404	80	111	96.839	55.222	68.185	0.432	1.754	0.570	0.749
690	133	25.376	11.935	2	59	53.113	1726	2409	13	19	18.102	9.355	76.643	0.592	1.935	0.517	0.749
691	19	16.053	7.913	1	31	17.556	39	2411	6	6	6.357	3.806	133.702	0.775	1.670	0.599	0.731
692	373	22.123	10.411	2	55	94.225	3159	2411	26	26	24.675	19.247	46.588	0.528	1.282	0.780	0.794
693	966	17.521	8.753	1	45	159.095	1557	2412	36	46	39.973	30.769	82.890	0.480	1.299	0.770	0.820
694	7347	34.790	22.974	0	122	426.316	197	2423	99	120	104.294	89.694	90.214	0.508	1.163	0.860	0.879
695	47	17.191	8.415	1	44	26.142	3192	2429	7	9	9.353	6.398	61.775	0.864	1.462	0.684	0.862
696	2405	38.429	19.709	0	97	232.794	3337	2429	40	87	84.376	36.292	88.346	0.558	2.325	0.430	0.902
697	1248	25.375	17.156	0	110	215.380	2460	2433	39	68	61.175	25.975	113.561	0.338	2.355	0.425	0.727
698	53	24.302	11.052	1	48	29.799	3691	2438	7	12	11.352	5.945	101.766	0.750	1.910	0.524	0.803
699	16117	22.706	12.234	0	78	950.029	2801	2439	171	255	228.990	89.615	115.892	0.224	2.555	0.391	0.674
700	687	45.469	21.312	2	104	245.154	3987	2447	12	111	103.844	8.423	90.651	0.144	12.328	0.081	0.703
701	964	18.341	8.821	0	48	161.581	757	2450	34	41	37.719	32.540	89.154	0.464	1.159	0.863	0.858
702	18	20.944	7.635	8	34	16.142	315	2451	6	5	5.642	4.062	34.265	0.868	1.389	0.720	0.783
703	640	26.252	10.822	0	62	108.468	3548	2453	34	31	30.526	26.695	21.482	0.684	1.144	0.874	0.860
704	85	25.282	12.900	2	59	41.456	3835	2455	10	14	13.422	8.063	104.928	0.622	1.665	0.601	0.780
705	18	20.222	6.576	6	29	17.314	2320	2467	5	6	5.907	3.880	109.685	0.755	1.522	0.657	0.800
706	450	31.711	16.369	1	79	94.083	624	2471	19	35	31.783	18.027	86.322	0.639	1.763	0.567	0.895
707	394	18.797	9.439	0	45	112.468	3103	2476	29	25	26.032	19.271	38.803	0.391	1.351	0.740	0.744
708	486	39.138	23.724	1	106	98.912	3194	2479	24	32	30.479	20.302	72.452	0.624	1.501	0.666	0.838
709	4143	23.186	11.980	0	76	316.919	361	2481	88	79	90.769	58.115	36.869	0.518	1.562	0.640	0.891
710	128	33.703	12.205	4	62	50.527	1305	2483	12	17	15.306	10.648	104.446	0.630	1.438	0.696	0.800
711	129	13.372	7.845	0	37	65.598	2180	2485	17	20	13.505	12.162	48.811	0.377	1.110	0.901	0.629
712	144	54.972	26.592	1	99	61.698	3225	2485	11	24	23.242	7.889	93.089	0.475	2.946	0.339	0.744
713	631	16.536	8.637	0	45	146.752	1841	2488	27	41	37.197	21.599	74.516	0.368	1.722	0.581	0.782
714	115	18.904	10.476	0	45	50.870	491	2489	11	16	14.764	9.917	84.890	0.558	1.489	0.672	0.810
715	1953	32.810	15.297	0	85	342.777	1509	2493	34	124	103.904	23.932	85.698	0.209	4.342	0.230	0.636
716	28	20.179	7.424	9	38	21.556	3823	2495	6	8	7.567	4.711	113.784	0.757	1.606	0.623	0.767
717	726	15.956	8.101	1	43	160.995	491	2500	35	37	37.298	24.783	40.321	0.352	1.505	0.664	0.797
718	46	15.348	7.346	3	31	30.971	2176	2500	10	8	10.792	5.427	166.872	0.603	1.989	0.503	0.754
719	22	15.955	9.449	1	41	20.728	1543	2504	8	5	7.766	3.607	166.239	0.643	2.153	0.464	0.721
720	117	29.538	13.566	5	65	43.556	1125	2508	9	16	15.949	9.340	88.413	0.775	1.708	0.586	0.907
721	295	16.410	7.991	1	45	84.669	1278	2517	18	27	24.553	15.297	97.611	0.517	1.605	0.623	0.801
722	3191	38.776	19.630	0	98	298.392	2429	2517	43	108	111.577	36.414	87.804	0.450	3.064	0.326	0.826
723	274	25.931	11.353	5	61	82.669	1132	2522	17	27	25.595	13.630	85.935	0.504	1.878	0.533	0.784
724	436	55.771	19.170	5	107	83.255	3946	2525	21	28	29.226	18.994	68.263	0.790	1.539	0.650	0.909
725	2258	20.528	9.721	0	53	262.049	2687	2529	53	67	62.877	45.724	110.492	0.413	1.375	0.727	0.858
726	77	14.662	6.634	2	36	70.184	2613	2548	14	15	10.360	9.464	32.918	0.196	1.095	0.913	0.470
727	35	11.400	6.727	0	27	44.284	1334	2559	12	9	8.578	5.195	159.722	0.224	1.651	0.606	0.461
728	62	21.226	9.517	2	40	34.042	3776	2559	10	11	10.159	7.770	141.561	0.672	1.307	0.765	0.761
729	3374	28.368	15.290	0	86	366.274	1392	2561	75	88	82.826	51.867	41.839	0.316	1.597	0.626	0.733
730	59	13.559	6.752	3	39	37.456	1370	2573	9	12	10.423	7.207	92.364	0.528	1.446	0.691	0.724
731	1147	27.904	17.659	1	82	195.238	2603	2577	40	53	51.218	28.513	118.715	0.378	1.796	0.557	0.817
732	40	11.175	6.242	2	23	34.042	460	2578	7	12	11.042	4.613	113.590	0.434	2.394	0.418	0.650
733	69	36.739	14.780	10	82	36.042	25	2581	8	14	13.172	6.670	77.591	0.667	1.975	0.506	0.798
734	32	19.625	9.227	5	43	29.213	2934	2582	6	10	9.229	4.415	85.224	0.471	2.090	0.478	0.640
735	959	22.645	9.964	1	57	150.409	116	2584	37	41	36.786	33.193	87.410	0.533	1.108	0.902	0.851
736	2534	26.103	11.381	1	67	248.593	2345	2589	61	62	70.342	45.867	49.896	0.515	1.534	0.652	0.901
737	16	16.750	8.363	7	32	14.728	3720	2595	5	5	5.086	4.005	58.283	0.927	1.270	0.787	0.780
738	816	15.675	8.585	0	46	142.024	3699	2601	34	44	45.167	23.003	117.309	0.508	1.964	0.509	0.825
739	448	14.812	7.601	1	42	101.983	1822	2602	28	27	26.992	21.132	153.027	0.541	1.277	0.783	0.802
740	90	21.211	9.590	3	43	43.456	196	2609	10	15	13.869	8.262	66.171	0.599	1.679	0.596	0.789
741	665	29.471	15.787	0	73	111.154	869	2622	28	34	32.091	26.385	98.908	0.676	1.216	0.822	0.881
742	623	49.961	21.416	0	100	108.225	3117	2623	24	39	36.364	21.814	93.113	0.668	1.667	0.600	0.878
743	23	20.304	7.214	10	33	28.728	785	2624	5	11	8.912	3.286	84.609	0.350	2.712	0.369	0.597
744	1996	33.411	22.230	1	106	370.576	969	2624	66	82	66.700	38.102	134.147	0.183	1.751	0.571	0.600
745	54	31.130	11.644	3	60	28.728	3231	2626	6	11	11.235	6.120	82.810	0.822	1.836	0.545	0.908
746	3689	27.144	14.361	0	77	424.274	3037	2627	54	124	112.654	41.694	97.911	0.258	2.702	0.370	0.707
747	185	14.849	6.957	1	40	56.527	3931	2627	17	17	17.739	13.278	49.037	0.728	1.336	0.749	0.847
748	33	14.121	6.102	5	27	23.314	3319	2629	5	9	9.419	4.461	84.734	0.763	2.111	0.474	0.857
749	5639	33.677	23.392	0	130	431.872	1970	2635	101	98	109.257	65.715	28.345	0.380	1.663	0.601	0.780
750	537	14.235	7.428	0	37	205.622	1529	2644	36	36	32.780	20.858	33.604	0.160	1.572	0.636	0.605
751	808	32.363	16.235	2	87	173.823	244	2647	32	48	41.158	24.996	75.586	0.336	1.647	0.607	0.754
752	5725	29.869	16.894	0	101	467.061	3932	2648	67	129	121.445	60.021	92.613	0.330	2.023	0.494	0.827
753	42	13.143	8.316	1	31	41.456	1914	2649	10	11	11.252	4.753	50.898	0.307	2.368	0.422	0.553
754	323	13.669	7.133	0	38	112.953	3841	2656	25	27	26.280	15.649	44.230	0.318	1.679	0.595	0.669
755	27	22.741	9.979	5	42	30.627	1397	2658	5	12	9.899	3.473	84.142	0.362	2.850	0.351	0.581
756	60	29.383	13.581	1	56	31.799	3895	2662	8	12	10.779	7.087	96.329	0.746	1.521	0.658	0.805
757	58	20.293	9.466	3	47	34.627	2088	2666	10	11	10.425	7.084	68.733	0.608	1.472	0.679	0.725
758	168	27.399	10.407	1	52	65.941	3216	2667	13	24	19.514	10.962	89.309	0.486	1.780	0.562	0.760
759	40	21.650	7.992	3	40	27.799	3318	2667	7	11	10.002	5.092	73.747	0.650	1.964	0.509	0.734
760	1727	32.759	15.990	1	87	192.309	3611	2672	52	51	54.531	40.324	139.965	0.587	1.352	0.739	0.877
761	2425	31.513	13.478	0	74	276.735	1749	2673	44	87	80.668	38.275	98.380	0.398	2.108	0.474	0.840
762	63	25.032	11.974	2	50	35.213	2592	2680	9	11	10.513	7.630	85.733	0.638	1.378	0.726	0.768
763	104	42.654	16.564	2	78	42.284	2384	2683	12	14	15.205	8.709	123.666	0.731	1.746	0.573	0.812
764	117	16.248	8.117	2	38	61.598	2283	2684	9	24	22.499	6.621	79.730	0.387	3.398	0.294	0.736
765	42	12.262	7.188	2	38	40.870	2821	2684	12	9	9.025	5.925	146.353	0.316	1.523	0.657	0.564
766	3746	27.393	13.723	0	75	314.090	3862	2685	74	90	74.523	64.001	89.888	0.477	1.164	0.859	0.830
767	50	13.520	6.215	2	28	37.456	2272	2686	12	11	11.888	5.355	43.988	0.448	2.220	0.450	0.649
768	18	13.222	5.418	4	23	21.556	2821	2695	5	8	6.632	3.456	97.615	0.487	1.919	0.521	0.610
769	74	23.054	10.957	5	47	44.284	2848	2698	7	17	15.322	6.149	92.228	0.474	2.492	0.401	0.736
770	83	16.506	7.792	1	37	44.870	3766	2700	12	14	12.803	8.254	44.764	0.518	1.551	0.645	0.706
771	2727	31.702	16.832	0	81	292.735	1656	2711	43	101	97.568	35.587	82.409	0.400	2.742	0.365	0.847
772	3048	19.394	9.769	0	55	269.321	2616	2711	78	59	73.118	53.076	1.282	0.528	1.378	0.726	0.872
773	376	15.622	7.734	0	39	108.953	3333	2736	28	27	24.824	19.285	127.514	0.398	1.287	0.777	0.766
774	2030	27.642	16.569	0	88	281.806	3362	2747	60	74	71.821	35.988	42.872	0.321	1.996	0.501	0.745
775	31	21.968	9.028	7	41	26.385	2349	2749	8	8	6.861	5.753	104.667	0.560	1.193	0.838	0.674
776	240	41.375	13.599	8	70	63.012	2171	2750	17	20	19.307	15.827	83.478	0.760	1.220	0.820	0.863
777	26	11.038	6.570	0	24	22.728	2913	2753	6	8	7.775	4.258	82.417	0.633	1.826	0.548	0.743
778	4709	32.217	22.695	0	122	426.416	656	2756	87	128	144.202	41.578	116.032	0.325	3.468	0.288	0.764
779	38	12.289	5.977	1	28	37.213	2706	2756	11	9	7.450	6.495	3.137	0.345	1.147	0.872	0.551
780	25	11.760	6.918	1	27	34.385	2293	2759	8	9	8.950	3.557	50.385	0.266	2.516	0.397	0.485
781	3793	21.624	11.722	0	78	411.103	2264	2762	77	104	100.808	47.907	121.806	0.282	2.104	0.475	0.773
782	1486	41.427	20.896	1	100	158.510	3094	2763	45	48	47.306	39.995	36.283	0.743	1.183	0.845	0.904
783	47	13.447	5.956	0	32	30.385	2542	2764	10	8	8.639	6.927	17.289	0.640	1.247	0.802	0.764
784	472	21.388	9.531	0	57	115.539	156	2766	25	37	32.748	18.351	66.701	0.444	1.785	0.560	0.772
785	32	14.688	7.403	4	32	25.556	1643	2766	6	10	9.697	4.202	67.156	0.616	2.308	0.433	0.744
786	655	37.295	15.098	2	81	116.711	987	2771	26	42	43.431	19.202	70.185	0.604	2.262	0.442	0.865
787	157	25.841	10.428	1	55	53.941	275	2775	17	17	19.846	10.072	41.949	0.678	1.970	0.508	0.805
788	40	14.450	7.585	3	34	34.627	1968	2778	7	12	10.695	4.762	91.628	0.419	2.246	0.445	0.620
789	95	13.600	8.530	1	40	44.870	223	2779	12	14	14.344	8.433	123.024	0.593	1.701	0.588	0.779
790	117	23.111	10.341	2	59	49.213	3013	2782	9	18	19.063	7.814	84.435	0.607	2.439	0.410	0.845
791	34	16.735	7.325	2	33	24.728	2072	2783	7	8	8.468	5.112	96.543	0.699	1.656	0.604	0.764
792	2943	18.187	9.024	0	55	271.706	2898	2786	71	58	68.611	54.615	5.850	0.501	1.256	0.796	0.895
793	687	35.326	16.529	0	86	121.054	946	2790	26	44	39.088	22.378	87.050	0.589	1.747	0.572	0.856
794	448	56.388	21.144	5	127	89.740	515	2794	24	29	27.353	20.853	123.229	0.699	1.312	0.762	0.870
795	2174	54.280	33.402	0	131	194.894	1407	2801	51	68	70.213	39.423	57.905	0.719	1.781	0.561	0.932
796	348	62.080	19.974	4	109	78.426	798	2802	17	31	28.608	15.488	104.551	0.711	1.847	0.541	0.882
797	539	25.109	11.402	0	63	114.368	2985	2803	26	37	37.073	18.511	115.197	0.518	2.003	0.499	0.819
798	459	16.349	8.645	0	54	117.054	3052	2811	21	37	31.402	18.611	103.198	0.421	1.687	0.593	0.761
799	261	58.636	17.596	6	102	65.598	1749	2812	16	25	23.709	14.016	92.425	0.762	1.692	0.591	0.885
800	514	13.811	7.461	1	34	145.095	136	2816	29	36	30.052	21.777	67.068	0.307	1.380	0.725	0.704
801	1842	22.586	10.284	0	65	206.794	2600	2817	45	59	57.770	40.597	104.719	0.541	1.423	0.703	0.872
802	546	39.641	15.434	2	84	111.154	1926	2822	25	41	43.712	15.904	115.048	0.555	2.748	0.364	0.822
803	1730	29.931	14.029	1	74	199.137	3562	2827	40	71	64.921	33.929	83.981	0.548	1.913	0.523	0.857
804	79	16.468	8.731	1	37	60.770	1573	2830	16	14	13.718	7.332	43.186	0.269	1.871	0.534	0.577
805	259	19.270	10.711	1	50	67.355	508	2831	18	21	20.885	15.790	104.428	0.717	1.323	0.756	0.853
806	32	17.281	9.528	2	37	26.142	3722	2840	5	11	8.986	4.534	90.438	0.588	1.982	0.505	0.762
807	512	26.404	9.137	2	50	130.368	1202	2846	22	41	38.223	17.055	74.960	0.379	2.241	0.446	0.764
808	656	27.221	14.271	0	73	122.953	407	2862	33	35	35.977	23.216	139.025	0.545	1.550	0.645	0.842
809	144	12.660	6.921	1	35	79.740	2237	2863	18	18	16.761	10.939	46.357	0.285	1.532	0.653	0.665
810	1149	24.474	12.387	1	78	181.480	2118	2871	42	57	55.759	26.237	122.000	0.438	2.125	0.471	0.794
811	742	38.588	16.264	2	96	140.953	886	2877	22	52	49.258	19.180	92.334	0.469	2.568	0.389	0.841
812	23	14.826	7.866	0	28	29.556	2721	2877	7	9	6.624	4.421	78.828	0.331	1.498	0.667	0.523
813	309	29.288	12.811	3	62	87.497	2939	2879	15	36	30.183	13.035	101.478	0.507	2.316	0.432	0.823
814	17	17.294	10.135	3	41	20.728	2793	2880	5	7	5.611	3.857	85.699	0.497	1.455	0.687	0.607
815	3267	21.327	10.740	0	74	275.563	1866	2881	68	78	81.420	51.089	123.624	0.541	1.594	0.627	0.888
816	2364	19.151	9.272	0	49	255.563	2524	2887	52	68	63.047	47.742	91.430	0.455	1.321	0.757	0.877
817	106	20.274	10.775	1	53	47.113	3062	2887	13	14	12.620	10.694	123.813	0.600	1.180	0.847	0.768
818	65	29.108	10.011	12	52	33.556	1422	2892	7	12	11.753	7.042	101.054	0.725	1.669	0.599	0.861
819	150	33.907	13.125	4	63	55.698	2885	2893	18	16	17.297	11.042	137.922	0.608	1.566	0.638	0.767
820	233	25.768	12.507	1	57	65.841	1663	2894	15	23	21.092	14.065	86.199	0.675	1.500	0.667	0.850
821	533	15.698	7.821	1	38	119.539	3461	2894	28	28	26.615	25.498	163.440	0.469	1.044	0.958	0.840
822	4287	29.803	18.171	0	97	350.475	3212	2897	81	98	101.241	53.914	120.314	0.439	1.878	0.533	0.772
823	81	19.988	9.823	2	44	36.627	157	2901	9	12	12.137	8.497	91.695	0.759	1.428	0.700	0.839
824	42	20.190	10.705	3	45	32.385	3163	2901	9	11	11.388	4.696	56.868	0.503	2.425	0.412	0.677
825	1631	20.911	9.697	0	54	196.894	2367	2905	50	52	52.892	39.262	137.449	0.529	1.347	0.742	0.861
826	633	24.629	13.161	0	67	104.569	982	2910	28	33	32.258	24.985	85.600	0.727	1.291	0.775	0.890
827	303	13.812	7.695	1	40	118.225	2736	2912	25	29	27.928	13.814	127.685	0.272	2.022	0.495	0.659
828	19	21.316	10.609	4	36	18.142	1028	2921	6	6	5.193	4.658	67.216	0.725	1.115	0.897	0.704
829	217	50.839	18.577	8	90	67.698	3987	2921	12	26	25.252	10.941	85.970	0.595	2.308	0.433	0.879
830	2455	28.736	14.874	1	79	274.250	600	2922	59	77	84.935	36.802	66.257	0.410	2.308	0.433	0.840
831	19	14.368	8.558	2	33	19.314	2358	2930	7	5	6.179	3.915	160.642	0.640	1.578	0.634	0.704
832	21	14.286	8.415	4	37	24.971	118	2933	8	7	5.547	4.821	10.766	0.423	1.151	0.869	0.553
833	1384	34.790	18.342	1	97	168.368	2669	2941	35	58	57.287	30.760	83.629	0.614	1.862	0.537	0.896
834	285	20.582	10.230	0	56	107.154	797	2942	14	38	38.101	9.524	82.654	0.312	4.001	0.250	0.688
835	41	26.341	10.804	4	47	25.556	3746	2944	7	9	8.460	6.171	81.906	0.789	1.371	0.729	0.828
836	56	16.821	8.371	1	35	33.213	1141	2947	9	10	9.567	7.453	102.533	0.638	1.284	0.779	0.752
837	273	21.795	10.809	1	56	87.497	3026	2955	19	26	24.124	14.409	114.590	0.448	1.674	0.597	0.765
838	243	14.247	7.171	0	41	63.355	2996	2958	19	20	18.070	17.122	32.582	0.761	1.055	0.948	0.847
839	957	25.045	12.211	1	66	156.125	459	2966	46	33	44.926	27.122	155.761	0.493	1.656	0.604	0.882
840	301	14.123	7.918	1	43	135.782	1652	2969	30	19	27.430	13.972	174.776	0.205	1.963	0.509	0.616
841	36	15.167	7.576	4	37	30.385	1021	2973	8	10	7.979	5.745	68.201	0.490	1.389	0.720	0.615
842	86	26.302	11.286	3	55	40.284	3115	2978	11	15	13.295	8.236	73.241	0.666	1.614	0.619	0.764
843	27	25.852	13.685	2	48	20.971	1986	2980	7	7	7.887	4.359	46.919	0.772	1.810	0.553	0.783
844	257	32.879	15.666	2	74	69.355	2540	2983	24	16	21.541	15.191	1.704	0.671	1.418	0.705	0.885
845	43	15.419	10.048	1	41	40.870	788	2984	8	13	9.738	5.622	88.862	0.323	1.732	0.577	0.555
846	153	31.993	14.520	2	67	48.971	2752	2985	14	14	14.741	13.215	139.641	0.802	1.115	0.897	0.916
847	44	16.114	10.440	2	39	30.042	138	2988	8	10	8.926	6.276	97.294	0.613	1.422	0.703	0.698
848	58	11.672	6.589	2	30	42.870	772	2988	14	9	11.921	6.195	18.520	0.397	1.924	0.520	0.617
849	34	20.676	10.391	2	42	24.728	3992	2992	7	7	7.389	5.859	37.749	0.699	1.261	0.793	0.800
850	22	35.864	12.342	14	62	21.314	1407	2995	9	4	8.864	3.160	176.001	0.609	2.805	0.356	0.786
