 	Area	Mean	StdDev	Min	Max	Perim.	BX	BY	Width	Height	Major	Minor	Angle	Circ.	AR	Round	Solidity
1	163	18.245	9.114	2	45	67.941	1102	1	17	17	16.089	12.899	46.226	0.444	1.247	0.802	0.743
2	78	14.256	5.953	4	29	62.527	1238	1	22	8	17.932	5.538	11.162	0.251	3.238	0.309	0.629
3	123	16.626	7.965	1	36	60.042	1268	1	25	8	22.113	7.082	179.098	0.429	3.122	0.320	0.817
4	2322	23.903	13.525	0	77	362.392	2152	1	69	90	85.324	34.650	57.259	0.222	2.462	0.406	0.661
5	547	24.362	13.250	0	70	133.740	2318	1	40	24	37.040	18.803	21.265	0.384	1.970	0.508	0.768
6	201	52.264	17.708	9	98	73.698	2464	1	32	10	26.788	9.554	178.466	0.465	2.804	0.357	0.876
7	3605	24.695	15.609	0	104	442.877	2499	1	147	40	121.922	37.647	3.389	0.231	3.239	0.309	0.829
8	869	41.842	16.840	2	85	136.811	2674	1	35	34	34.273	32.283	147.276	0.583	1.062	0.942	0.886
9	1343	17.889	9.372	0	55	272.149	3366	9	61	49	55.180	30.989	161.920	0.228	1.781	0.562	0.648
10	325	23.631	10.358	1	53	88.912	3707	9	18	29	26.434	15.654	78.694	0.517	1.689	0.592	0.816
11	1772	17.853	9.629	0	58	269.706	611	10	69	50	61.063	36.948	19.323	0.306	1.653	0.605	0.741
12	283	15.760	9.244	1	55	85.154	1265	27	20	26	22.347	16.124	116.159	0.490	1.386	0.722	0.737
13	23	15.957	6.765	6	28	25.556	285	42	5	9	7.898	3.708	80.224	0.443	2.130	0.469	0.605
14	212	16.552	8.490	1	42	65.598	540	54	20	17	19.477	13.859	161.792	0.619	1.405	0.712	0.812
15	1682	31.851	17.614	0	92	196.794	2495	58	60	51	57.905	36.985	30.791	0.546	1.566	0.639	0.855
16	149	46.013	17.113	8	82	55.941	3982	58	12	21	19.030	9.969	76.953	0.598	1.909	0.524	0.821
17	5537	29.506	15.312	0	96	411.931	2586	64	96	107	104.640	67.373	53.321	0.410	1.553	0.644	0.834
18	72	28.944	12.288	6	55	34.385	2295	67	9	12	12.322	7.440	65.605	0.765	1.656	0.604	0.842
19	100	27.000	9.332	4	48	38.385	2470	70	13	10	12.902	9.869	23.258	0.853	1.307	0.765	0.901
20	94	22.521	10.868	4	54	46.284	1201	79	10	18	14.981	7.989	81.680	0.551	1.875	0.533	0.729
21	798	47.519	22.913	0	114	131.882	3407	79	27	49	46.198	21.993	76.206	0.577	2.101	0.476	0.865
22	84	27.548	10.712	3	55	39.456	3320	89	10	15	13.022	8.213	90.978	0.678	1.585	0.631	0.785
23	28	15.393	7.047	6	31	25.556	238	91	6	9	8.356	4.266	73.416	0.539	1.959	0.511	0.675
24	23	17.087	6.164	3	28	24.142	304	91	4	10	8.815	3.322	81.880	0.496	2.654	0.377	0.730
25	294	23.337	10.081	1	53	76.669	1699	97	25	18	22.595	16.567	167.396	0.629	1.364	0.733	0.833
26	560	22.812	10.850	1	52	124.368	3704	102	37	29	30.223	23.592	10.749	0.455	1.281	0.781	0.762
27	3090	31.759	14.670	1	96	339.061	3347	103	52	111	115.442	34.081	79.122	0.338	3.387	0.295	0.774
28	55	15.018	6.876	3	38	37.213	2159	104	10	11	9.189	7.621	26.193	0.499	1.206	0.829	0.663
29	587	38.170	18.125	0	84	105.640	3029	121	27	36	36.219	20.635	63.879	0.661	1.755	0.570	0.865
30	118	17.246	8.464	0	40	55.113	3007	125	12	17	15.377	9.770	116.305	0.488	1.574	0.635	0.754
31	16	22.062	10.129	8	45	14.485	1225	127	4	5	5.486	3.714	96.154	0.958	1.477	0.677	0.889
32	53	14.264	6.754	2	32	30.142	2799	127	10	8	9.862	6.843	13.414	0.733	1.441	0.694	0.815
33	23	16.826	7.228	4	30	17.314	864	131	5	6	6.235	4.697	51.710	0.964	1.327	0.753	0.885
34	84	39.643	12.388	8	66	37.456	3202	139	11	13	14.312	7.473	52.056	0.752	1.915	0.522	0.840
35	3012	27.586	13.684	1	83	258.593	31	141	70	67	70.858	54.122	151.855	0.566	1.309	0.764	0.880
36	9996	27.414	14.342	0	84	664.365	428	142	114	168	160.474	79.311	112.435	0.285	2.023	0.494	0.815
37	1352	27.585	11.856	1	77	182.551	2824	143	50	56	66.737	25.794	52.394	0.510	2.587	0.387	0.866
38	470	19.913	8.906	1	49	99.054	1286	145	26	30	31.619	18.926	62.981	0.602	1.671	0.599	0.838
39	749	33.603	17.082	0	82	160.853	3187	147	29	55	50.667	18.822	106.213	0.364	2.692	0.371	0.734
40	351	28.635	11.501	2	65	75.598	3412	154	21	25	27.426	16.295	60.156	0.772	1.683	0.594	0.891
41	68	28.265	10.918	2	53	34.627	238	161	9	13	10.913	7.934	82.490	0.713	1.375	0.727	0.786
42	572	23.858	11.874	1	57	100.569	2888	168	31	27	29.241	24.907	19.692	0.711	1.174	0.852	0.877
43	57	25.474	13.766	2	65	30.385	260	175	8	11	10.460	6.939	68.022	0.776	1.507	0.663	0.832
44	20	38.000	13.750	12	59	17.899	3180	180	7	4	7.073	3.600	13.333	0.784	1.965	0.509	0.833
45	23	14.261	7.753	0	31	19.899	994	181	4	8	7.752	3.778	72.626	0.730	2.052	0.487	0.868
46	3256	19.822	9.713	1	57	278.534	2699	188	78	70	82.101	50.494	34.344	0.527	1.626	0.615	0.890
47	306	47.438	16.420	5	89	73.255	2405	190	17	27	25.660	15.184	73.116	0.717	1.690	0.592	0.871
48	33	18.303	7.078	5	31	28.971	3800	196	7	10	8.240	5.099	60.605	0.494	1.616	0.619	0.653
49	96	21.052	9.903	2	40	40.870	3005	201	11	14	12.519	9.764	110.886	0.722	1.282	0.780	0.803
50	5632	26.881	14.010	0	79	372.032	248	203	87	104	89.039	80.536	90.009	0.511	1.106	0.905	0.871
51	221	21.457	9.801	0	55	69.255	3019	207	19	19	19.306	14.575	47.520	0.579	1.325	0.755	0.815
52	238	44.214	23.647	0	100	61.355	3186	208	20	18	21.523	14.079	38.347	0.794	1.529	0.654	0.903
53	1164	20.966	11.306	0	64	253.078	1388	209	56	42	51.410	28.828	163.667	0.228	1.783	0.561	0.672
54	1586	42.561	22.921	0	111	216.794	948	245	40	80	82.136	24.585	73.300	0.424	3.341	0.299	0.822
55	734	42.582	23.388	1	117	136.125	3006	251	39	40	41.189	22.689	54.636	0.498	1.815	0.551	0.774
56	336	15.390	7.930	1	41	76.669	1233	253	22	23	22.361	19.132	108.968	0.718	1.169	0.856	0.844
57	712	45.228	15.147	1	91	116.125	3474	254	31	40	40.345	22.470	63.138	0.663	1.795	0.557	0.869
58	1528	18.213	9.171	0	56	267.421	2449	262	60	47	50.852	38.258	21.820	0.268	1.329	0.752	0.705
59	19	19.316	5.706	10	30	19.556	3964	286	6	7	6.866	3.523	57.099	0.624	1.949	0.513	0.679
60	24	26.292	8.725	10	43	19.899	2623	291	7	5	6.757	4.522	16.124	0.762	1.494	0.669	0.828
61	1772	46.805	25.086	1	120	231.179	2017	295	47	83	85.436	26.408	65.262	0.417	3.235	0.309	0.842
62	260	21.473	11.041	0	63	65.598	2608	297	20	21	21.646	15.293	48.723	0.759	1.415	0.706	0.860
63	361	18.590	10.062	0	49	102.225	1216	301	26	27	26.628	17.262	46.820	0.434	1.543	0.648	0.721
64	16	17.688	8.364	3	31	16.728	1303	301	5	6	4.989	4.083	106.053	0.719	1.222	0.818	0.711
65	79	36.797	14.140	4	68	37.799	3426	303	9	14	13.804	7.287	72.796	0.695	1.894	0.528	0.827
66	116	35.250	13.052	2	66	49.698	1353	309	13	17	17.181	8.596	61.402	0.590	1.999	0.500	0.814
67	1681	24.055	11.233	0	67	216.936	611	316	57	50	61.475	34.816	35.584	0.449	1.766	0.566	0.861
68	21	10.905	6.016	2	27	22.728	1003	316	5	9	8.440	3.168	68.469	0.511	2.664	0.375	0.667
69	28	19.679	10.414	4	38	21.556	338	323	6	8	7.797	4.572	76.490	0.757	1.705	0.586	0.778
70	1256	24.370	13.226	0	68	301.706	2889	326	74	44	58.023	27.561	19.570	0.173	2.105	0.475	0.603
71	293	31.706	14.067	1	65	67.941	1130	341	18	22	23.512	15.867	67.321	0.798	1.482	0.675	0.903
72	303	27.172	11.844	2	64	79.497	1746	349	21	23	21.410	18.019	48.068	0.602	1.188	0.842	0.813
73	16	14.375	7.890	2	29	15.314	2957	349	5	5	4.915	4.144	68.745	0.857	1.186	0.843	0.780
74	1024	21.665	10.484	0	57	159.924	3640	363	31	51	50.456	25.840	76.302	0.503	1.953	0.512	0.846
75	205	16.205	8.512	0	41	77.841	3309	369	25	17	23.636	11.043	160.665	0.425	2.140	0.467	0.741
76	1605	16.674	8.044	0	45	233.865	1217	372	49	54	48.359	42.258	48.933	0.369	1.144	0.874	0.845
77	251	38.048	13.538	1	73	66.770	3752	373	17	22	22.258	14.358	66.691	0.708	1.550	0.645	0.875
78	244	20.930	8.786	1	53	74.426	1969	378	19	20	18.644	16.663	68.619	0.554	1.119	0.894	0.820
79	3016	30.586	16.562	0	94	285.806	112	384	60	82	74.112	51.815	70.169	0.464	1.430	0.699	0.827
80	129	27.047	12.119	4	58	55.355	2247	425	15	18	17.763	9.246	54.757	0.529	1.921	0.521	0.754
81	206	22.461	11.869	1	56	80.912	653	426	29	19	29.805	8.800	24.953	0.395	3.387	0.295	0.701
82	602	32.563	17.780	2	93	122.024	444	428	33	38	33.606	22.808	54.292	0.508	1.473	0.679	0.810
83	200	14.195	7.537	1	39	79.255	3141	448	20	19	16.949	15.025	135.353	0.400	1.128	0.886	0.708
84	46	14.848	7.403	2	31	28.385	2647	458	8	10	8.757	6.688	102.033	0.717	1.309	0.764	0.760
85	529	35.866	14.913	2	85	104.225	3614	461	24	37	36.678	18.364	63.563	0.612	1.997	0.501	0.872
86	32583	29.093	19.460	0	130	1152.639	2970	469	197	282	238.812	173.718	78.738	0.308	1.375	0.727	0.814
87	157	16.369	8.915	2	48	69.598	2163	471	11	26	22.088	9.050	85.177	0.407	2.441	0.410	0.720
88	16	13.188	6.431	2	22	15.314	427	475	4	6	6.052	3.366	73.572	0.857	1.798	0.556	0.821
89	69	20.333	8.927	1	41	35.799	2648	479	10	12	10.423	8.429	68.056	0.677	1.237	0.809	0.780
90	113	29.566	12.631	4	60	51.113	1753	481	13	16	14.980	9.605	69.813	0.544	1.560	0.641	0.761
91	40	14.250	6.702	3	28	33.213	2628	481	6	12	11.220	4.539	89.784	0.456	2.472	0.405	0.684
92	168	24.256	11.569	2	60	59.355	1765	491	18	17	17.789	12.025	39.479	0.599	1.479	0.676	0.791
93	135	12.756	6.552	0	28	60.770	493	499	15	18	15.738	10.922	107.328	0.459	1.441	0.694	0.694
94	1296	16.339	8.591	0	47	204.794	2528	507	34	62	56.931	28.984	82.612	0.388	1.964	0.509	0.840
95	21	15.286	8.379	5	41	18.142	1532	508	6	6	6.150	4.348	52.577	0.802	1.414	0.707	0.750
96	692	34.809	16.237	1	78	142.267	1919	526	34	39	36.458	24.167	58.792	0.430	1.509	0.663	0.731
97	896	32.798	18.685	1	94	139.439	1613	531	41	40	48.120	23.708	41.338	0.579	2.030	0.493	0.871
98	275	16.705	9.026	1	44	82.912	2704	531	22	24	25.677	13.636	48.785	0.503	1.883	0.531	0.775
99	319	16.567	8.410	1	44	81.841	3555	531	19	24	22.935	17.709	60.664	0.598	1.295	0.772	0.831
100	502	16.378	8.511	0	41	116.711	753	533	24	39	36.031	17.739	70.188	0.463	2.031	0.492	0.796
101	22	24.455	10.734	5	45	18.142	3525	544	6	6	6.333	4.423	34.168	0.840	1.432	0.698	0.786
102	226	24.102	10.789	2	58	72.669	2472	551	16	24	22.800	12.621	74.562	0.538	1.807	0.554	0.790
103	309	36.243	13.060	4	67	76.912	3170	559	19	27	27.847	14.128	60.698	0.656	1.971	0.507	0.860
104	18	14.556	5.659	4	25	23.556	1903	568	7	7	6.105	3.754	31.112	0.408	1.626	0.615	0.522
105	28	16.893	9.247	2	35	24.142	1535	577	5	10	8.481	4.203	79.338	0.604	2.018	0.496	0.757
106	418	36.371	16.166	1	79	100.225	1578	577	21	37	37.712	14.113	66.699	0.523	2.672	0.374	0.853
107	135	13.770	6.935	1	41	54.527	3678	583	16	15	14.274	12.042	5.228	0.571	1.185	0.844	0.736
108	212	30.599	13.427	3	67	72.083	2901	588	18	27	28.966	9.319	60.760	0.513	3.108	0.322	0.778
109	55	23.218	10.344	3	43	30.385	1649	601	9	10	11.829	5.920	52.448	0.749	1.998	0.501	0.827
110	1879	37.439	17.501	0	95	230.451	3462	605	33	88	83.710	28.580	90.870	0.445	2.929	0.341	0.869
111	40	23.975	9.689	2	46	32.627	144	606	8	11	11.183	4.554	67.177	0.472	2.456	0.407	0.672
112	29	16.724	9.023	0	36	20.728	1263	617	6	7	7.915	4.665	47.600	0.848	1.697	0.589	0.879
113	144	37.007	14.273	2	71	53.941	1098	623	11	21	20.910	8.768	76.699	0.622	2.385	0.419	0.828
114	3146	17.768	8.997	0	57	353.789	2807	628	77	76	88.003	45.517	42.305	0.316	1.933	0.517	0.835
115	21	9.905	6.284	2	23	28.385	2956	662	7	8	6.955	3.844	116.944	0.328	1.809	0.553	0.532
116	1603	27.693	13.419	0	81	195.966	2565	669	54	52	56.761	35.958	36.058	0.525	1.579	0.633	0.839
117	65	24.615	11.800	2	47	36.385	906	671	6	15	14.356	5.765	83.492	0.617	2.490	0.402	0.850
118	166	26.693	11.087	4	63	50.042	2096	673	13	17	17.650	11.975	63.897	0.833	1.474	0.678	0.895
119	190	29.468	13.707	1	62	61.698	3969	681	12	22	21.663	11.167	89.894	0.627	1.940	0.516	0.852
120	117	19.684	9.705	2	47	49.941	3398	683	12	18	17.907	8.319	69.216	0.589	2.153	0.465	0.777
121	132	44.705	18.397	3	80	49.799	1229	691	11	18	18.428	9.120	75.125	0.669	2.021	0.495	0.863
122	711	22.003	9.959	1	54	138.368	3156	699	24	47	43.810	20.664	85.804	0.467	2.120	0.472	0.805
123	291	51.409	18.226	12	99	74.426	3216	705	19	26	26.624	13.916	63.747	0.660	1.913	0.523	0.845
124	334	28.009	11.801	1	67	78.426	3556	705	21	24	23.283	18.265	60.725	0.682	1.275	0.784	0.839
125	48	12.729	6.894	1	36	44.527	364	707	11	10	8.892	6.873	46.007	0.304	1.294	0.773	0.555
126	37	18.270	8.365	2	44	23.556	2889	716	8	7	8.598	5.479	40.193	0.838	1.569	0.637	0.822
127	32	24.375	10.137	7	43	32.971	419	719	7	9	7.522	5.416	54.679	0.370	1.389	0.720	0.615
128	72	26.278	11.593	7	54	36.042	3791	719	9	13	12.980	7.063	69.256	0.697	1.838	0.544	0.828
129	36	17.944	9.024	2	41	29.556	3388	720	7	11	8.111	5.651	106.242	0.518	1.435	0.697	0.673
130	344	28.794	11.903	2	65	77.255	1376	721	25	21	23.594	18.564	178.605	0.724	1.271	0.787	0.863
131	91	27.077	12.020	5	51	44.870	3734	723	12	16	15.142	7.652	69.973	0.568	1.979	0.505	0.734
132	41	18.780	5.415	8	31	34.870	71	725	9	12	10.167	5.135	64.265	0.424	1.980	0.505	0.626
133	180	23.200	9.764	1	48	67.598	3515	725	16	22	19.818	11.564	66.618	0.495	1.714	0.584	0.756
134	122	55.525	19.478	13	96	50.527	1640	734	14	18	19.773	7.856	59.443	0.601	2.517	0.397	0.836
135	4586	26.396	13.603	0	84	322.818	2514	734	70	103	96.673	60.400	102.732	0.553	1.601	0.625	0.909
136	20783	24.615	17.019	0	115	738.164	145	742	159	190	177.427	149.142	59.244	0.479	1.190	0.841	0.903
137	1378	27.494	12.467	1	72	175.581	1716	742	52	49	48.402	36.249	22.514	0.562	1.335	0.749	0.825
138	30	34.300	12.312	12	60	28.627	1363	748	8	9	8.599	4.442	47.193	0.460	1.936	0.517	0.612
139	4607	34.539	24.129	0	131	342.333	1322	749	82	109	118.419	49.535	55.502	0.494	2.391	0.418	0.884
140	42	20.857	10.760	2	41	24.142	3589	757	8	7	8.249	6.483	28.367	0.906	1.273	0.786	0.894
141	37	20.324	10.274	2	41	25.314	1298	769	4	11	11.065	4.257	93.014	0.726	2.599	0.385	0.914
142	4564	24.927	12.943	0	79	398.274	2616	773	80	98	82.343	70.572	63.438	0.362	1.167	0.857	0.801
143	4088	29.321	14.946	0	82	382.032	3114	775	70	114	111.103	46.849	66.174	0.352	2.372	0.422	0.789
144	1253	16.555	8.523	1	46	249.078	580	781	49	54	51.714	30.850	135.833	0.254	1.676	0.597	0.675
145	17	16.706	9.930	2	37	23.314	3119	786	6	8	5.806	3.728	53.249	0.393	1.558	0.642	0.557
146	39	22.615	10.038	7	55	26.728	1060	789	6	10	9.923	5.004	64.427	0.686	1.983	0.504	0.857
147	32	15.312	8.260	2	34	40.627	3650	790	6	13	9.712	4.195	73.258	0.244	2.315	0.432	0.508
148	955	37.665	15.195	1	82	133.196	974	794	37	40	44.993	27.025	47.282	0.676	1.665	0.601	0.894
149	96	41.646	13.025	2	69	42.042	3246	810	9	16	14.459	8.453	79.312	0.683	1.711	0.585	0.835
150	160	39.700	16.269	2	87	51.698	1496	813	13	19	18.458	11.037	68.995	0.752	1.672	0.598	0.865
151	21	13.429	3.880	6	21	16.728	1510	821	5	6	5.732	4.665	82.567	0.943	1.229	0.814	0.824
152	766	30.134	14.583	1	75	143.439	3678	823	39	44	53.060	18.381	49.413	0.468	2.887	0.346	0.789
153	182	16.082	7.401	2	36	66.770	664	824	19	16	18.139	12.775	3.367	0.513	1.420	0.704	0.773
154	134	20.254	9.954	1	49	57.941	2935	831	12	23	19.084	8.940	83.423	0.502	2.135	0.468	0.742
155	16	13.625	9.003	1	31	19.899	3978	859	3	8	8.050	2.531	83.069	0.508	3.181	0.314	0.744
156	275	13.960	7.057	1	36	113.296	1076	862	21	26	23.063	15.182	73.171	0.269	1.519	0.658	0.656
157	25	20.640	7.365	6	32	19.556	369	867	6	7	7.149	4.453	54.838	0.821	1.605	0.623	0.794
158	1521	29.645	14.935	0	81	180.894	2955	874	40	55	52.642	36.788	95.848	0.584	1.431	0.699	0.878
159	35	15.400	8.486	2	33	25.556	1933	876	7	9	10.050	4.434	59.579	0.673	2.267	0.441	0.805
160	4582	21.619	9.891	0	60	341.647	2351	877	85	77	88.483	65.934	42.210	0.493	1.342	0.745	0.900
161	166	29.584	12.708	1	61	59.355	1728	888	12	23	23.195	9.112	72.281	0.592	2.545	0.393	0.822
162	95	25.463	11.359	2	54	41.213	1017	894	11	13	12.522	9.660	90.667	0.703	1.296	0.771	0.826
163	2799	29.676	15.373	0	85	260.492	3281	895	63	79	87.986	40.504	59.594	0.518	2.172	0.460	0.852
164	20	22.750	7.419	7	39	27.314	1	900	3	12	10.710	2.378	90.418	0.337	4.505	0.222	0.690
165	54	25.889	11.258	4	50	34.627	1279	903	9	10	10.816	6.357	59.454	0.566	1.702	0.588	0.755
166	34	38.588	19.003	4	76	26.385	3684	907	7	9	8.803	4.918	58.626	0.614	1.790	0.559	0.773
167	30	19.067	9.861	2	39	20.728	348	910	6	7	6.588	5.798	61.724	0.877	1.136	0.880	0.857
168	921	43.768	24.930	1	114	134.125	2139	917	29	48	44.121	26.578	95.962	0.643	1.660	0.602	0.893
169	1257	23.492	11.093	1	60	191.137	1027	926	39	55	54.527	29.352	60.235	0.432	1.858	0.538	0.855
170	69	19.058	8.936	5	41	40.042	676	934	10	13	12.447	7.058	77.557	0.541	1.764	0.567	0.704
171	212	16.316	8.510	0	43	67.012	892	938	21	15	19.999	13.497	20.221	0.593	1.482	0.675	0.814
172	305	47.597	18.154	10	98	72.426	3048	941	19	26	27.207	14.274	68.317	0.731	1.906	0.525	0.883
173	38	13.763	5.319	2	26	32.627	458	945	9	9	7.848	6.165	51.856	0.449	1.273	0.786	0.628
174	8299	20.561	9.656	0	63	520.784	1730	946	113	131	128.553	82.196	54.963	0.385	1.564	0.639	0.869
175	14957	29.703	20.669	0	118	645.897	1303	949	103	224	205.440	92.698	81.234	0.451	2.216	0.451	0.911
176	1110	30.718	12.336	1	70	147.681	2675	951	45	41	47.858	29.531	41.981	0.640	1.621	0.617	0.880
177	1464	19.195	9.805	0	53	224.936	3144	951	66	41	61.619	30.251	177.336	0.364	2.037	0.491	0.766
178	2066	28.790	13.234	0	73	215.966	4	952	61	50	60.811	43.257	1.900	0.557	1.406	0.711	0.826
179	24	22.917	11.041	2	43	19.899	828	952	4	8	7.430	4.113	94.315	0.762	1.807	0.554	0.857
180	62	13.694	7.692	2	34	34.042	146	959	9	13	10.911	7.235	74.140	0.672	1.508	0.663	0.756
181	61	30.820	10.836	9	66	36.385	1271	968	7	15	13.995	5.550	73.939	0.579	2.522	0.397	0.792
182	509	28.597	12.414	2	69	109.154	1923	979	24	38	39.090	16.579	65.272	0.537	2.358	0.424	0.843
183	41	22.341	10.965	3	53	26.385	2934	979	7	10	9.560	5.460	69.739	0.740	1.751	0.571	0.781
184	246	51.118	23.166	6	101	63.598	3707	979	15	23	22.117	14.162	97.666	0.764	1.562	0.640	0.880
185	3151	27.222	14.036	0	86	433.220	1	994	35	173	146.247	27.433	92.444	0.211	5.331	0.188	0.769
186	92	28.228	11.951	1	54	42.284	138	997	10	16	15.205	7.704	71.062	0.647	1.974	0.507	0.814
187	1454	40.807	17.035	2	97	188.752	2428	997	47	61	58.243	31.785	57.194	0.513	1.832	0.546	0.827
188	21826	24.623	15.858	0	98	881.360	821	1000	196	220	230.256	120.691	56.173	0.353	1.908	0.524	0.852
189	45	26.800	10.367	6	42	36.385	3136	1007	13	7	10.275	5.576	0.125	0.427	1.843	0.543	0.692
190	51	24.176	8.229	6	41	31.556	804	1021	8	11	10.658	6.093	59.384	0.644	1.749	0.572	0.785
191	20	11.250	5.495	3	20	24.971	1531	1024	6	10	9.505	2.679	65.838	0.403	3.548	0.282	0.597
192	643	21.226	11.043	0	58	126.711	556	1043	33	35	31.248	26.200	10.083	0.503	1.193	0.838	0.805
193	87	19.115	9.598	2	53	37.799	2563	1045	10	13	13.053	8.486	86.284	0.765	1.538	0.650	0.841
194	467	25.193	11.795	2	66	117.640	2649	1048	24	39	31.416	18.927	72.631	0.424	1.660	0.602	0.766
195	26	10.346	5.284	0	21	22.142	278	1049	7	7	8.194	4.040	57.258	0.666	2.028	0.493	0.754
196	856	26.610	10.980	3	59	142.267	1465	1049	30	42	39.638	27.496	76.387	0.531	1.442	0.694	0.853
197	182	35.495	13.026	6	74	55.598	3837	1061	18	18	18.136	12.778	35.738	0.740	1.419	0.705	0.837
198	146	16.781	9.068	1	54	63.012	3702	1071	12	19	18.160	10.236	86.743	0.462	1.774	0.564	0.755
199	44	27.205	11.325	12	55	32.627	488	1073	9	11	11.190	5.007	60.357	0.519	2.235	0.447	0.715
200	17	17.824	5.659	10	30	19.899	1437	1075	7	5	6.391	3.387	17.357	0.539	1.887	0.530	0.680
201	178	61.438	22.873	6	104	66.184	2470	1079	12	24	21.027	10.778	74.244	0.511	1.951	0.513	0.811
202	26	12.808	5.433	3	26	24.971	3090	1093	5	9	8.130	4.072	79.552	0.524	1.997	0.501	0.703
203	25	14.200	6.946	3	29	26.627	3566	1093	7	10	10.308	3.088	62.099	0.443	3.338	0.300	0.633
204	116	21.233	11.072	1	48	56.184	3089	1102	13	18	14.142	10.443	91.920	0.462	1.354	0.738	0.705
205	29	21.552	9.778	4	38	22.385	3486	1105	7	8	8.315	4.440	47.538	0.727	1.873	0.534	0.784
206	26	9.231	4.735	4	21	27.799	2266	1112	6	11	8.450	3.917	86.255	0.423	2.157	0.464	0.565
207	345	25.188	12.428	2	58	120.711	3410	1120	30	23	29.436	14.923	17.055	0.298	1.972	0.507	0.626
208	55	17.927	7.002	1	30	30.385	2396	1130	9	10	10.185	6.875	50.199	0.749	1.481	0.675	0.797
209	2211	24.735	11.701	0	67	228.108	1920	1133	66	51	65.447	43.014	16.956	0.534	1.522	0.657	0.879
210	1279	31.976	12.605	2	70	154.752	3333	1133	41	43	42.518	38.301	59.034	0.671	1.110	0.901	0.903
211	1815	25.919	10.863	1	60	203.723	3645	1134	52	51	48.321	47.825	27.113	0.550	1.010	0.990	0.878
212	57	15.333	7.214	1	36	33.213	2726	1140	8	11	10.567	6.868	66.045	0.649	1.539	0.650	0.786
213	39	12.667	6.347	1	28	37.456	1134	1141	8	13	13.098	3.791	70.652	0.349	3.455	0.289	0.542
214	193	20.301	9.667	0	44	61.355	2643	1141	15	21	20.181	12.177	70.048	0.644	1.657	0.603	0.828
215	101	25.426	10.763	4	61	41.213	3161	1151	9	16	15.274	8.419	88.519	0.747	1.814	0.551	0.871
216	405	19.948	9.331	0	48	122.610	3487	1155	31	32	29.728	17.346	37.558	0.339	1.714	0.583	0.702
217	66	23.773	8.885	2	51	34.385	2984	1159	8	13	12.166	6.907	76.798	0.701	1.761	0.568	0.810
218	88	15.693	7.744	0	35	64.426	52	1172	14	15	13.542	8.274	58.934	0.266	1.637	0.611	0.577
219	12013	27.983	17.394	0	113	918.129	3744	1175	162	214	196.545	77.821	57.458	0.179	2.526	0.396	0.634
220	99	26.253	9.655	8	56	49.456	225	1177	11	16	15.291	8.243	73.342	0.509	1.855	0.539	0.759
221	2507	39.588	22.136	0	116	254.108	2253	1186	51	91	76.801	41.562	89.060	0.488	1.848	0.541	0.825
222	114	49.632	15.498	15	79	46.284	1311	1191	11	18	16.402	8.849	75.291	0.669	1.854	0.540	0.803
223	491	18.831	8.804	0	45	109.882	3409	1212	29	34	37.698	16.583	54.495	0.511	2.273	0.440	0.829
224	106	19.160	11.293	1	53	52.042	1924	1215	9	20	19.705	6.849	80.788	0.492	2.877	0.348	0.771
225	63	16.127	8.611	2	41	56.527	504	1219	11	16	12.863	6.236	80.194	0.248	2.063	0.485	0.519
226	24	16.708	8.008	4	35	20.142	619	1223	7	6	8.218	3.718	36.992	0.743	2.210	0.452	0.774
227	278	23.802	10.213	1	50	85.497	2032	1228	26	24	23.032	15.368	29.574	0.478	1.499	0.667	0.714
228	17	20.471	9.988	4	36	17.314	507	1237	5	6	5.081	4.260	63.163	0.713	1.193	0.838	0.756
229	103	26.350	12.008	1	50	45.456	2676	1250	10	17	17.034	7.699	62.947	0.626	2.212	0.452	0.834
230	114	14.360	7.737	1	37	53.355	382	1258	13	17	16.224	8.946	62.266	0.503	1.814	0.551	0.735
231	1863	29.451	13.700	1	82	220.108	1932	1281	53	62	62.553	37.921	53.554	0.483	1.650	0.606	0.858
232	228	19.197	8.457	2	48	69.255	3184	1288	19	21	20.125	14.425	56.567	0.597	1.395	0.717	0.813
233	3851	34.918	19.584	1	104	290.777	347	1296	69	80	76.452	64.135	61.318	0.572	1.192	0.839	0.904
234	698	30.418	15.538	0	73	144.610	823	1298	29	47	41.973	21.173	87.488	0.419	1.982	0.504	0.725
235	351	24.943	12.952	1	67	93.154	3564	1303	19	31	27.653	16.162	102.925	0.508	1.711	0.584	0.791
236	1480	20.099	10.696	0	63	226.350	697	1304	37	66	59.883	31.468	89.346	0.363	1.903	0.525	0.793
237	135	16.919	8.346	2	42	54.527	759	1317	13	21	19.843	8.662	107.544	0.571	2.291	0.437	0.750
238	39	20.179	10.026	2	40	25.556	2515	1324	7	9	10.452	4.751	53.465	0.750	2.200	0.455	0.812
239	17	9.353	3.872	2	16	21.314	52	1335	6	7	6.107	3.544	70.215	0.470	1.723	0.580	0.596
240	60	14.183	7.051	2	37	50.284	1201	1335	9	16	12.068	6.330	68.461	0.298	1.906	0.525	0.577
241	500	16.722	8.204	1	40	103.983	316	1336	25	29	28.120	22.639	50.576	0.581	1.242	0.805	0.842
242	185	19.892	9.134	0	44	65.012	782	1339	20	15	18.149	12.978	18.157	0.550	1.398	0.715	0.789
243	35	14.371	7.329	2	36	33.799	2846	1349	7	10	8.122	5.487	88.279	0.385	1.480	0.676	0.648
244	5363	38.307	22.175	1	124	399.002	3509	1352	85	125	102.572	66.572	75.061	0.423	1.541	0.649	0.814
245	456	43.561	19.703	2	107	88.912	248	1355	22	33	30.748	18.883	71.769	0.725	1.628	0.614	0.884
246	800	13.810	6.956	0	37	177.480	2102	1360	45	31	37.783	26.959	179.041	0.319	1.401	0.714	0.752
247	67	16.418	7.646	1	34	42.627	529	1361	12	10	9.730	8.768	33.120	0.463	1.110	0.901	0.691
248	6776	19.514	10.293	0	64	525.813	1751	1367	112	142	147.833	58.360	51.770	0.308	2.533	0.395	0.784
249	1530	17.770	9.033	0	51	197.137	166	1370	54	44	50.014	38.950	172.155	0.495	1.284	0.779	0.865
250	961	46.083	22.258	2	99	172.167	3394	1372	38	65	73.057	16.748	64.654	0.407	4.362	0.229	0.821
251	20	10.050	5.817	2	22	17.899	3520	1377	4	7	6.249	4.075	73.080	0.784	1.533	0.652	0.833
252	664	18.693	10.859	0	56	147.095	2881	1380	27	45	39.702	21.294	92.210	0.386	1.864	0.536	0.767
253	201	14.468	7.396	1	40	64.770	441	1383	16	21	20.303	12.605	63.488	0.602	1.611	0.621	0.809
254	5963	29.916	18.468	0	105	468.115	1256	1392	110	101	101.850	74.544	30.232	0.342	1.366	0.732	0.816
255	335	27.143	11.724	1	59	83.497	1175	1409	23	25	24.196	17.628	48.547	0.604	1.373	0.729	0.799
256	316	34.316	14.966	7	76	77.255	1978	1414	18	28	28.733	14.003	67.411	0.665	2.052	0.487	0.869
257	40	11.200	6.914	1	28	26.971	251	1415	9	8	7.816	6.516	38.366	0.691	1.199	0.834	0.734
258	398	41.294	17.289	2	95	81.841	740	1415	19	30	30.027	16.876	84.770	0.747	1.779	0.562	0.888
259	131	29.183	13.337	6	65	49.456	2657	1418	12	18	17.034	9.792	78.538	0.673	1.740	0.575	0.806
260	57	19.614	8.123	6	36	30.385	601	1425	9	10	10.466	6.934	53.528	0.776	1.509	0.663	0.838
261	47	28.319	13.877	5	63	26.971	2160	1431	7	10	9.866	6.065	60.318	0.812	1.627	0.615	0.870
262	12857	27.990	15.448	0	93	665.938	168	1436	144	195	199.226	82.168	50.284	0.364	2.425	0.412	0.813
263	242	41.773	16.472	3	83	89.355	1	1437	9	38	34.838	8.844	87.565	0.381	3.939	0.254	0.860
264	86	15.977	7.527	1	41	49.355	3951	1437	17	12	17.761	6.165	24.685	0.444	2.881	0.347	0.654
265	53	25.396	11.535	4	44	34.042	3808	1439	9	12	9.027	7.476	73.198	0.575	1.207	0.828	0.702
266	43	18.395	8.519	3	37	32.627	391	1445	7	11	9.913	5.523	87.497	0.508	1.795	0.557	0.688
267	67	25.284	10.434	2	47	38.042	3914	1450	9	15	12.740	6.696	67.343	0.582	1.903	0.526	0.766
268	16	15.688	8.769	3	32	16.142	3014	1455	5	6	4.935	4.128	103.283	0.772	1.195	0.837	0.711
269	33	19.545	7.198	5	34	23.556	1052	1461	6	9	9.226	4.554	71.761	0.747	2.026	0.494	0.815
270	337	24.899	11.193	0	71	73.598	1590	1463	18	27	25.209	17.021	98.020	0.782	1.481	0.675	0.892
271	110	26.018	12.690	3	63	49.698	3874	1466	12	19	19.427	7.209	61.222	0.560	2.695	0.371	0.769
272	50	18.060	8.260	0	36	28.385	193	1476	8	10	9.582	6.644	63.778	0.780	1.442	0.693	0.820
273	1738	23.138	12.431	0	79	322.191	2216	1478	57	86	68.374	32.364	123.111	0.210	2.113	0.473	0.596
274	414	25.005	11.748	2	60	114.610	2714	1478	28	39	42.656	12.358	57.887	0.396	3.452	0.290	0.716
275	19	17.211	8.080	3	28	17.314	1114	1480	4	7	6.620	3.654	73.683	0.796	1.812	0.552	0.809
276	61	26.295	10.823	5	55	34.971	2989	1488	8	13	12.893	6.024	74.423	0.627	2.140	0.467	0.819
277	981	41.659	23.120	0	97	132.368	2161	1511	33	46	44.995	27.760	79.771	0.704	1.621	0.617	0.897
278	460	22.843	10.088	1	54	93.397	2290	1514	25	26	25.288	23.160	73.705	0.663	1.092	0.916	0.863
279	110	20.536	9.597	2	47	54.527	1154	1522	11	21	19.877	7.046	74.536	0.465	2.821	0.354	0.741
280	299	26.144	11.983	0	62	71.598	2426	1534	18	25	27.080	14.058	63.994	0.733	1.926	0.519	0.889
281	640	46.223	20.402	1	99	118.468	1214	1537	27	43	41.654	19.563	69.879	0.573	2.129	0.470	0.869
282	5704	34.817	18.980	0	112	445.002	3169	1550	105	100	87.163	83.322	23.646	0.362	1.046	0.956	0.773
283	445	21.467	9.340	1	50	97.497	3911	1552	32	21	28.015	20.225	179.961	0.588	1.385	0.722	0.842
284	183	16.596	9.324	1	49	84.326	1093	1558	18	19	17.858	13.048	55.074	0.323	1.369	0.731	0.693
285	16	9.625	4.588	3	17	25.556	3595	1561	6	7	5.200	3.918	101.223	0.308	1.327	0.753	0.516
286	465	41.957	14.366	6	88	91.983	1566	1567	22	33	31.260	18.940	79.322	0.691	1.651	0.606	0.882
287	304	15.141	7.345	1	40	94.569	2220	1571	24	25	21.866	17.702	61.885	0.427	1.235	0.810	0.730
288	475	17.977	9.018	0	48	105.983	2905	1578	31	26	27.411	22.063	163.520	0.531	1.242	0.805	0.800
289	2853	27.889	14.726	0	90	358.960	852	1582	67	85	87.896	41.328	62.324	0.278	2.127	0.470	0.737
290	1231	21.807	10.806	0	61	188.894	3334	1595	40	60	51.969	30.159	82.009	0.434	1.723	0.580	0.784
291	6450	26.496	16.320	0	87	432.659	1863	1607	81	146	136.183	60.304	74.180	0.433	2.258	0.443	0.837
292	1443	29.409	14.715	0	74	193.723	1954	1619	48	62	65.642	27.990	55.081	0.483	2.345	0.426	0.847
293	621	36.921	18.966	1	100	119.397	3048	1623	27	40	36.636	21.582	100.186	0.547	1.697	0.589	0.815
294	29	10.793	5.185	2	20	22.142	1864	1637	8	6	7.559	4.885	22.721	0.743	1.547	0.646	0.784
295	153	42.634	16.410	2	83	55.698	1463	1647	13	20	19.743	9.867	68.308	0.620	2.001	0.500	0.825
296	297	13.643	7.645	0	40	94.569	523	1654	22	27	25.071	15.083	55.615	0.417	1.662	0.602	0.736
297	19	12.421	7.862	1	27	20.971	445	1656	5	8	7.691	3.145	70.741	0.543	2.445	0.409	0.644
298	4776	37.619	20.240	0	108	424.274	2688	1657	71	145	136.278	44.622	77.487	0.333	3.054	0.327	0.792
299	970	19.425	9.746	0	56	174.066	1084	1660	38	44	42.501	29.059	53.784	0.402	1.463	0.684	0.795
300	23	19.304	8.715	3	39	22.971	729	1663	6	8	6.615	4.427	62.685	0.548	1.494	0.669	0.639
301	3138	39.001	20.225	2	114	375.789	36	1665	61	112	89.046	44.869	92.990	0.279	1.985	0.504	0.715
302	7101	23.899	12.178	0	74	458.014	1345	1672	100	125	123.434	73.248	52.133	0.425	1.685	0.593	0.885
303	4765	23.507	13.267	0	78	483.428	3448	1672	101	98	91.516	66.294	28.123	0.256	1.380	0.724	0.717
304	16	18.250	6.181	8	32	16.485	2809	1678	3	7	7.054	2.888	78.462	0.740	2.443	0.409	0.865
305	1470	38.222	23.425	0	111	217.279	434	1685	47	67	65.610	28.527	57.400	0.391	2.300	0.435	0.803
306	51	16.333	7.636	1	32	36.042	3339	1691	8	14	14.806	4.386	67.193	0.493	3.376	0.296	0.739
307	108	35.583	14.741	3	71	55.941	3158	1701	12	18	17.247	7.973	67.878	0.434	2.163	0.462	0.730
308	132	16.818	8.336	2	43	53.698	1505	1704	10	21	19.406	8.661	87.623	0.575	2.241	0.446	0.798
309	109	26.615	11.508	4	59	50.870	2894	1707	10	16	14.787	9.385	85.452	0.529	1.576	0.635	0.790
310	68	13.500	7.189	0	32	38.385	2906	1707	9	12	12.889	6.717	66.837	0.580	1.919	0.521	0.791
311	49	23.755	8.882	5	43	32.385	771	1710	9	11	10.385	6.008	59.906	0.587	1.729	0.578	0.705
312	1394	24.815	13.441	0	87	225.865	2334	1715	44	61	55.485	31.989	55.451	0.343	1.735	0.577	0.732
313	63	21.905	8.418	3	39	41.213	2493	1723	8	15	14.075	5.699	73.804	0.466	2.470	0.405	0.720
314	158	28.709	11.700	2	63	64.770	3022	1724	12	23	20.002	10.058	79.269	0.473	1.989	0.503	0.737
315	68	23.456	10.267	5	52	45.698	3978	1730	9	15	12.422	6.970	78.805	0.409	1.782	0.561	0.651
316	3288	19.412	9.335	0	52	297.019	1934	1735	77	68	77.096	54.301	28.046	0.468	1.420	0.704	0.868
317	810	26.989	14.278	2	82	135.782	2458	1745	33	41	39.029	26.425	55.719	0.552	1.477	0.677	0.834
318	156	49.462	18.138	6	94	61.355	605	1749	15	23	23.771	8.356	62.622	0.521	2.845	0.352	0.796
319	1268	23.771	10.414	1	54	167.924	3770	1755	40	47	45.046	35.840	66.916	0.565	1.257	0.796	0.867
320	579	60.197	23.552	2	117	105.296	2748	1756	26	38	39.876	18.487	61.282	0.656	2.157	0.464	0.890
321	73	33.233	14.294	2	67	35.213	2508	1757	8	14	13.546	6.862	77.075	0.740	1.974	0.507	0.854
322	372	19.497	9.534	1	47	109.296	1276	1775	18	37	31.447	15.062	91.412	0.391	2.088	0.479	0.750
323	2864	25.394	11.103	0	70	264.735	2520	1781	64	66	70.482	51.737	49.292	0.514	1.362	0.734	0.893
324	50	14.320	6.885	2	28	38.870	3578	1781	12	12	12.812	4.969	38.084	0.416	2.578	0.388	0.595
325	619	28.229	12.901	1	72	113.397	2151	1794	31	34	34.059	23.140	47.823	0.605	1.472	0.679	0.846
326	115	38.678	12.607	10	67	50.527	1420	1798	10	19	18.146	8.069	69.562	0.566	2.249	0.445	0.796
327	20	19.600	10.435	6	41	17.899	3129	1800	6	5	6.254	4.072	32.574	0.784	1.536	0.651	0.816
328	3202	33.762	17.852	1	93	282.777	2411	1806	55	100	90.171	45.213	79.308	0.503	1.994	0.501	0.875
329	4646	41.017	25.258	0	123	343.262	3109	1806	60	129	129.997	45.505	72.848	0.495	2.857	0.350	0.918
330	709	19.433	9.679	0	45	117.983	334	1811	32	34	36.294	24.873	55.304	0.640	1.459	0.685	0.872
331	24	15.042	9.747	2	36	22.728	66	1815	6	8	6.975	4.381	46.474	0.584	1.592	0.628	0.706
332	198	17.793	8.576	1	42	69.841	699	1817	15	25	24.421	10.323	75.830	0.510	2.366	0.423	0.767
333	3974	28.076	16.769	0	95	364.233	1258	1820	74	95	92.959	54.431	59.844	0.376	1.708	0.586	0.805
334	433	26.058	13.419	1	73	122.811	3588	1829	21	47	38.428	14.347	82.054	0.361	2.679	0.373	0.744
335	300	30.917	15.159	2	78	84.669	683	1842	18	28	28.495	13.405	74.379	0.526	2.126	0.470	0.821
336	1246	46.632	24.826	0	110	155.338	2013	1853	35	56	53.931	29.416	82.683	0.649	1.833	0.545	0.883
337	1742	31.640	15.175	1	92	274.978	2887	1862	53	85	59.441	37.314	100.285	0.290	1.593	0.628	0.712
338	1422	38.558	20.601	0	99	208.794	862	1864	41	75	75.222	24.070	70.443	0.410	3.125	0.320	0.742
339	252	27.056	13.813	1	60	82.669	3031	1873	21	19	20.911	15.344	9.716	0.463	1.363	0.734	0.784
340	587	49.821	20.387	1	103	110.468	2583	1880	25	39	36.405	20.530	72.958	0.604	1.773	0.564	0.856
341	20	18.450	9.133	5	37	20.485	2772	1884	4	8	6.688	3.807	63.937	0.599	1.757	0.569	0.769
342	228	23.298	10.979	2	57	66.184	645	1887	18	18	18.089	16.048	42.244	0.654	1.127	0.887	0.846
343	896	19.137	9.927	1	51	158.510	3506	1889	31	51	49.178	23.198	75.348	0.448	2.120	0.472	0.798
344	41	11.537	6.269	2	24	26.142	413	1903	6	10	9.919	5.263	80.579	0.754	1.885	0.531	0.837
345	95	23.484	10.175	5	52	41.456	2100	1910	10	16	16.022	7.550	71.794	0.695	2.122	0.471	0.837
346	87	20.575	10.832	3	55	51.698	473	1917	11	20	17.966	6.166	65.586	0.409	2.914	0.343	0.680
347	158	31.361	13.221	4	79	61.941	3173	1921	12	22	20.870	9.639	75.691	0.517	2.165	0.462	0.808
348	34	15.147	8.158	2	31	36.627	3620	1947	8	14	14.686	2.948	69.029	0.318	4.982	0.201	0.567
349	49	12.490	5.694	3	26	41.698	2154	1950	10	11	10.705	5.828	118.689	0.354	1.837	0.544	0.576
350	1910	20.776	9.706	1	59	204.451	3481	1958	49	56	52.528	46.297	89.624	0.574	1.135	0.881	0.899
351	22	10.091	4.275	2	18	19.899	2155	1965	4	8	6.797	4.121	96.555	0.698	1.649	0.606	0.815
352	1578	18.371	8.974	1	50	240.936	1104	1975	44	71	62.578	32.107	77.104	0.342	1.949	0.513	0.746
353	79	13.519	6.950	2	32	51.698	3022	1989	9	19	16.701	6.023	95.230	0.371	2.773	0.361	0.635
354	45	27.444	11.850	2	51	27.556	280	1991	7	10	10.811	5.300	64.746	0.745	2.040	0.490	0.811
355	18641	25.700	17.316	0	102	1007.342	1152	1991	192	252	233.228	101.765	63.271	0.231	2.292	0.436	0.716
356	303	27.380	13.079	0	76	73.841	1792	1993	18	27	24.538	15.722	83.444	0.698	1.561	0.641	0.860
357	32	18.312	8.634	0	34	29.213	2865	1995	7	10	9.071	4.492	68.394	0.471	2.019	0.495	0.621
358	2267	26.695	13.933	0	74	319.019	1874	1997	83	44	82.892	34.822	0.292	0.280	2.380	0.420	0.746
359	23	13.652	6.726	2	25	22.728	611	1999	8	6	5.786	5.061	35.482	0.560	1.143	0.875	0.697
360	188	34.282	15.128	3	72	57.456	2339	2004	15	19	20.112	11.902	69.001	0.716	1.690	0.592	0.856
361	2077	18.175	9.537	0	56	270.149	2231	2012	61	71	78.788	33.565	47.824	0.358	2.347	0.426	0.799
362	16	18.062	9.096	5	36	20.142	599	2013	6	7	5.170	3.940	52.438	0.496	1.312	0.762	0.571
363	2770	41.693	24.418	1	120	246.007	2108	2023	62	80	86.657	40.699	52.851	0.575	2.129	0.470	0.912
364	27	20.222	7.334	4	36	22.971	509	2043	8	7	8.136	4.226	44.227	0.643	1.925	0.519	0.701
365	75	17.800	7.779	5	41	39.456	222	2046	15	8	13.880	6.880	178.897	0.605	2.017	0.496	0.777
366	248	28.246	12.459	2	65	74.426	1578	2051	16	26	25.209	12.526	74.862	0.563	2.013	0.497	0.821
367	829	39.995	19.685	1	97	137.539	3954	2052	29	43	39.440	26.762	86.140	0.551	1.474	0.679	0.869
368	216	43.806	14.337	11	78	66.083	1334	2055	17	20	20.622	13.337	64.880	0.622	1.546	0.647	0.826
369	128	18.172	8.655	1	38	66.770	3761	2058	16	21	18.947	8.602	44.272	0.361	2.203	0.454	0.605
370	333	43.417	15.769	3	80	75.841	2026	2064	18	27	25.638	16.537	102.416	0.728	1.550	0.645	0.874
371	670	20.404	9.724	0	55	117.397	2440	2064	32	35	41.604	20.505	49.611	0.611	2.029	0.493	0.856
372	199	26.080	10.143	2	51	62.770	1899	2065	20	16	19.184	13.208	166.739	0.635	1.452	0.688	0.817
373	105	21.210	10.444	3	49	44.042	1632	2066	11	16	15.710	8.510	57.559	0.680	1.846	0.542	0.854
374	287	19.582	10.059	2	55	81.497	1378	2074	17	32	27.517	13.280	92.337	0.543	2.072	0.483	0.801
375	41	17.000	8.683	3	36	23.556	1638	2081	7	8	8.373	6.235	64.839	0.928	1.343	0.745	0.872
376	789	29.549	13.668	2	86	151.196	591	2098	28	50	41.268	24.343	91.470	0.434	1.695	0.590	0.789
377	37	25.892	9.597	5	44	27.799	1880	2110	7	11	10.261	4.591	67.054	0.602	2.235	0.447	0.733
378	23	15.783	7.627	3	32	24.971	2106	2117	4	10	8.839	3.313	87.865	0.464	2.668	0.375	0.648
379	8593	26.807	13.589	0	79	519.127	2776	2126	100	140	139.478	78.442	67.971	0.401	1.778	0.562	0.876
380	2316	30.205	14.214	0	83	254.049	208	2127	65	81	90.953	32.422	50.334	0.451	2.805	0.356	0.837
381	116	27.853	12.022	1	56	49.113	900	2133	16	12	16.005	9.228	5.067	0.604	1.734	0.577	0.768
382	20	15.500	6.879	5	33	17.314	3027	2151	5	6	6.703	3.799	58.871	0.838	1.765	0.567	0.851
383	2631	23.147	12.037	0	76	247.765	2299	2153	61	74	81.847	40.929	53.096	0.539	2.000	0.500	0.889
384	524	22.099	10.344	0	59	109.539	299	2158	32	31	32.046	20.819	34.997	0.549	1.539	0.650	0.812
385	203	27.842	12.655	2	61	72.426	180	2163	15	24	19.874	13.005	89.607	0.486	1.528	0.654	0.775
386	257	30.805	16.179	2	75	91.255	616	2163	14	36	33.783	9.686	86.993	0.388	3.488	0.287	0.693
387	44	19.023	8.222	5	41	32.971	2564	2183	8	12	11.612	4.825	65.816	0.509	2.407	0.415	0.672
388	164	33.665	15.632	2	69	63.941	1357	2186	11	25	22.503	9.279	86.994	0.504	2.425	0.412	0.770
389	20	10.450	6.460	4	24	19.314	3799	2206	4	8	7.142	3.565	93.897	0.674	2.003	0.499	0.800
390	1634	20.037	9.733	0	60	225.179	1722	2237	37	64	61.863	33.631	80.935	0.405	1.839	0.544	0.853
391	779	19.995	11.015	1	62	167.238	2057	2238	28	55	48.079	20.630	69.030	0.350	2.331	0.429	0.790
392	2096	24.467	12.324	0	68	260.451	2241	2241	37	88	85.253	31.304	89.037	0.388	2.723	0.367	0.815
393	289	16.384	7.809	1	40	82.912	45	2243	18	28	25.011	14.712	96.756	0.528	1.700	0.588	0.786
394	2228	30.550	14.359	1	83	258.208	3952	2243	47	86	85.267	33.269	68.903	0.420	2.563	0.390	0.834
395	883	20.236	9.746	0	53	157.338	3730	2246	28	46	42.607	26.387	89.067	0.448	1.615	0.619	0.845
396	6692	19.645	10.434	0	63	450.801	1248	2251	85	138	128.062	66.534	72.211	0.414	1.925	0.520	0.870
397	131	13.679	7.450	2	45	67.841	3838	2254	14	18	15.488	10.769	63.942	0.358	1.438	0.695	0.665
398	40	19.225	8.135	4	46	36.284	1029	2260	7	11	8.589	5.929	84.079	0.382	1.449	0.690	0.630
399	908	20.666	10.019	0	58	167.238	1152	2266	40	38	38.436	30.079	33.542	0.408	1.278	0.783	0.791
400	65	29.385	13.169	4	57	36.971	2220	2266	7	15	14.388	5.752	71.740	0.598	2.501	0.400	0.818
401	975	24.913	13.159	1	80	226.208	1586	2269	31	76	66.774	18.591	75.384	0.239	3.592	0.278	0.699
402	708	22.585	11.797	0	67	127.882	468	2274	31	36	32.869	27.425	114.685	0.544	1.198	0.834	0.855
403	31	20.194	10.697	2	41	22.728	128	2280	7	7	8.449	4.672	50.074	0.754	1.808	0.553	0.827
404	43	22.791	10.910	1	45	27.556	15	2282	7	10	9.783	5.597	70.016	0.712	1.748	0.572	0.835
405	68	11.647	6.390	1	30	60.770	1366	2290	11	14	11.985	7.224	62.957	0.231	1.659	0.603	0.548
406	889	19.247	8.759	1	59	130.024	1670	2291	30	44	41.911	27.008	90.466	0.661	1.552	0.644	0.882
407	17	18.000	8.923	5	38	18.728	373	2298	5	7	5.731	3.777	68.623	0.609	1.517	0.659	0.694
408	67	22.418	10.228	2	51	35.213	671	2314	10	12	11.050	7.720	68.057	0.679	1.431	0.699	0.757
409	21	19.000	11.082	3	47	20.142	2605	2314	5	8	6.738	3.968	83.915	0.650	1.698	0.589	0.712
410	77	20.922	8.737	2	38	42.042	467	2322	14	10	12.020	8.156	178.812	0.547	1.474	0.679	0.733
411	93	14.043	8.255	2	34	63.012	2929	2323	14	14	12.161	9.737	87.672	0.294	1.249	0.801	0.610
412	53	19.566	10.049	1	45	34.627	3071	2323	9	11	10.177	6.631	62.878	0.555	1.535	0.652	0.721
413	107	34.336	14.767	3	75	42.627	2232	2334	9	17	16.897	8.063	72.077	0.740	2.096	0.477	0.895
414	56	24.804	9.939	6	47	32.627	3322	2340	8	13	11.220	6.355	79.215	0.661	1.766	0.566	0.757
415	159	36.346	12.095	4	66	51.698	41	2349	12	20	18.718	10.815	82.103	0.748	1.731	0.578	0.866
416	2799	25.572	12.934	1	66	292.291	466	2351	57	96	88.006	40.495	72.741	0.412	2.173	0.460	0.832
417	1299	21.936	10.584	1	61	178.894	1130	2356	37	56	53.936	30.665	74.757	0.510	1.759	0.569	0.854
418	58	28.845	11.403	5	58	32.971	1967	2356	8	12	11.891	6.211	71.491	0.670	1.915	0.522	0.806
419	387	20.452	11.617	1	66	92.912	3826	2369	29	23	29.709	16.586	32.068	0.563	1.791	0.558	0.830
420	511	29.127	14.624	1	71	105.497	1650	2371	21	36	32.381	20.093	82.964	0.577	1.612	0.621	0.860
421	144	24.257	11.674	1	52	63.941	389	2372	13	25	25.097	7.306	73.653	0.443	3.435	0.291	0.724
422	29	12.862	8.357	3	34	29.213	2911	2373	7	9	7.924	4.660	71.306	0.427	1.701	0.588	0.598
423	631	19.163	10.403	0	54	153.439	3645	2379	24	52	46.212	17.386	96.783	0.337	2.658	0.376	0.747
424	984	21.901	9.927	0	59	150.510	2768	2392	36	40	39.791	31.486	125.966	0.546	1.264	0.791	0.856
425	225	22.791	11.840	0	54	100.326	1050	2393	11	41	39.071	7.332	83.352	0.281	5.329	0.188	0.684
426	493	36.343	15.083	2	76	109.640	2072	2393	24	36	35.737	17.565	65.736	0.515	2.035	0.492	0.833
427	333	18.096	9.366	0	44	82.669	3826	2401	21	25	25.338	16.733	53.225	0.612	1.514	0.660	0.843
428	1134	19.466	9.525	0	59	162.167	3917	2402	34	51	47.222	30.576	100.203	0.542	1.544	0.648	0.843
429	27	16.852	9.594	1	41	22.142	3488	2413	5	8	7.944	4.327	89.802	0.692	1.836	0.545	0.761
430	389	18.005	8.585	2	53	100.225	400	2415	24	26	26.271	18.853	56.497	0.487	1.393	0.718	0.778
431	52	19.519	11.881	4	48	30.385	447	2417	9	8	9.294	7.124	32.362	0.708	1.305	0.766	0.819
432	32	13.625	6.215	2	23	36.042	1260	2426	10	8	7.060	5.771	153.584	0.310	1.223	0.818	0.500
433	8640	20.205	11.421	0	78	457.144	256	2427	103	125	117.981	93.242	77.326	0.520	1.265	0.790	0.911
434	113	27.354	10.652	3	53	48.527	604	2429	13	15	16.044	8.968	53.748	0.603	1.789	0.559	0.785
435	59	13.305	6.670	2	25	49.941	2107	2429	13	12	9.790	7.673	121.356	0.297	1.276	0.784	0.554
436	58	17.103	11.062	1	47	38.627	2910	2430	8	15	14.893	4.959	76.030	0.488	3.003	0.333	0.725
437	50	19.060	7.419	4	39	29.799	1692	2431	8	11	10.165	6.263	75.551	0.708	1.623	0.616	0.787
438	56	11.821	6.878	1	36	41.456	2111	2437	12	13	13.101	5.442	44.038	0.409	2.407	0.415	0.602
439	21	13.048	6.932	5	32	19.314	2575	2440	4	8	7.761	3.445	81.192	0.707	2.253	0.444	0.824
440	2225	38.929	23.458	1	118	230.794	3650	2451	46	86	82.978	34.141	68.217	0.525	2.430	0.411	0.870
441	255	39.812	15.937	0	86	78.669	2898	2473	16	29	27.867	11.651	67.899	0.518	2.392	0.418	0.810
442	1407	38.523	18.756	0	103	180.309	1986	2476	31	67	65.293	27.437	85.102	0.544	2.380	0.420	0.885
443	547	51.212	20.935	5	98	109.154	2052	2476	21	43	43.074	16.169	75.364	0.577	2.664	0.375	0.875
444	2355	22.141	10.543	0	58	213.380	2257	2478	50	66	64.872	46.222	75.319	0.650	1.403	0.713	0.910
445	36	15.028	7.189	5	31	33.799	3044	2478	8	11	9.770	4.692	69.059	0.396	2.082	0.480	0.571
446	596	19.678	9.818	1	50	127.782	105	2503	25	44	44.820	16.931	71.237	0.459	2.647	0.378	0.803
447	252	32.520	15.115	2	94	66.527	3390	2503	17	23	24.409	13.145	67.927	0.716	1.857	0.539	0.872
448	1696	51.324	27.811	0	143	214.652	170	2505	36	83	80.571	26.801	75.298	0.463	3.006	0.333	0.862
449	337	32.991	15.667	2	76	76.912	1166	2513	20	28	26.524	16.177	67.215	0.716	1.640	0.610	0.876
450	461	23.523	12.337	1	63	109.296	2083	2516	23	33	30.557	19.209	74.834	0.485	1.591	0.629	0.802
451	159	15.830	7.814	1	41	72.426	2470	2516	16	19	16.725	12.104	123.551	0.381	1.382	0.724	0.696
452	623	16.873	8.521	0	42	139.681	3411	2527	30	36	33.232	23.869	70.776	0.401	1.392	0.718	0.763
453	423	39.357	21.331	2	99	93.941	3984	2550	15	39	35.461	15.188	88.181	0.602	2.335	0.428	0.932
454	161	15.273	8.453	1	44	85.012	1385	2551	13	27	22.324	9.183	84.638	0.280	2.431	0.411	0.663
455	103	17.553	8.875	1	45	44.627	2057	2553	11	16	13.916	9.424	71.277	0.650	1.477	0.677	0.780
456	5952	28.602	15.347	0	91	429.245	438	2554	79	137	112.298	67.484	76.132	0.406	1.664	0.601	0.818
457	4381	36.751	19.261	0	106	439.002	257	2584	76	119	105.911	52.667	61.911	0.286	2.011	0.497	0.751
458	53	9.887	5.601	1	24	37.799	1903	2586	6	16	14.477	4.661	89.145	0.466	3.106	0.322	0.702
459	1214	26.174	12.375	0	72	161.823	1802	2600	35	54	53.000	29.164	76.283	0.583	1.817	0.550	0.873
460	1325	15.980	8.321	0	42	181.037	977	2615	48	41	44.690	37.749	173.450	0.508	1.184	0.845	0.853
461	1483	18.051	9.253	0	53	303.505	2715	2617	81	48	71.116	26.551	14.231	0.202	2.678	0.373	0.587
462	1512	34.839	22.045	0	106	175.983	3965	2624	34	61	60.291	31.931	73.052	0.614	1.888	0.530	0.913
463	2447	25.586	14.305	0	72	241.078	1619	2627	55	78	75.315	41.368	62.739	0.529	1.821	0.549	0.877
464	2708	32.611	19.419	0	113	318.777	2645	2628	47	115	104.989	32.841	74.656	0.335	3.197	0.313	0.819
465	4447	21.545	10.139	0	55	342.960	3440	2633	81	86	81.314	69.632	125.844	0.475	1.168	0.856	0.879
466	5240	21.629	10.958	0	71	392.960	2176	2648	85	113	97.598	68.359	69.516	0.426	1.428	0.700	0.825
467	359	18.187	9.746	0	48	132.610	156	2667	24	34	26.563	17.208	102.943	0.257	1.544	0.648	0.640
468	93	14.043	7.892	0	36	56.527	1766	2667	11	16	12.881	9.193	105.053	0.366	1.401	0.714	0.662
469	160	14.469	7.879	1	38	97.497	2788	2672	17	29	26.473	7.695	115.787	0.212	3.440	0.291	0.566
470	108	16.037	7.651	1	39	62.770	1218	2673	12	20	18.976	7.246	105.583	0.344	2.619	0.382	0.647
471	3895	32.815	20.126	0	114	395.345	1796	2681	71	107	106.907	46.389	72.723	0.313	2.305	0.434	0.782
472	553	16.955	9.070	0	51	123.882	755	2686	27	38	32.818	21.455	66.637	0.453	1.530	0.654	0.806
473	56	20.000	10.387	2	41	35.213	293	2701	9	12	12.165	5.861	68.066	0.568	2.075	0.482	0.767
474	79	16.722	8.532	2	42	46.284	314	2703	12	13	11.678	8.613	46.780	0.463	1.356	0.738	0.672
475	96	23.094	9.319	2	47	41.456	3031	2731	12	14	14.282	8.558	43.984	0.702	1.669	0.599	0.814
476	111	12.694	5.936	2	31	68.669	3948	2736	14	17	14.091	10.030	64.468	0.296	1.405	0.712	0.617
477	147	13.973	6.485	1	31	65.598	1140	2737	17	19	16.262	11.509	71.573	0.429	1.413	0.708	0.681
478	216	45.028	16.016	4	87	65.255	1280	2745	16	24	21.905	12.555	73.108	0.637	1.745	0.573	0.814
479	64	12.719	6.326	1	35	56.184	2650	2746	11	16	13.271	6.140	112.704	0.255	2.161	0.463	0.547
480	374	20.719	10.130	0	51	101.296	1101	2753	21	33	30.302	15.715	78.572	0.458	1.928	0.519	0.696
481	37	19.459	8.837	3	34	31.799	981	2754	9	11	9.915	4.751	55.291	0.460	2.087	0.479	0.632
482	554	23.357	11.313	1	61	105.397	683	2755	26	34	31.577	22.338	82.439	0.627	1.414	0.707	0.836
483	3816	34.837	18.911	0	108	334.333	1601	2758	60	119	109.407	44.409	78.375	0.429	2.464	0.406	0.846
484	19	12.105	8.333	3	32	18.142	3140	2763	6	6	6.925	3.494	47.834	0.725	1.982	0.505	0.691
485	405	57.481	20.924	3	112	85.497	336	2774	19	33	30.805	16.739	91.508	0.696	1.840	0.543	0.878
486	470	14.338	7.612	1	43	168.752	1760	2777	26	47	44.883	13.333	73.928	0.207	3.366	0.297	0.610
487	807	27.167	13.929	1	75	156.752	2157	2781	35	49	53.001	19.386	57.179	0.413	2.734	0.366	0.794
488	29	14.241	7.234	3	33	39.456	677	2785	7	12	9.613	3.841	66.563	0.234	2.503	0.400	0.513
489	127	15.268	7.771	2	34	58.184	309	2796	12	20	18.246	8.862	110.934	0.471	2.059	0.486	0.758
490	2556	20.195	10.011	0	58	319.019	466	2808	83	53	79.233	41.074	177.278	0.316	1.929	0.518	0.760
491	1422	38.671	19.723	1	105	228.936	3508	2808	52	81	89.423	20.247	58.141	0.341	4.417	0.226	0.790
492	800	21.471	9.722	1	51	139.782	2459	2818	34	40	35.481	28.708	83.089	0.515	1.236	0.809	0.823
493	380	36.995	14.260	5	73	87.598	674	2819	17	34	33.355	14.505	76.154	0.622	2.299	0.435	0.875
494	1002	15.236	7.969	0	48	185.966	858	2826	39	43	40.764	31.297	46.895	0.364	1.303	0.768	0.815
495	996	18.221	9.530	0	55	164.752	1337	2828	49	36	48.633	26.076	14.962	0.461	1.865	0.536	0.764
496	111	14.009	7.180	2	33	80.669	2639	2845	12	20	16.450	8.591	77.554	0.214	1.915	0.522	0.586
497	546	13.584	7.426	0	42	132.853	3919	2851	28	34	31.886	21.802	68.752	0.389	1.463	0.684	0.758
498	3994	24.094	11.700	0	63	311.120	2338	2852	55	107	106.805	47.613	80.284	0.519	2.243	0.446	0.901
499	130	42.138	16.345	10	78	47.213	2919	2863	10	18	18.153	9.118	79.628	0.733	1.991	0.502	0.897
500	151	26.000	11.833	2	61	54.284	1528	2868	13	19	20.602	9.332	63.233	0.644	2.208	0.453	0.856
501	484	15.942	8.771	1	50	113.882	46	2879	27	32	27.665	22.275	74.380	0.469	1.242	0.805	0.781
502	282	47.131	17.796	4	89	73.598	204	2881	17	28	26.534	13.532	72.871	0.654	1.961	0.510	0.851
503	902	18.192	9.015	0	53	156.066	1177	2890	35	40	37.611	30.535	86.572	0.465	1.232	0.812	0.835
504	24	15.958	8.431	0	31	23.899	410	2896	4	10	9.385	3.256	82.187	0.528	2.882	0.347	0.774
505	1747	21.029	10.231	1	61	220.693	3759	2898	43	63	60.588	36.713	73.608	0.451	1.650	0.606	0.848
506	70	20.314	9.169	1	43	38.627	3300	2901	8	15	14.031	6.352	92.565	0.590	2.209	0.453	0.757
507	156	23.263	9.810	3	49	57.355	2220	2904	12	21	18.542	10.712	77.035	0.596	1.731	0.578	0.804
508	2917	18.167	8.925	0	52	313.019	364	2911	69	87	94.906	39.134	125.289	0.374	2.425	0.412	0.815
509	214	17.780	8.009	1	45	82.326	3610	2914	22	23	24.288	11.219	51.229	0.397	2.165	0.462	0.719
510	115	29.878	12.559	4	61	45.456	525	2933	11	16	15.256	9.598	84.780	0.699	1.590	0.629	0.816
511	84	20.845	11.464	3	60	43.456	2067	2936	9	17	16.442	6.505	79.124	0.559	2.528	0.396	0.778
512	25	17.880	9.554	6	41	20.728	1943	2941	5	8	7.291	4.366	95.731	0.731	1.670	0.599	0.806
513	30	15.900	9.441	4	39	24.142	2190	2941	7	8	9.109	4.193	65.183	0.647	2.172	0.460	0.723
514	16	15.062	9.760	1	32	19.899	3123	2943	4	8	7.410	2.749	113.977	0.508	2.696	0.371	0.696
515	22	13.591	7.576	2	24	21.556	1270	2949	6	8	7.042	3.978	121.510	0.595	1.770	0.565	0.677
516	417	16.511	8.322	0	42	105.397	1812	2954	23	31	28.250	18.795	73.804	0.472	1.503	0.665	0.793
517	349	19.232	9.680	0	51	94.569	198	2956	19	31	32.084	13.850	65.582	0.490	2.316	0.432	0.821
518	1900	24.516	10.531	1	66	199.581	2902	2959	60	40	60.734	39.832	172.205	0.599	1.525	0.656	0.918
519	668	20.707	10.601	1	52	131.640	1907	2962	32	37	36.602	23.237	50.256	0.484	1.575	0.635	0.794
520	456	16.577	8.233	0	43	100.669	3639	2972	29	27	25.074	23.156	132.263	0.565	1.083	0.923	0.805
521	196	26.490	10.913	2	59	57.113	42	2980	19	13	19.273	12.949	177.063	0.755	1.488	0.672	0.869
522	112	37.652	12.946	6	75	50.870	2651	2987	18	12	14.007	10.181	11.989	0.544	1.376	0.727	0.792
523	38	24.737	11.062	6	52	24.728	3128	2987	5	10	9.893	4.890	84.525	0.781	2.023	0.494	0.884
524	116	16.647	8.351	1	36	48.627	1763	2989	18	10	16.272	9.077	174.444	0.616	1.793	0.558	0.847
525	39	22.846	9.424	4	45	34.728	2801	2992	13	7	8.483	5.854	169.934	0.406	1.449	0.690	0.661
