 	Area	Mean	StdDev	Min	Max	Perim.	BX	BY	Width	Height	Major	Minor	Angle	Circ.	AR	Round	Solidity
1	7302	29.354	16.194	0	105	520.558	731	1	148	78	139.899	66.457	179.162	0.339	2.105	0.475	0.735
2	75	52.853	18.649	17	97	49.799	2511	1	22	6	19.657	4.858	2.094	0.380	4.046	0.247	0.758
3	47	22.489	8.361	5	41	29.456	3569	1	11	8	10.746	5.569	157.847	0.681	1.930	0.518	0.752
4	509	51.737	22.830	4	108	112.225	3658	1	43	22	40.954	15.825	23.532	0.508	2.588	0.386	0.834
5	593	44.260	19.311	2	89	99.698	3970	1	29	24	30.349	24.878	173.832	0.750	1.220	0.820	0.941
6	40	25.225	11.579	4	48	29.456	3954	6	9	8	8.913	5.714	27.915	0.579	1.560	0.641	0.696
7	41	37.829	13.031	8	63	24.971	984	8	7	9	7.810	6.684	80.434	0.826	1.169	0.856	0.812
8	621	53.469	24.942	2	122	111.740	2062	33	33	31	33.320	23.730	56.898	0.625	1.404	0.712	0.833
9	553	63.991	31.252	2	140	91.841	1071	43	25	30	31.351	22.459	65.822	0.824	1.396	0.716	0.929
10	54	20.611	9.657	4	44	35.799	3704	46	9	11	9.756	7.047	69.525	0.529	1.384	0.722	0.692
11	30	21.133	8.989	4	38	26.385	3713	54	7	8	7.420	5.148	111.405	0.542	1.442	0.694	0.667
12	774	26.353	13.460	1	80	141.439	2775	58	38	32	36.699	26.853	179.865	0.486	1.367	0.732	0.807
13	72	47.083	14.789	15	80	32.971	3637	61	11	8	11.989	7.646	14.695	0.832	1.568	0.638	0.900
14	199	36.638	14.207	1	75	56.527	2573	68	19	15	18.693	13.554	1.552	0.783	1.379	0.725	0.869
15	59	37.763	13.249	8	65	30.385	2385	84	10	8	11.027	6.813	23.701	0.803	1.619	0.618	0.855
16	307	14.821	8.313	1	51	147.681	3446	90	23	34	27.021	14.466	85.765	0.177	1.868	0.535	0.585
17	913	40.013	17.698	0	98	129.296	3763	92	39	38	43.375	26.801	43.719	0.686	1.618	0.618	0.897
18	513	15.745	8.167	1	42	130.024	2709	109	24	37	33.851	19.295	80.835	0.381	1.754	0.570	0.778
19	72	37.333	12.650	5	64	32.142	2413	116	9	10	10.437	8.784	104.471	0.876	1.188	0.842	0.906
20	41	20.610	11.011	1	44	25.213	3848	116	8	9	8.424	6.197	117.390	0.810	1.360	0.736	0.759
21	1270	35.734	14.519	2	84	159.924	1092	119	51	36	50.367	32.104	177.128	0.624	1.569	0.637	0.878
22	23	27.696	13.022	3	48	19.314	3559	120	7	5	6.972	4.200	21.572	0.775	1.660	0.602	0.852
23	101	39.693	14.689	1	72	42.870	1207	121	16	10	14.877	8.644	161.565	0.691	1.721	0.581	0.838
24	259	29.124	11.678	5	65	65.841	620	125	20	19	18.647	17.685	176.712	0.751	1.054	0.948	0.865
25	392	26.487	11.173	2	59	98.468	2915	125	25	28	29.694	16.808	54.156	0.508	1.767	0.566	0.800
26	928	27.637	12.517	1	60	125.882	249	126	35	37	37.292	31.684	52.973	0.736	1.177	0.850	0.911
27	201	44.363	17.649	2	85	59.355	1890	127	22	15	22.261	11.497	30.967	0.717	1.936	0.516	0.861
28	29	34.276	12.041	10	58	24.385	1836	143	9	7	7.109	5.194	18.458	0.613	1.369	0.731	0.690
29	1400	35.104	16.371	0	88	191.723	161	153	59	47	50.233	35.485	28.862	0.479	1.416	0.706	0.782
30	54	29.981	10.829	4	48	31.799	1982	165	8	12	10.366	6.633	58.142	0.671	1.563	0.640	0.771
31	197	13.645	6.943	0	36	86.083	3594	165	18	20	18.781	13.355	86.115	0.334	1.406	0.711	0.695
32	1601	48.060	26.639	1	146	271.563	1928	176	64	78	82.046	24.845	48.698	0.273	3.302	0.303	0.613
33	71	19.634	10.806	2	47	38.042	406	188	11	12	13.586	6.654	56.810	0.617	2.042	0.490	0.755
34	89	22.056	9.609	2	39	39.213	1732	191	12	11	11.499	9.855	179.770	0.727	1.167	0.857	0.809
35	1763	26.988	13.446	0	72	201.380	2213	192	51	54	59.219	37.905	131.503	0.546	1.562	0.640	0.880
36	738	86.451	40.950	1	163	112.953	3373	208	37	35	42.938	21.884	38.397	0.727	1.962	0.510	0.902
37	8744	37.555	22.521	0	112	477.630	1430	211	97	144	136.990	81.270	68.048	0.482	1.686	0.593	0.851
38	139	29.115	13.021	2	62	49.355	700	212	17	14	15.080	11.736	164.661	0.717	1.285	0.778	0.818
39	40	21.125	8.379	4	37	23.556	1460	223	8	7	8.286	6.147	166.521	0.906	1.348	0.742	0.851
40	291	22.478	10.244	0	48	69.841	2773	223	21	21	20.114	18.421	63.733	0.750	1.092	0.916	0.871
41	372	34.497	15.809	4	80	85.740	319	227	26	23	25.094	18.875	23.733	0.636	1.330	0.752	0.830
42	171	17.561	8.764	1	46	76.326	603	228	16	25	24.616	8.845	65.431	0.369	2.783	0.359	0.695
43	23	10.522	5.575	3	27	20.142	528	237	7	6	7.157	4.092	33.031	0.712	1.749	0.572	0.730
44	4537	36.288	19.195	0	98	341.404	650	240	107	67	99.196	58.235	167.360	0.489	1.703	0.587	0.875
45	25	18.400	8.426	2	34	28.385	2477	249	9	7	6.979	4.561	2.296	0.390	1.530	0.654	0.575
46	25	19.560	10.829	3	42	22.142	1756	260	7	7	6.427	4.953	2.953	0.641	1.298	0.771	0.676
47	20	24.600	10.034	7	40	16.728	1014	268	6	5	6.703	3.799	31.838	0.898	1.764	0.567	0.816
48	89	27.360	11.416	1	57	36.971	3673	268	9	12	12.838	8.826	80.935	0.818	1.455	0.688	0.899
49	290	25.866	13.637	2	73	139.196	3925	269	26	39	32.022	11.531	64.195	0.188	2.777	0.360	0.544
50	72	17.681	9.055	1	42	40.627	2150	270	8	14	14.739	6.220	92.679	0.548	2.370	0.422	0.750
51	45	36.311	9.276	18	57	26.385	187	273	9	8	8.410	6.813	9.994	0.812	1.234	0.810	0.811
52	69	32.362	8.802	10	56	33.213	398	274	11	9	11.668	7.529	34.868	0.786	1.550	0.645	0.852
53	19	19.474	6.769	7	29	16.728	1792	286	5	6	5.829	4.150	49.480	0.853	1.404	0.712	0.809
54	17	23.706	9.054	7	40	15.899	1696	287	6	4	6.643	3.258	20.328	0.845	2.039	0.490	0.850
55	71	40.000	11.384	6	67	31.799	1581	291	9	11	10.490	8.618	104.667	0.882	1.217	0.822	0.877
56	18	16.667	7.507	5	33	15.899	347	299	4	6	6.420	3.570	74.305	0.895	1.798	0.556	0.857
57	52	12.500	5.617	3	23	31.213	1618	302	11	9	10.260	6.453	141.209	0.671	1.590	0.629	0.770
58	291	35.137	14.483	5	75	74.083	571	306	22	21	22.604	16.391	46.688	0.666	1.379	0.725	0.852
59	2832	35.011	16.277	0	91	318.676	2276	325	84	65	65.788	54.810	165.865	0.350	1.200	0.833	0.752
60	81	24.235	11.521	1	44	44.284	3870	326	11	15	12.060	8.552	79.517	0.519	1.410	0.709	0.704
61	1343	40.786	18.574	1	96	223.622	1248	328	53	66	76.462	22.364	118.806	0.337	3.419	0.292	0.699
62	20	28.000	11.608	8	49	18.728	3854	329	7	5	7.365	3.458	29.046	0.717	2.130	0.470	0.741
63	294	48.554	22.228	5	103	73.012	2547	331	25	18	26.050	14.370	12.994	0.693	1.813	0.552	0.847
64	19	15.316	8.320	3	31	18.142	3009	334	6	6	6.063	3.990	53.995	0.725	1.520	0.658	0.731
65	69	28.333	11.357	7	53	38.042	3981	337	14	8	12.735	6.899	3.712	0.599	1.846	0.542	0.762
66	170	45.847	15.479	5	76	53.698	3364	340	15	17	17.971	12.045	50.465	0.741	1.492	0.670	0.856
67	33	18.182	10.798	2	44	25.799	575	363	7	9	8.602	4.885	78.825	0.623	1.761	0.568	0.710
68	27	39.148	9.380	16	54	19.314	15	367	6	6	6.020	5.710	170.064	0.910	1.054	0.948	0.857
69	25	15.080	8.490	4	33	22.728	2362	374	8	6	7.545	4.219	34.373	0.608	1.788	0.559	0.714
70	172	19.703	9.579	1	47	56.284	2160	387	18	15	17.653	12.406	145.266	0.682	1.423	0.703	0.841
71	494	22.951	9.179	1	56	92.569	199	388	28	26	26.907	23.376	31.175	0.724	1.151	0.869	0.879
72	45	38.222	13.129	5	68	26.971	1387	392	9	8	8.778	6.528	21.439	0.777	1.345	0.744	0.811
73	2221	47.740	25.938	0	129	203.966	1421	397	64	49	64.253	44.011	20.365	0.671	1.460	0.685	0.910
74	56	21.054	10.143	2	47	32.042	1727	403	9	11	12.300	5.797	50.502	0.685	2.122	0.471	0.800
75	338	76.636	31.275	3	137	71.012	2011	412	24	19	23.799	18.083	178.858	0.842	1.316	0.760	0.914
76	217	27.894	10.646	2	51	60.770	3059	444	19	17	17.715	15.597	164.476	0.738	1.136	0.880	0.865
77	327	41.465	17.136	1	76	78.083	626	447	22	23	20.568	20.242	172.240	0.674	1.016	0.984	0.843
78	44	49.409	14.392	5	70	25.556	2509	449	8	8	7.866	7.122	92.485	0.847	1.104	0.905	0.830
79	330	46.909	24.192	1	111	89.841	3515	450	29	22	27.019	15.551	31.574	0.514	1.737	0.576	0.742
80	55	31.436	12.460	7	61	32.142	3991	450	8	11	9.628	7.273	76.221	0.669	1.324	0.755	0.827
81	684	61.316	27.050	2	128	109.740	1257	453	38	27	40.894	21.297	157.190	0.714	1.920	0.521	0.910
82	278	24.558	13.550	1	63	121.882	1490	453	32	23	27.119	13.052	28.248	0.235	2.078	0.481	0.575
83	131	31.756	15.504	3	69	47.113	3273	454	15	15	16.265	10.255	41.607	0.742	1.586	0.630	0.837
84	1605	32.589	16.992	0	84	177.823	132	462	53	43	51.877	39.393	8.668	0.638	1.317	0.759	0.899
85	734	17.106	8.611	0	49	138.024	3052	465	34	32	33.076	28.255	151.830	0.484	1.171	0.854	0.831
86	51	41.647	16.422	7	70	28.142	71	466	9	8	8.230	7.890	175.209	0.809	1.043	0.959	0.843
87	248	25.730	10.637	5	57	81.012	1191	468	22	21	20.198	15.634	53.268	0.475	1.292	0.774	0.775
88	1063	21.988	10.823	0	59	201.622	3564	470	48	44	43.942	30.801	144.267	0.329	1.427	0.701	0.738
89	336	68.643	27.107	3	116	70.426	2324	478	24	20	23.601	18.127	15.627	0.851	1.302	0.768	0.908
90	281	28.662	12.259	4	61	76.669	3707	485	23	21	22.971	15.576	39.780	0.601	1.475	0.678	0.817
91	277	56.394	23.096	7	107	73.255	2754	486	28	17	27.813	12.681	18.733	0.649	2.193	0.456	0.871
92	34	17.941	7.707	4	35	28.627	2023	492	8	9	7.845	5.518	70.357	0.521	1.422	0.703	0.648
93	3535	38.861	20.457	0	102	252.108	3368	494	72	71	74.125	60.721	38.543	0.699	1.221	0.819	0.910
94	86	25.023	12.516	3	56	52.870	1363	495	15	14	15.270	7.171	37.651	0.387	2.129	0.470	0.647
95	938	18.215	8.532	0	48	141.681	2775	506	31	46	42.140	28.341	82.951	0.587	1.487	0.673	0.873
96	37	35.865	11.321	4	53	24.385	1514	509	9	7	8.273	5.694	29.395	0.782	1.453	0.688	0.787
97	27	23.667	9.770	5	44	24.142	1336	510	6	9	6.717	5.118	99.139	0.582	1.313	0.762	0.684
98	56	40.232	9.665	20	61	27.799	3971	514	9	9	8.779	8.122	55.231	0.911	1.081	0.925	0.848
99	239	59.908	20.638	6	110	61.355	738	522	16	21	19.712	15.437	108.318	0.798	1.277	0.783	0.892
100	36	26.917	12.387	5	49	22.728	3832	525	7	7	8.055	5.690	49.152	0.876	1.416	0.706	0.857
101	255	48.431	16.096	7	107	66.184	2073	528	20	20	19.723	16.462	29.264	0.732	1.198	0.835	0.869
102	28	27.929	9.116	8	46	19.899	1332	529	5	7	6.788	5.252	85.748	0.889	1.293	0.774	0.903
103	81	22.148	10.760	1	42	38.042	3722	529	12	12	14.382	7.171	53.799	0.703	2.006	0.499	0.831
104	24	14.417	7.378	3	30	20.142	1766	536	6	6	5.903	5.176	153.499	0.743	1.140	0.877	0.774
105	79	25.924	12.941	5	56	43.213	2928	545	15	8	14.433	6.969	9.093	0.532	2.071	0.483	0.778
106	20	13.350	5.566	2	23	17.314	1101	551	6	5	7.074	3.600	30.803	0.838	1.965	0.509	0.851
107	533	25.961	13.121	0	61	107.640	163	556	28	31	32.207	21.071	52.281	0.578	1.528	0.654	0.846
108	25	26.840	12.893	5	48	18.728	3338	560	6	6	6.066	5.248	53.562	0.896	1.156	0.865	0.833
109	276	52.688	23.210	3	99	63.355	3228	561	21	18	21.387	16.431	25.537	0.864	1.302	0.768	0.912
110	197	26.076	12.692	4	58	91.255	1284	565	17	31	29.696	8.446	101.785	0.297	3.516	0.284	0.546
111	124	60.831	16.712	12	101	41.556	133	567	13	11	13.835	11.411	18.942	0.902	1.212	0.825	0.936
112	1056	41.140	19.377	1	93	144.267	2648	567	36	45	40.349	33.323	109.052	0.638	1.211	0.826	0.877
113	8020	27.681	13.903	0	84	456.357	3835	570	114	110	115.709	88.251	36.296	0.484	1.311	0.763	0.892
114	1280	34.269	15.639	1	87	156.167	415	571	50	37	48.771	33.416	4.087	0.660	1.460	0.685	0.907
115	388	23.041	11.261	2	62	92.225	1818	572	27	30	31.182	15.843	49.426	0.573	1.968	0.508	0.809
116	16	22.375	9.010	8	37	17.314	3113	573	4	7	6.809	2.992	109.718	0.671	2.276	0.439	0.744
117	88	26.773	10.596	5	54	38.284	2067	581	11	12	11.194	10.009	95.766	0.754	1.118	0.894	0.822
118	393	35.496	14.837	2	76	104.569	3093	583	27	31	33.347	15.005	49.490	0.452	2.222	0.450	0.730
119	636	24.498	13.594	1	72	106.468	2474	584	30	33	32.492	24.922	123.318	0.705	1.304	0.767	0.880
120	89	24.438	7.933	6	39	41.456	842	596	14	11	11.438	9.908	136.733	0.651	1.154	0.866	0.767
121	28	27.143	9.702	8	46	19.899	3670	599	7	5	7.023	5.077	9.944	0.889	1.383	0.723	0.889
122	536	47.771	20.744	3	110	114.953	1026	610	31	37	35.116	19.434	51.393	0.510	1.807	0.553	0.762
123	50	20.020	10.436	1	53	35.799	1113	610	11	9	10.106	6.300	8.428	0.490	1.604	0.623	0.680
124	37	32.811	11.010	12	60	22.971	2891	620	8	7	7.585	6.211	37.054	0.881	1.221	0.819	0.831
125	474	23.960	10.329	0	56	106.953	3472	621	26	34	28.533	21.151	93.358	0.521	1.349	0.741	0.775
126	1199	38.592	19.626	1	96	168.167	298	635	46	45	45.884	33.271	44.593	0.533	1.379	0.725	0.837
127	92	35.217	14.360	5	71	37.113	59	636	13	12	12.372	9.468	50.587	0.839	1.307	0.765	0.844
128	188	56.968	16.202	8	98	53.698	3657	639	17	14	17.350	13.796	177.267	0.819	1.258	0.795	0.895
129	592	22.269	10.451	2	55	118.125	190	641	26	37	32.798	22.982	81.530	0.533	1.427	0.701	0.815
130	2097	30.637	15.357	0	84	271.120	1671	642	68	73	52.421	50.934	88.569	0.358	1.029	0.972	0.697
131	97	29.722	13.397	4	66	52.870	3225	647	9	19	14.793	8.349	82.678	0.436	1.772	0.564	0.711
132	108	45.389	14.343	10	75	42.042	376	648	11	14	13.301	10.338	107.391	0.768	1.287	0.777	0.857
133	266	19.684	9.797	0	53	66.426	1623	649	22	19	20.915	16.193	164.886	0.758	1.292	0.774	0.864
134	60	19.183	9.302	2	49	35.213	3986	661	12	8	11.876	6.433	162.546	0.608	1.846	0.542	0.759
135	24	25.083	10.814	1	46	19.314	734	668	5	7	7.457	4.098	77.021	0.809	1.820	0.550	0.828
136	93	17.989	8.946	2	39	38.042	1832	677	11	13	12.416	9.537	125.109	0.808	1.302	0.768	0.849
137	251	64.323	28.537	3	130	73.355	414	682	17	26	25.863	12.357	68.491	0.586	2.093	0.478	0.815
138	4104	33.156	17.281	0	100	324.777	1389	683	95	70	89.139	58.620	168.094	0.489	1.521	0.658	0.858
139	682	30.032	14.091	1	70	182.409	3285	683	34	71	80.990	10.722	68.590	0.258	7.554	0.132	0.753
140	639	18.047	8.825	0	44	126.953	2023	687	34	32	29.997	27.122	142.689	0.498	1.106	0.904	0.808
141	92	46.348	13.501	15	73	39.213	1208	694	13	11	12.253	9.560	40.084	0.752	1.282	0.780	0.825
142	299	24.696	13.192	0	54	73.255	3241	713	21	25	22.542	16.888	58.947	0.700	1.335	0.749	0.841
143	2509	32.928	14.547	0	88	229.765	2822	720	61	57	58.763	54.364	24.352	0.597	1.081	0.925	0.895
144	30	28.600	13.584	7	54	21.556	1195	728	8	6	7.798	4.898	174.721	0.811	1.592	0.628	0.822
145	951	49.111	25.339	2	133	130.125	448	731	43	34	39.944	30.313	173.746	0.706	1.318	0.759	0.880
146	57	16.947	8.123	2	31	34.042	2500	737	10	10	8.905	8.150	176.050	0.618	1.093	0.915	0.750
147	251	20.454	11.255	1	53	63.941	3804	738	19	18	19.325	16.537	16.825	0.771	1.169	0.856	0.885
148	67	20.045	8.262	7	38	35.799	889	741	8	13	12.802	6.664	81.864	0.657	1.921	0.521	0.832
149	5750	37.168	21.528	0	102	393.730	492	752	115	88	103.476	70.752	25.377	0.466	1.463	0.684	0.840
150	331	32.595	16.050	1	80	91.983	3919	755	18	34	30.605	13.770	91.028	0.492	2.223	0.450	0.753
151	73	39.726	10.149	17	68	32.385	3577	756	12	8	12.324	7.542	167.268	0.875	1.634	0.612	0.885
152	1440	33.828	15.576	1	87	198.066	2423	770	47	53	43.250	42.392	86.801	0.461	1.020	0.980	0.783
153	209	20.722	8.768	1	45	71.598	3086	772	25	17	23.144	11.498	16.960	0.512	2.013	0.497	0.735
154	170	35.947	12.925	3	75	69.012	3651	774	14	25	24.119	8.974	74.580	0.449	2.687	0.372	0.676
155	472	21.377	11.468	0	63	121.882	3395	779	48	20	39.718	15.131	4.381	0.399	2.625	0.381	0.746
156	17	13.471	6.145	2	25	19.556	989	783	7	6	5.578	3.881	43.168	0.559	1.437	0.696	0.596
157	16	27.375	10.856	8	48	17.314	1472	792	6	5	6.479	3.144	40.080	0.671	2.061	0.485	0.711
158	913	30.266	15.444	1	74	123.539	3772	811	41	35	39.223	29.637	25.517	0.752	1.323	0.756	0.900
159	148	23.453	11.197	1	52	91.497	2947	818	33	13	22.606	8.336	15.882	0.222	2.712	0.369	0.562
160	149	66.128	27.599	2	118	54.870	164	822	22	11	20.763	9.137	7.680	0.622	2.272	0.440	0.849
161	1480	51.780	27.864	1	125	174.995	3213	824	50	46	44.144	42.687	173.389	0.607	1.034	0.967	0.855
162	228	37.342	16.210	3	78	71.012	3270	826	21	19	23.081	12.578	34.849	0.568	1.835	0.545	0.797
163	155	83.961	22.647	7	124	50.527	2686	828	16	15	15.789	12.499	128.174	0.763	1.263	0.792	0.842
164	160	31.113	10.923	4	57	54.184	2955	847	14	18	17.138	11.887	109.653	0.685	1.442	0.694	0.827
165	38	37.211	14.622	12	67	22.728	2998	849	7	7	7.303	6.625	138.202	0.924	1.102	0.907	0.874
166	524	24.922	12.828	0	75	103.054	3774	850	25	36	33.068	20.176	104.490	0.620	1.639	0.610	0.831
167	60	12.200	6.774	2	32	58.184	390	853	13	14	9.749	7.836	22.981	0.223	1.244	0.804	0.486
168	1851	27.459	12.580	0	75	193.380	1290	856	57	47	55.167	42.721	167.380	0.622	1.291	0.774	0.894
169	1668	47.579	25.889	1	138	197.137	2107	872	56	53	59.164	35.896	140.548	0.539	1.648	0.607	0.829
170	18	14.889	6.703	1	25	20.142	1594	873	5	8	6.344	3.613	80.783	0.558	1.756	0.570	0.667
171	22	27.591	11.648	10	58	17.899	493	874	5	6	6.028	4.647	67.125	0.863	1.297	0.771	0.846
172	893	48.649	23.940	2	113	133.782	1814	878	40	34	36.940	30.780	178.581	0.627	1.200	0.833	0.869
173	1129	24.029	11.660	0	61	166.409	3588	880	50	38	48.241	29.798	12.377	0.512	1.619	0.618	0.841
174	91	20.154	9.468	3	42	40.284	765	881	15	10	13.182	8.790	0.759	0.705	1.500	0.667	0.809
175	96	41.167	11.686	5	67	39.456	3345	885	13	12	12.866	9.500	40.469	0.775	1.354	0.738	0.807
176	131	47.527	15.038	1	82	47.456	3768	889	15	13	13.840	12.052	10.834	0.731	1.148	0.871	0.840
177	37	43.973	13.332	16	69	22.728	3981	889	8	6	7.638	6.168	170.299	0.900	1.238	0.807	0.881
178	30	24.100	10.196	4	48	22.142	2365	912	7	7	7.309	5.226	145.641	0.769	1.399	0.715	0.779
179	1600	55.821	31.660	0	137	161.581	1070	932	53	45	56.111	36.306	34.631	0.770	1.546	0.647	0.927
180	20	23.150	10.080	4	39	17.556	2800	937	6	6	5.477	4.649	108.083	0.815	1.178	0.849	0.755
181	211	53.621	17.988	8	100	55.941	3038	944	18	17	18.986	14.150	36.639	0.847	1.342	0.745	0.900
182	349	16.074	9.161	0	52	88.083	381	947	25	24	23.682	18.764	123.389	0.565	1.262	0.792	0.792
183	195	20.918	9.504	1	43	60.527	3911	950	17	17	16.664	14.900	20.833	0.669	1.118	0.894	0.828
184	53	42.491	14.203	2	70	27.799	1858	953	9	9	8.983	7.512	36.345	0.862	1.196	0.836	0.841
185	32	24.594	8.809	8	43	30.385	986	954	7	11	9.320	4.372	58.870	0.436	2.132	0.469	0.621
186	576	18.538	8.725	2	45	112.468	3504	959	32	25	30.628	23.945	1.835	0.572	1.279	0.782	0.845
187	2880	32.708	17.857	0	95	266.492	1116	962	73	79	90.737	40.413	51.489	0.510	2.245	0.445	0.835
188	85	41.141	15.600	10	74	36.870	1948	964	14	10	14.773	7.326	21.122	0.786	2.017	0.496	0.846
189	242	23.537	11.472	2	53	59.698	3115	971	16	19	19.101	16.131	85.053	0.853	1.184	0.845	0.922
190	2452	40.740	20.395	1	106	232.350	1703	979	47	79	74.781	41.748	83.855	0.571	1.791	0.558	0.874
191	666	32.652	17.446	2	82	121.196	562	985	38	30	38.622	21.956	25.786	0.570	1.759	0.568	0.826
192	374	16.992	8.424	1	45	91.154	258	989	24	23	22.485	21.178	1.706	0.566	1.062	0.942	0.835
193	94	22.436	8.955	7	42	45.456	357	991	12	12	11.041	10.840	1.206	0.572	1.019	0.982	0.793
194	301	47.528	15.215	4	90	72.669	1201	995	19	24	23.190	16.526	76.068	0.716	1.403	0.713	0.864
195	18	15.944	7.727	6	37	16.728	2851	998	5	6	5.135	4.463	131.481	0.808	1.150	0.869	0.766
196	37	23.405	11.026	5	48	22.728	249	1003	7	7	7.450	6.323	99.957	0.900	1.178	0.849	0.881
197	430	76.188	31.199	7	139	80.669	3335	1009	25	24	25.154	21.766	32.718	0.830	1.156	0.865	0.903
198	226	22.040	10.744	0	61	68.426	54	1020	17	21	19.395	14.836	68.603	0.607	1.307	0.765	0.793
199	692	24.353	10.681	1	54	133.439	2840	1021	33	36	36.490	24.146	46.885	0.488	1.511	0.662	0.836
200	163	27.613	13.596	3	62	53.698	3021	1029	15	14	15.704	13.215	26.790	0.710	1.188	0.842	0.865
201	18	22.667	7.693	13	39	17.314	3548	1038	5	6	5.653	4.055	81.000	0.755	1.394	0.717	0.766
202	64	44.953	12.896	5	71	30.627	2967	1046	9	11	9.847	8.276	119.465	0.857	1.190	0.840	0.842
203	237	20.190	9.647	0	48	77.941	3984	1048	15	27	24.736	12.199	71.533	0.490	2.028	0.493	0.809
204	1046	33.347	14.879	0	78	178.066	3814	1049	33	65	60.579	21.985	84.943	0.415	2.756	0.363	0.755
205	92	46.489	14.458	8	72	38.042	1217	1067	11	13	12.300	9.523	66.904	0.799	1.292	0.774	0.833
206	62	29.226	11.840	6	50	31.213	2399	1068	12	8	11.659	6.771	159.602	0.800	1.722	0.581	0.861
207	31	32.935	10.711	13	53	21.556	2826	1071	7	7	6.466	6.104	30.175	0.838	1.059	0.944	0.805
208	26	25.538	9.454	11	46	23.556	3240	1074	8	5	7.985	4.146	170.389	0.589	1.926	0.519	0.732
209	18	22.222	9.819	6	39	16.728	1787	1080	5	6	5.631	4.070	112.885	0.808	1.383	0.723	0.783
210	368	47.519	19.806	2	100	74.426	834	1084	22	23	22.677	20.662	69.134	0.835	1.098	0.911	0.903
211	143	31.091	11.493	1	54	45.456	1533	1084	14	14	15.392	11.829	43.017	0.870	1.301	0.769	0.897
212	227	29.855	11.710	0	62	69.355	2751	1084	18	18	19.697	14.674	129.432	0.593	1.342	0.745	0.842
213	194	16.567	8.559	2	42	71.841	346	1085	20	19	22.517	10.970	134.259	0.472	2.053	0.487	0.758
214	194	36.010	13.190	4	67	59.598	2702	1087	19	17	16.303	15.151	159.954	0.686	1.076	0.929	0.820
215	28	16.036	9.379	1	35	19.556	3351	1089	7	6	7.379	4.831	34.388	0.920	1.527	0.655	0.848
216	16	11.938	4.597	3	18	24.728	2742	1092	8	5	6.476	3.146	11.240	0.329	2.059	0.486	0.516
217	163	29.387	12.776	0	63	56.770	2728	1103	19	14	17.596	11.795	173.046	0.636	1.492	0.670	0.797
218	52	21.615	7.418	5	40	40.870	484	1111	12	13	14.654	4.518	50.415	0.391	3.244	0.308	0.619
219	143	45.986	14.897	8	76	47.941	2842	1114	16	15	17.794	10.232	42.021	0.782	1.739	0.575	0.856
220	298	25.772	10.635	2	55	71.841	2882	1114	21	21	20.035	18.938	117.045	0.726	1.058	0.945	0.851
221	275	16.204	8.236	1	40	72.426	839	1115	19	22	21.344	16.405	105.522	0.659	1.301	0.769	0.838
222	19	19.842	6.265	4	27	19.314	738	1124	5	7	7.168	3.375	72.379	0.640	2.124	0.471	0.717
223	708	20.982	9.274	1	55	121.296	392	1134	33	35	38.375	23.490	43.549	0.605	1.634	0.612	0.858
224	1261	27.572	12.333	0	74	183.480	661	1141	39	51	48.464	33.129	100.226	0.471	1.463	0.684	0.848
225	3189	37.759	18.195	0	91	324.191	3558	1151	109	47	109.437	37.102	179.602	0.381	2.950	0.339	0.821
226	2912	39.274	20.590	1	123	268.836	2250	1152	87	51	83.493	44.407	7.787	0.506	1.880	0.532	0.833
227	2196	25.182	12.265	0	68	214.451	3163	1152	57	56	53.593	52.171	50.944	0.600	1.027	0.973	0.894
228	238	56.244	18.734	6	102	63.598	1793	1166	20	18	19.163	15.813	24.562	0.739	1.212	0.825	0.870
229	3301	33.974	16.624	0	86	280.534	3270	1169	66	80	75.521	55.653	112.827	0.527	1.357	0.737	0.873
230	27	12.296	5.876	4	26	24.971	395	1174	5	10	9.238	3.721	86.848	0.544	2.483	0.403	0.684
231	28	25.821	11.146	6	43	21.556	3153	1179	8	6	8.166	4.366	41.984	0.757	1.871	0.535	0.789
232	3784	32.469	15.439	0	87	283.463	2179	1196	76	75	78.151	61.649	41.452	0.592	1.268	0.789	0.891
233	1519	30.943	15.225	0	83	248.735	1323	1197	57	51	48.126	40.188	35.930	0.309	1.198	0.835	0.740
234	214	33.813	15.789	3	77	70.184	3559	1197	17	26	24.638	11.059	66.706	0.546	2.228	0.449	0.771
235	130	23.985	10.338	2	50	49.941	1876	1203	16	15	13.271	12.472	94.473	0.655	1.064	0.940	0.790
236	99	18.384	7.755	1	38	44.284	3858	1206	12	15	13.438	9.380	79.199	0.634	1.433	0.698	0.756
237	2557	43.117	26.506	0	112	215.137	1058	1209	60	61	63.226	51.492	132.986	0.694	1.228	0.814	0.918
238	33	19.879	11.728	0	48	24.728	1447	1212	5	9	9.353	4.493	75.177	0.678	2.082	0.480	0.825
239	37	28.027	10.273	9	50	23.556	525	1233	8	7	7.477	6.301	10.335	0.838	1.187	0.843	0.804
240	43	27.628	10.711	8	47	34.627	1973	1237	9	9	8.777	6.238	113.046	0.451	1.407	0.711	0.672
241	21	15.429	6.675	4	26	22.385	3834	1239	8	5	7.372	3.627	166.395	0.527	2.033	0.492	0.627
242	61	28.443	11.417	12	56	36.042	755	1268	13	8	12.394	6.266	13.423	0.590	1.978	0.506	0.744
243	254	31.102	15.691	2	71	78.083	674	1274	23	23	25.223	12.822	43.551	0.524	1.967	0.508	0.770
244	2275	26.332	11.384	0	69	230.936	496	1286	72	47	70.008	41.375	163.623	0.536	1.692	0.591	0.889
245	81	27.173	12.780	6	73	34.627	3004	1287	10	12	11.738	8.786	106.785	0.849	1.336	0.749	0.853
246	92	37.185	12.678	7	67	41.698	2725	1293	10	14	12.704	9.221	71.953	0.665	1.378	0.726	0.793
247	1560	37.440	19.628	1	89	169.823	1599	1299	46	49	46.440	42.770	66.932	0.680	1.086	0.921	0.907
248	54	25.167	11.142	3	48	31.799	3014	1301	9	11	12.645	5.437	55.041	0.671	2.326	0.430	0.783
249	51	29.961	10.910	10	51	26.728	2204	1310	8	8	8.404	7.727	29.352	0.897	1.088	0.919	0.903
250	1575	25.636	13.694	0	71	213.522	1963	1313	45	69	59.814	33.526	71.540	0.434	1.784	0.561	0.807
251	17	16.706	8.894	5	37	20.728	3106	1313	7	6	5.817	3.721	27.280	0.497	1.563	0.640	0.630
252	164	16.963	7.983	0	41	49.456	2742	1317	13	17	16.266	12.837	81.122	0.843	1.267	0.789	0.889
253	37	30.405	12.402	8	52	22.728	737	1323	8	6	7.548	6.242	168.630	0.900	1.209	0.827	0.871
254	96	32.125	14.400	3	71	45.698	3716	1323	16	12	15.134	8.077	150.462	0.578	1.874	0.534	0.727
255	47	26.362	10.625	5	48	28.142	3242	1333	9	8	8.689	6.887	170.490	0.746	1.262	0.793	0.832
256	401	17.304	8.863	1	45	98.811	908	1339	25	26	24.110	21.177	55.105	0.516	1.139	0.878	0.792
257	88	25.125	10.859	1	55	44.042	760	1348	10	15	13.698	8.180	69.180	0.570	1.675	0.597	0.772
258	87	50.069	12.948	11	79	36.042	2250	1352	12	11	12.165	9.106	20.902	0.842	1.336	0.749	0.841
259	16	22.375	7.641	10	37	20.728	3077	1371	8	4	6.943	2.934	10.136	0.468	2.366	0.423	0.653
260	50	30.580	11.161	5	49	28.627	3480	1371	11	8	10.053	6.333	7.515	0.767	1.588	0.630	0.781
261	502	41.016	15.097	2	88	99.397	571	1373	27	30	28.187	22.676	107.311	0.639	1.243	0.804	0.830
262	18	18.556	9.538	2	38	22.971	2389	1386	5	9	7.362	3.113	111.901	0.429	2.365	0.423	0.590
263	54	25.204	11.146	6	54	30.385	1797	1391	8	11	9.523	7.220	78.936	0.735	1.319	0.758	0.794
264	920	50.183	27.094	2	115	124.953	3900	1397	39	37	40.939	28.613	38.888	0.740	1.431	0.699	0.909
265	44	14.977	9.500	1	41	35.213	786	1400	12	9	13.325	4.204	141.014	0.446	3.169	0.316	0.624
266	25	22.400	8.954	10	46	19.899	67	1439	7	5	6.096	5.222	8.045	0.793	1.167	0.857	0.833
267	1073	34.145	17.767	1	93	159.581	1688	1440	44	49	44.002	31.048	118.977	0.529	1.417	0.706	0.796
268	6322	35.171	21.766	0	125	446.558	267	1455	104	117	101.874	79.013	67.993	0.398	1.289	0.776	0.801
269	146	48.466	17.336	3	83	47.698	552	1478	14	16	14.174	13.115	68.480	0.806	1.081	0.925	0.861
270	31	16.032	7.382	4	32	21.314	2288	1482	7	6	6.929	5.697	19.258	0.858	1.216	0.822	0.861
271	35	23.029	9.170	4	41	26.142	2304	1490	8	8	7.780	5.728	23.338	0.644	1.358	0.736	0.745
272	253	13.794	6.775	0	33	78.426	2486	1490	17	23	22.525	14.301	80.350	0.517	1.575	0.635	0.801
273	4723	44.646	25.122	0	128	309.563	393	1503	76	92	90.201	66.668	90.412	0.619	1.353	0.739	0.879
274	347	52.738	19.877	5	94	76.083	166	1508	27	20	25.950	17.026	160.881	0.753	1.524	0.656	0.874
275	37	25.865	10.315	7	48	23.556	1298	1536	7	8	7.330	6.427	98.793	0.838	1.140	0.877	0.813
276	280	24.382	13.468	1	79	66.527	731	1538	18	22	20.791	17.148	104.965	0.795	1.212	0.825	0.897
277	488	45.770	21.843	1	106	92.912	2851	1546	28	26	26.374	23.559	6.279	0.710	1.120	0.893	0.873
278	264	20.750	9.467	1	50	69.841	574	1548	20	23	19.574	17.172	75.349	0.680	1.140	0.877	0.822
279	3319	35.265	17.651	0	100	378.032	1982	1552	118	62	91.694	46.087	4.092	0.292	1.990	0.503	0.701
280	256	36.797	15.674	4	70	64.527	1923	1556	18	20	19.875	16.400	61.423	0.773	1.212	0.825	0.878
281	1640	34.564	15.088	1	81	184.794	2349	1557	50	52	47.474	43.985	121.597	0.604	1.079	0.927	0.883
282	16	18.312	7.300	7	32	15.314	2735	1558	4	6	5.666	3.596	79.722	0.857	1.576	0.635	0.800
283	34	34.176	11.129	13	56	22.385	2681	1560	8	7	7.298	5.932	143.937	0.853	1.230	0.813	0.791
284	65	24.831	9.058	4	44	32.385	1386	1561	12	8	11.233	7.368	10.651	0.779	1.525	0.656	0.850
285	28	15.036	8.190	2	28	35.213	2944	1571	9	9	7.626	4.675	142.684	0.284	1.631	0.613	0.496
286	300	33.043	13.977	2	69	72.426	1	1574	22	22	24.192	15.789	44.366	0.719	1.532	0.653	0.850
287	116	47.698	16.541	2	85	46.627	3103	1585	14	13	14.043	10.518	46.753	0.670	1.335	0.749	0.817
288	58	16.845	7.154	3	35	39.456	2489	1607	12	11	9.944	7.426	39.858	0.468	1.339	0.747	0.644
289	17	24.000	11.113	2	43	15.314	945	1609	5	5	5.256	4.118	125.294	0.911	1.276	0.783	0.810
290	134	40.761	14.657	4	72	47.113	2587	1615	12	16	15.584	10.948	98.829	0.759	1.423	0.703	0.854
291	154	21.078	9.647	2	43	55.941	424	1617	14	18	16.799	11.672	73.284	0.618	1.439	0.695	0.790
292	242	18.393	9.462	1	50	75.012	968	1618	17	24	21.210	14.527	75.822	0.540	1.460	0.685	0.791
293	227	43.295	16.233	3	81	67.841	2793	1623	22	20	23.638	12.227	131.110	0.620	1.933	0.517	0.825
294	5371	42.520	24.307	0	125	360.475	2940	1629	71	128	121.206	56.421	85.705	0.519	2.148	0.465	0.844
295	107	14.617	7.233	1	33	75.255	2853	1631	14	18	13.801	9.872	91.503	0.237	1.398	0.715	0.580
296	477	18.784	9.267	0	48	114.468	3701	1637	20	36	35.908	16.913	95.057	0.457	2.123	0.471	0.787
297	285	54.986	21.426	3	101	71.497	3255	1649	23	19	22.715	15.975	148.927	0.701	1.422	0.703	0.851
298	5495	40.894	24.674	1	132	383.588	3159	1654	95	105	98.886	70.753	62.244	0.469	1.398	0.716	0.858
299	3336	33.954	17.782	1	119	403.588	2818	1661	81	110	86.534	49.085	114.813	0.257	1.763	0.567	0.649
300	166	30.608	13.020	3	62	62.184	453	1666	18	21	21.922	9.642	50.647	0.539	2.274	0.440	0.763
301	52	28.154	11.112	5	53	28.142	1475	1674	9	8	9.963	6.645	32.840	0.825	1.499	0.667	0.874
302	122	16.607	8.531	1	37	58.770	395	1676	17	16	13.546	11.467	21.179	0.444	1.181	0.847	0.665
303	38	20.395	8.146	4	40	28.385	2422	1678	7	10	8.463	5.717	88.794	0.593	1.480	0.675	0.697
304	389	16.177	8.289	1	42	88.326	2477	1689	26	23	22.378	22.133	78.687	0.627	1.011	0.989	0.836
305	34	31.559	10.419	0	52	22.728	2767	1694	8	6	7.714	5.612	156.930	0.827	1.375	0.727	0.861
306	2817	28.353	13.807	1	71	255.179	203	1703	60	78	81.844	43.824	120.179	0.544	1.868	0.535	0.880
307	45	30.556	11.289	5	58	29.213	1573	1703	8	10	10.796	5.307	62.825	0.663	2.034	0.492	0.763
308	106	43.585	13.886	7	70	42.284	267	1704	14	13	14.506	9.304	42.329	0.745	1.559	0.641	0.825
309	538	34.121	16.061	1	81	98.468	3564	1722	26	33	29.891	22.917	114.537	0.697	1.304	0.767	0.872
310	2570	34.697	16.602	0	86	247.765	685	1724	54	81	74.196	44.102	71.001	0.526	1.682	0.594	0.880
311	523	43.300	17.497	3	101	113.882	3735	1724	38	23	35.080	18.982	5.943	0.507	1.848	0.541	0.812
312	1658	38.759	19.626	1	109	215.865	2063	1725	60	62	72.737	29.023	131.462	0.447	2.506	0.399	0.791
313	18	21.056	7.742	8	34	17.899	2532	1725	5	6	5.352	4.282	124.722	0.706	1.250	0.800	0.750
314	331	29.450	12.856	0	71	92.225	10	1733	28	27	32.622	12.919	35.389	0.489	2.525	0.396	0.741
315	142	28.092	12.399	4	60	49.698	3905	1740	18	12	16.198	11.162	2.522	0.722	1.451	0.689	0.833
316	410	24.985	11.078	0	56	87.740	306	1743	22	27	25.486	20.483	83.192	0.669	1.244	0.804	0.869
317	170	17.259	8.948	2	45	63.355	1336	1743	17	18	15.883	13.628	124.440	0.532	1.165	0.858	0.776
318	31	24.161	11.139	5	45	20.728	829	1751	7	6	6.844	5.767	161.830	0.907	1.187	0.843	0.861
319	1967	52.404	23.941	0	122	230.451	2749	1753	55	71	60.764	41.216	82.460	0.465	1.474	0.678	0.766
320	66	22.000	8.652	3	42	34.627	3798	1756	9	13	12.559	6.691	62.624	0.692	1.877	0.533	0.790
321	111	63.315	18.212	4	101	40.870	2424	1760	15	11	13.387	10.557	12.975	0.835	1.268	0.789	0.867
322	21	14.762	6.172	4	28	21.556	1330	1763	6	8	5.985	4.467	77.612	0.568	1.340	0.746	0.636
323	3480	24.150	11.786	0	70	275.463	1168	1773	64	83	77.157	57.427	94.122	0.576	1.344	0.744	0.894
324	164	22.299	8.940	4	49	55.698	3176	1773	13	17	16.541	12.624	69.288	0.664	1.310	0.763	0.850
325	2886	33.429	17.706	0	100	243.179	2284	1790	77	57	75.355	48.763	20.559	0.613	1.545	0.647	0.886
326	21	23.714	10.527	1	41	17.314	464	1798	6	5	5.763	4.639	2.936	0.880	1.242	0.805	0.824
327	405	28.477	12.352	2	65	79.497	661	1801	24	26	23.857	21.615	102.612	0.805	1.104	0.906	0.888
328	71	22.451	11.030	3	51	36.627	1390	1801	13	9	13.402	6.745	20.565	0.665	1.987	0.503	0.802
329	105	42.648	13.921	2	70	38.627	3694	1808	13	11	12.868	10.389	179.557	0.884	1.239	0.807	0.879
330	24	34.792	12.350	9	54	19.314	2234	1813	6	6	5.701	5.360	42.182	0.809	1.064	0.940	0.842
331	62	19.145	10.140	2	54	36.870	440	1825	11	11	10.627	7.428	47.252	0.573	1.431	0.699	0.725
332	363	40.625	16.792	2	77	77.255	1628	1862	22	24	22.361	20.669	102.179	0.764	1.082	0.924	0.882
333	702	43.922	23.338	3	127	110.468	3821	1864	35	30	32.769	27.276	174.890	0.723	1.201	0.832	0.884
334	277	56.343	18.838	10	99	67.841	3200	1877	21	19	20.294	17.379	162.686	0.756	1.168	0.856	0.867
335	399	37.647	19.091	2	90	84.811	3887	1891	27	26	30.266	16.785	43.743	0.697	1.803	0.555	0.871
336	88	38.795	11.506	9	74	36.627	180	1900	11	12	11.124	10.073	67.932	0.824	1.104	0.905	0.854
337	22	20.227	10.672	7	44	22.971	3198	1902	6	7	5.459	5.131	116.986	0.524	1.064	0.940	0.647
338	852	25.419	14.143	0	83	127.439	821	1909	32	42	38.651	28.066	73.887	0.659	1.377	0.726	0.895
339	285	23.242	11.301	1	63	75.012	328	1913	24	19	20.455	17.740	12.164	0.636	1.153	0.867	0.828
340	2380	28.026	14.417	0	80	259.321	3891	1914	57	73	63.654	47.606	69.023	0.445	1.337	0.748	0.821
341	111	21.874	9.724	1	43	50.527	734	1917	11	17	16.483	8.574	95.140	0.546	1.922	0.520	0.740
342	22	18.727	9.706	1	36	19.556	3674	1917	6	7	6.942	4.035	60.970	0.723	1.720	0.581	0.759
343	1207	32.968	14.707	1	88	169.238	1857	1919	39	53	52.366	29.347	75.062	0.530	1.784	0.560	0.806
344	23	22.957	11.880	2	44	19.314	777	1924	6	5	6.618	4.425	19.862	0.775	1.496	0.669	0.821
345	42	26.738	10.686	4	49	25.799	1127	1943	8	9	9.951	5.374	55.125	0.793	1.852	0.540	0.816
346	20	26.500	10.445	2	42	16.485	3345	1949	6	4	6.042	4.215	17.888	0.925	1.433	0.698	0.930
347	73	44.397	11.248	7	75	35.213	2580	1951	9	13	12.147	7.652	84.167	0.740	1.588	0.630	0.820
348	49	31.245	9.827	8	46	26.971	159	1961	9	8	9.174	6.800	26.695	0.846	1.349	0.741	0.845
349	682	14.682	7.567	1	40	177.238	2366	1961	34	42	40.620	21.377	59.711	0.273	1.900	0.526	0.731
350	20	30.200	10.334	12	46	18.142	35	1968	7	5	6.035	4.219	170.596	0.764	1.430	0.699	0.784
351	69	25.812	10.523	4	62	32.385	1289	1968	8	12	11.719	7.497	84.128	0.827	1.563	0.640	0.863
352	20	16.650	6.983	5	34	16.728	3856	1970	5	6	5.780	4.405	118.300	0.898	1.312	0.762	0.816
353	249	52.305	16.295	2	83	66.527	2502	1974	24	15	24.091	13.160	173.606	0.707	1.831	0.546	0.860
354	502	34.944	16.111	3	78	106.468	135	1979	23	37	34.305	18.632	82.876	0.557	1.841	0.543	0.830
355	1215	30.733	14.331	1	77	178.208	1963	1983	41	54	52.734	29.335	56.504	0.481	1.798	0.556	0.847
356	194	47.979	18.833	11	92	55.941	592	1985	19	15	18.985	13.011	24.677	0.779	1.459	0.685	0.866
357	320	49.969	16.883	7	98	70.184	3117	1989	19	22	22.417	18.175	79.379	0.816	1.233	0.811	0.907
358	431	22.422	10.093	1	62	91.740	2795	1995	24	25	26.647	20.594	137.081	0.644	1.294	0.773	0.866
359	247	10.377	5.821	1	29	99.154	1794	1997	17	31	27.595	11.397	81.073	0.316	2.421	0.413	0.646
360	24	21.375	8.836	6	49	21.556	2690	1999	7	7	6.101	5.009	54.267	0.649	1.218	0.821	0.696
361	424	39.226	17.499	1	82	121.539	849	2000	26	37	32.533	16.594	69.295	0.361	1.961	0.510	0.662
362	2783	24.898	11.131	0	69	239.765	3541	2017	67	59	66.964	52.916	28.368	0.608	1.265	0.790	0.909
363	2920	27.645	12.273	0	66	254.007	1899	2018	54	81	79.777	46.603	74.151	0.569	1.712	0.584	0.882
364	474	16.635	8.486	0	42	110.125	1559	2021	39	23	31.254	19.310	12.130	0.491	1.619	0.618	0.810
365	47	11.851	6.406	1	29	27.799	2352	2026	10	8	8.648	6.920	154.887	0.764	1.250	0.800	0.783
366	1272	38.804	20.592	0	95	153.539	1061	2037	42	44	42.721	37.911	133.034	0.678	1.127	0.887	0.861
367	60	23.500	11.663	5	53	37.456	3469	2050	13	9	12.195	6.265	8.745	0.537	1.947	0.514	0.702
368	5200	38.827	21.747	0	125	374.718	700	2051	85	112	101.272	65.377	110.688	0.465	1.549	0.646	0.785
369	22	23.227	7.946	11	34	17.899	985	2051	7	4	6.421	4.363	10.724	0.863	1.472	0.680	0.880
370	428	26.570	11.475	1	64	89.740	1835	2060	22	31	30.167	18.064	62.545	0.668	1.670	0.599	0.867
371	111	13.892	7.532	0	41	70.426	120	2065	20	15	16.138	8.757	32.971	0.281	1.843	0.543	0.578
372	682	58.760	23.899	1	115	102.669	2459	2065	31	28	32.487	26.729	16.281	0.813	1.215	0.823	0.920
373	1797	42.115	22.391	0	100	207.037	2553	2066	51	58	53.906	42.444	86.109	0.527	1.270	0.787	0.821
374	2056	29.953	12.889	1	74	205.622	2012	2067	62	49	61.557	42.526	19.272	0.611	1.447	0.691	0.901
375	4078	24.747	12.133	0	68	336.333	2722	2072	58	105	101.959	50.925	93.605	0.453	2.002	0.499	0.878
376	20	12.500	6.669	1	24	32.971	361	2081	7	11	5.958	4.274	76.729	0.231	1.394	0.717	0.400
377	1839	22.771	10.494	1	56	203.622	72	2084	43	64	63.568	36.835	77.348	0.557	1.726	0.579	0.893
378	18	18.778	5.816	10	31	16.142	3664	2099	5	6	6.694	3.424	55.443	0.868	1.955	0.512	0.800
379	21	20.524	9.564	5	36	21.556	2848	2106	8	5	7.984	3.349	19.096	0.568	2.384	0.419	0.677
380	165	55.800	15.702	3	95	48.527	173	2117	15	16	15.640	13.433	64.615	0.880	1.164	0.859	0.894
381	753	15.869	8.396	0	44	161.924	298	2118	32	39	35.732	26.832	102.848	0.361	1.332	0.751	0.789
382	575	38.737	17.943	2	83	94.225	1647	2145	31	28	30.137	24.292	25.969	0.814	1.241	0.806	0.908
383	21	13.857	8.014	1	29	20.728	2144	2146	5	8	6.941	3.852	110.651	0.614	1.802	0.555	0.737
384	77	12.727	6.836	1	29	52.527	551	2156	13	14	12.397	7.908	39.591	0.351	1.568	0.638	0.590
385	180	37.367	15.695	1	80	61.941	1284	2157	22	16	22.891	10.012	33.561	0.590	2.286	0.437	0.798
386	61	21.869	12.899	4	62	41.213	313	2158	11	11	9.840	7.893	123.695	0.451	1.247	0.802	0.663
387	272	13.868	7.639	1	36	91.740	2135	2158	23	22	18.897	18.327	108.921	0.406	1.031	0.970	0.732
388	23	12.391	5.655	5	28	17.899	382	2166	6	5	6.444	4.544	20.251	0.902	1.418	0.705	0.868
389	85	26.153	9.639	5	47	34.971	2790	2168	11	10	10.941	9.892	9.614	0.873	1.106	0.904	0.885
390	387	22.065	9.531	3	49	101.740	2969	2188	23	26	23.358	21.095	85.884	0.470	1.107	0.903	0.806
391	190	28.579	10.990	4	53	58.184	2511	2194	15	19	19.165	12.623	64.754	0.705	1.518	0.659	0.846
392	21	12.857	6.093	3	26	20.142	2640	2194	5	8	7.815	3.421	80.727	0.650	2.284	0.438	0.700
393	61	54.721	18.616	14	96	30.627	2554	2196	9	11	9.855	7.881	76.235	0.817	1.250	0.800	0.836
394	19	20.737	11.874	4	53	17.556	3044	2202	6	6	5.063	4.778	33.690	0.775	1.060	0.944	0.704
395	354	72.316	24.094	3	113	73.012	3294	2202	22	22	21.512	20.952	5.550	0.834	1.027	0.974	0.903
396	38	28.684	12.034	4	60	23.556	2146	2203	7	8	8.156	5.932	100.104	0.861	1.375	0.727	0.854
397	28	18.000	9.456	3	38	20.485	3888	2206	6	6	7.165	4.976	25.670	0.838	1.440	0.694	0.875
398	364	53.986	20.176	5	99	76.426	292	2208	25	22	24.367	19.020	164.202	0.783	1.281	0.781	0.891
399	95	29.505	10.947	3	50	37.213	3457	2216	13	10	13.301	9.094	170.890	0.862	1.463	0.684	0.872
400	23	18.565	10.352	8	42	20.142	3958	2217	7	6	6.647	4.406	37.667	0.712	1.509	0.663	0.780
401	344	62.529	22.427	4	112	74.912	3494	2228	22	25	27.249	16.074	55.033	0.770	1.695	0.590	0.883
402	20	13.150	6.706	5	34	21.899	505	2229	4	9	9.227	2.760	98.700	0.524	3.343	0.299	0.727
403	27	20.481	8.400	5	33	19.314	692	2234	6	6	6.809	5.049	42.993	0.910	1.349	0.742	0.871
404	491	23.415	10.579	1	56	93.983	3965	2236	25	29	27.250	22.941	118.802	0.699	1.188	0.842	0.874
405	55	21.509	10.097	2	45	33.213	2691	2242	9	10	9.553	7.330	109.622	0.627	1.303	0.767	0.753
406	2300	35.700	17.612	0	96	331.262	1034	2245	104	49	104.510	28.021	164.985	0.263	3.730	0.268	0.694
407	27	22.815	12.298	1	46	24.142	2790	2263	5	10	9.133	3.764	71.214	0.582	2.426	0.412	0.740
408	2291	35.412	20.030	0	108	205.037	1200	2268	59	54	59.261	49.223	4.110	0.685	1.204	0.831	0.902
409	456	15.621	8.035	1	41	107.740	1152	2277	28	29	25.059	23.169	127.478	0.494	1.082	0.925	0.795
410	278	33.694	14.016	3	66	67.012	111	2281	20	20	19.554	18.102	41.764	0.778	1.080	0.926	0.877
411	77	31.636	10.751	11	54	43.698	3148	2307	13	12	10.755	9.116	7.559	0.507	1.180	0.848	0.700
412	938	35.514	16.288	2	102	140.853	3059	2314	45	34	44.518	26.827	24.162	0.594	1.659	0.603	0.844
413	55	36.400	10.333	13	55	29.213	2858	2319	8	10	9.941	7.045	104.057	0.810	1.411	0.709	0.833
414	759	26.474	12.849	0	70	124.125	1058	2321	35	38	41.575	23.245	51.125	0.619	1.789	0.559	0.864
415	19	16.737	7.527	3	29	17.314	3574	2326	4	7	6.888	3.512	95.210	0.796	1.961	0.510	0.809
416	138	32.014	13.226	2	70	72.669	2719	2328	20	16	19.178	9.162	150.849	0.328	2.093	0.478	0.652
417	34	25.029	7.822	10	42	22.728	3612	2328	7	7	7.647	5.661	53.294	0.827	1.351	0.740	0.829
418	158	27.019	10.709	4	52	56.184	1537	2330	12	20	19.821	10.150	78.304	0.629	1.953	0.512	0.804
419	2521	43.012	21.607	1	107	248.350	185	2331	64	62	61.877	51.875	45.240	0.514	1.193	0.838	0.827
420	68	24.824	11.394	4	60	40.870	466	2339	10	13	13.411	6.456	63.500	0.512	2.077	0.481	0.720
421	3616	41.627	24.707	0	124	323.706	3817	2340	90	74	89.945	51.187	21.024	0.434	1.757	0.569	0.784
422	265	36.057	14.303	2	77	70.083	2973	2353	24	20	22.565	14.952	159.571	0.678	1.509	0.663	0.831
423	425	51.689	20.232	6	101	87.497	1964	2354	25	25	25.109	21.551	130.232	0.698	1.165	0.858	0.880
424	213	42.662	17.670	3	80	59.012	2187	2356	16	21	19.019	14.259	100.422	0.769	1.334	0.750	0.862
425	36	35.333	10.436	12	50	22.971	251	2357	8	7	7.105	6.451	56.815	0.857	1.101	0.908	0.818
426	17	20.824	6.464	7	30	16.142	3463	2370	5	6	5.566	3.889	57.051	0.820	1.431	0.699	0.739
427	22	14.773	8.535	4	29	18.728	3466	2378	5	7	6.783	4.129	93.591	0.788	1.643	0.609	0.786
428	3120	31.586	13.259	1	87	254.492	91	2383	78	59	72.796	54.571	177.978	0.605	1.334	0.750	0.906
429	38	28.868	13.565	4	55	25.556	1627	2387	7	8	7.161	6.756	35.221	0.731	1.060	0.943	0.800
430	720	19.021	9.373	0	53	130.125	2962	2392	31	37	34.221	26.788	102.811	0.534	1.277	0.783	0.839
431	66	26.924	10.405	5	49	32.142	3775	2392	8	11	11.899	7.062	67.501	0.803	1.685	0.594	0.868
432	42	29.667	9.967	9	52	23.556	1605	2395	8	7	8.387	6.376	137.478	0.951	1.315	0.760	0.903
433	27	33.407	11.304	8	52	20.728	2498	2397	7	6	6.538	5.258	156.653	0.790	1.244	0.804	0.818
434	23	30.087	11.532	8	63	18.971	3799	2400	7	6	6.012	4.871	0.760	0.803	1.234	0.810	0.767
435	80	28.538	12.700	3	59	36.042	3001	2401	10	13	12.102	8.416	59.555	0.774	1.438	0.695	0.816
436	46	28.587	9.344	6	44	26.971	3626	2406	8	9	8.026	7.297	93.966	0.795	1.100	0.909	0.821
437	273	25.725	10.559	2	66	75.255	2790	2409	22	19	20.331	17.097	16.448	0.606	1.189	0.841	0.826
438	607	34.880	14.603	2	75	98.225	3314	2409	28	31	29.920	25.831	102.932	0.791	1.158	0.863	0.907
439	18	20.556	10.842	5	42	16.142	2003	2414	5	6	5.981	3.832	52.129	0.868	1.561	0.641	0.783
440	1378	21.885	10.783	0	57	184.409	1657	2416	42	48	47.412	37.006	115.622	0.509	1.281	0.781	0.874
441	3584	29.469	13.488	0	71	364.517	1734	2422	70	95	91.323	49.969	63.136	0.339	1.828	0.547	0.793
442	63	32.000	12.841	9	56	32.627	1506	2437	12	9	12.984	6.178	33.577	0.744	2.102	0.476	0.840
443	169	46.426	17.132	2	88	53.698	1965	2437	15	17	16.967	12.682	135.572	0.736	1.338	0.747	0.847
444	2694	43.020	21.725	0	117	376.375	3425	2438	114	86	115.529	29.690	32.063	0.239	3.891	0.257	0.585
445	99	36.737	12.004	9	72	38.042	689	2441	13	11	12.467	10.111	4.122	0.860	1.233	0.811	0.880
446	3062	37.191	21.653	1	115	300.635	3746	2453	88	71	89.745	43.442	153.091	0.426	2.066	0.484	0.756
447	625	33.861	15.894	1	80	111.640	851	2456	30	35	33.483	23.767	51.631	0.630	1.409	0.710	0.845
448	202	22.153	9.845	2	48	64.669	2667	2456	18	20	21.356	12.043	46.724	0.607	1.773	0.564	0.815
449	17	28.529	9.944	10	45	17.314	3990	2479	5	6	5.208	4.156	58.506	0.713	1.253	0.798	0.723
450	3041	30.550	18.426	0	98	421.002	2488	2491	86	86	63.546	60.931	15.024	0.216	1.043	0.959	0.628
451	333	33.027	16.562	0	81	79.497	2250	2501	26	18	25.729	16.479	12.026	0.662	1.561	0.641	0.851
452	39	36.744	12.721	10	59	23.556	237	2515	7	8	7.960	6.239	106.402	0.883	1.276	0.784	0.839
453	634	65.989	37.530	2	145	107.882	269	2515	24	41	38.406	21.018	75.913	0.685	1.827	0.547	0.896
454	20	31.150	7.761	16	42	16.728	1982	2519	6	5	6.745	3.776	154.766	0.898	1.786	0.560	0.833
455	2302	28.390	14.139	0	75	218.350	2052	2544	57	68	64.442	45.482	63.005	0.607	1.417	0.706	0.892
456	543	42.282	17.975	2	93	108.912	2506	2569	40	20	39.031	17.714	2.722	0.575	2.203	0.454	0.856
457	21	16.857	9.101	3	42	21.314	1653	2575	5	8	6.179	4.327	64.732	0.581	1.428	0.700	0.724
458	18	17.556	9.817	6	40	20.142	3661	2575	8	5	6.775	3.383	163.911	0.558	2.003	0.499	0.632
459	37	23.811	10.684	4	43	22.142	2265	2577	7	7	7.444	6.329	16.753	0.948	1.176	0.850	0.860
460	509	23.224	12.853	0	76	115.539	254	2578	37	31	37.206	17.418	141.280	0.479	2.136	0.468	0.765
461	23	23.130	9.560	7	40	18.728	853	2584	6	6	6.307	4.644	63.633	0.824	1.358	0.736	0.807
462	60	26.383	10.026	2	55	39.456	1943	2586	11	12	11.219	6.809	119.240	0.484	1.648	0.607	0.667
463	1976	40.863	21.040	0	99	193.581	768	2587	54	53	50.670	49.653	7.811	0.663	1.020	0.980	0.880
464	870	37.623	20.430	0	90	117.983	3305	2588	35	34	35.756	30.980	30.420	0.785	1.154	0.866	0.916
465	740	18.053	8.810	1	63	141.924	300	2597	33	37	37.031	25.444	52.762	0.462	1.455	0.687	0.810
466	112	39.036	13.250	4	65	44.042	3616	2597	15	10	15.141	9.418	173.530	0.726	1.608	0.622	0.852
467	79	12.772	6.660	1	27	51.113	996	2599	12	14	12.287	8.187	107.795	0.380	1.501	0.666	0.656
468	311	37.367	14.487	2	80	75.255	2973	2616	23	22	21.360	18.538	46.033	0.690	1.152	0.868	0.837
469	406	21.820	10.375	1	54	103.054	384	2622	30	23	27.425	18.849	171.063	0.480	1.455	0.687	0.777
470	2150	34.919	16.565	0	93	204.208	1040	2624	51	62	60.653	45.133	85.403	0.648	1.344	0.744	0.893
471	1083	42.545	19.018	2	94	169.095	1649	2629	52	39	56.162	24.553	146.638	0.476	2.287	0.437	0.820
472	202	27.540	11.303	2	52	54.527	2230	2630	14	20	18.890	13.615	90.280	0.854	1.387	0.721	0.896
473	42	25.167	11.967	2	48	26.385	2968	2636	9	8	8.095	6.606	158.267	0.758	1.225	0.816	0.757
474	145	22.841	11.285	1	58	60.770	1610	2647	20	15	21.355	8.645	25.050	0.493	2.470	0.405	0.730
475	616	21.367	9.783	0	47	124.610	3818	2650	31	32	29.647	26.455	65.066	0.499	1.121	0.892	0.818
476	23	12.826	5.323	4	24	22.971	2394	2658	6	8	7.221	4.056	114.605	0.548	1.780	0.562	0.648
477	120	13.783	7.219	2	34	65.598	256	2666	20	18	17.730	8.618	45.168	0.350	2.057	0.486	0.584
478	1675	28.402	13.132	1	71	183.723	587	2666	48	56	51.283	41.587	113.295	0.624	1.233	0.811	0.893
479	20	14.100	6.496	6	33	17.556	994	2666	6	6	5.707	4.462	38.409	0.815	1.279	0.782	0.727
480	679	48.658	20.362	4	124	128.125	283	2678	33	40	41.306	20.930	118.123	0.520	1.974	0.507	0.798
481	157	21.274	10.586	1	53	62.184	2678	2695	12	22	20.003	9.993	96.318	0.510	2.002	0.500	0.779
482	66	41.939	14.601	15	96	31.799	795	2696	10	10	10.192	8.245	61.071	0.820	1.236	0.809	0.852
483	441	29.454	14.285	2	69	93.397	474	2697	27	27	25.951	21.637	132.517	0.635	1.199	0.834	0.834
484	21	33.286	10.813	9	50	16.728	1679	2707	5	6	5.732	4.665	82.567	0.943	1.229	0.814	0.824
485	264	17.311	8.586	0	48	78.912	2367	2710	23	21	24.018	13.995	140.315	0.533	1.716	0.583	0.785
486	43	20.488	11.007	2	45	28.142	2656	2712	7	9	9.191	5.957	98.991	0.682	1.543	0.648	0.804
487	1409	36.865	16.935	0	96	181.723	131	2715	57	43	55.157	32.525	24.050	0.536	1.696	0.590	0.838
488	1014	33.536	15.027	1	86	182.167	1216	2721	51	41	51.174	25.229	31.590	0.384	2.028	0.493	0.755
489	161	54.311	16.118	5	97	51.113	2255	2732	12	19	17.301	11.849	89.401	0.774	1.460	0.685	0.877
490	83	18.337	9.544	2	41	44.042	2794	2741	17	9	14.530	7.273	168.931	0.538	1.998	0.501	0.779
491	1162	23.731	10.021	0	55	153.439	2371	2744	41	46	41.509	35.643	78.503	0.620	1.165	0.859	0.868
492	44	19.500	8.137	3	34	31.213	1732	2782	7	11	9.633	5.816	106.268	0.568	1.656	0.604	0.721
493	283	20.466	10.422	2	48	71.255	96	2784	20	23	21.341	16.885	72.772	0.700	1.264	0.791	0.851
494	95	30.716	14.159	4	64	40.284	1910	2787	12	12	12.547	9.641	31.040	0.736	1.301	0.768	0.833
495	36	31.250	10.399	11	54	24.385	2036	2793	8	7	7.643	5.997	39.061	0.761	1.275	0.785	0.774
496	24	26.750	10.779	5	42	19.314	3077	2798	6	6	7.164	4.265	44.293	0.809	1.680	0.595	0.842
497	16	19.562	7.510	9	31	25.556	2272	2808	6	7	5.466	3.727	100.592	0.308	1.467	0.682	0.492
498	1013	35.410	18.585	1	108	158.267	1634	2810	33	49	50.353	25.615	80.222	0.508	1.966	0.509	0.813
499	73	34.849	12.405	10	64	33.799	3638	2813	9	11	10.947	8.490	101.258	0.803	1.289	0.776	0.874
500	16	20.562	10.801	9	44	17.314	1542	2828	5	6	5.226	3.898	86.658	0.671	1.340	0.746	0.711
501	1014	27.603	13.540	1	64	160.853	2471	2839	34	46	45.476	28.390	90.949	0.492	1.602	0.624	0.805
502	4327	24.553	13.740	0	78	294.818	2601	2840	81	81	77.622	70.977	135.220	0.626	1.094	0.914	0.924
503	36	33.694	11.401	5	63	22.971	2270	2846	7	8	7.984	5.741	62.445	0.857	1.391	0.719	0.809
504	60	35.217	11.553	10	62	31.799	1863	2869	9	10	8.867	8.616	79.371	0.746	1.029	0.972	0.811
505	59	13.492	7.003	2	34	33.799	80	2874	13	8	11.282	6.658	10.713	0.649	1.694	0.590	0.803
506	338	26.417	11.604	0	65	80.426	2451	2883	26	21	27.635	15.573	152.471	0.657	1.775	0.564	0.852
507	112	11.679	7.164	1	43	70.426	1948	2887	17	14	13.355	10.678	130.905	0.284	1.251	0.800	0.577
508	7454	42.184	26.575	0	134	448.174	110	2894	140	74	148.449	63.933	7.942	0.466	2.322	0.431	0.852
509	75	31.333	13.586	7	56	39.456	3677	2900	13	10	11.860	8.052	164.891	0.605	1.473	0.679	0.758
510	41	26.902	9.394	6	42	27.799	2782	2906	8	8	7.682	6.795	114.351	0.667	1.130	0.885	0.759
511	123	32.545	11.377	3	57	43.456	3905	2914	12	15	13.735	11.402	94.749	0.818	1.205	0.830	0.869
512	441	19.873	9.088	1	49	121.296	1934	2926	19	43	41.491	13.533	88.948	0.377	3.066	0.326	0.710
513	20	22.300	8.962	9	44	19.314	433	2939	5	7	6.158	4.135	86.349	0.674	1.489	0.671	0.769
514	499	16.689	8.924	0	45	119.782	1799	2956	28	35	33.935	18.723	58.749	0.437	1.813	0.552	0.783
515	18	12.833	6.290	5	26	16.728	3696	2958	6	5	5.409	4.237	47.240	0.808	1.276	0.783	0.783
516	481	50.859	20.657	4	104	97.255	2101	2982	36	17	36.073	16.978	6.832	0.639	2.125	0.471	0.895
517	35	12.086	5.943	2	28	35.213	646	2988	9	11	8.349	5.337	102.512	0.355	1.564	0.639	0.560
518	109	21.505	9.858	1	47	52.042	3858	2991	20	8	19.415	7.148	177.821	0.506	2.716	0.368	0.810
519	17	12.176	6.095	3	20	24.485	3488	2996	11	3	10.138	2.135	175.909	0.356	4.749	0.211	0.680
