 	Area	Mean	StdDev	Min	Max	Perim.	BX	BY	Width	Height	Major	Minor	Angle	Circ.	AR	Round	Solidity
1	7126	44.900	29.621	0	155	486.416	1533	1	142	83	118.592	76.507	170.967	0.378	1.550	0.645	0.782
2	123	45.260	18.802	10	91	72.042	3058	1	32	7	29.121	5.378	5.149	0.298	5.415	0.185	0.801
3	2309	41.703	20.820	0	123	211.723	2310	8	61	57	55.669	52.811	163.170	0.647	1.054	0.949	0.902
4	71	22.197	8.605	7	45	34.385	1930	25	12	9	13.428	6.732	29.853	0.755	1.995	0.501	0.861
5	46	16.543	7.817	2	36	28.385	2604	25	10	8	8.097	7.234	4.358	0.717	1.119	0.893	0.773
6	69	25.304	11.924	3	54	34.728	2785	26	13	7	12.744	6.893	15.750	0.719	1.849	0.541	0.890
7	18	39.278	12.466	12	60	16.728	3173	30	7	4	6.743	3.399	12.728	0.808	1.984	0.504	0.818
8	19	28.158	7.932	16	51	17.899	649	31	7	4	7.373	3.281	17.639	0.745	2.247	0.445	0.826
9	190	52.563	23.042	8	108	61.941	690	37	23	12	22.729	10.644	3.761	0.622	2.135	0.468	0.843
10	29	47.103	13.811	15	73	22.142	951	54	9	5	8.986	4.109	10.142	0.743	2.187	0.457	0.817
11	59	71.356	22.604	17	122	30.142	3862	64	11	7	11.383	6.599	9.892	0.816	1.725	0.580	0.881
12	44	30.841	11.324	7	55	27.556	3030	82	9	8	8.898	6.296	12.948	0.728	1.413	0.708	0.786
13	237	49.232	21.398	4	107	63.598	168	91	24	15	22.792	13.239	178.563	0.736	1.722	0.581	0.868
14	24	16.125	9.100	5	32	24.142	3080	91	6	9	7.339	4.164	110.071	0.517	1.763	0.567	0.676
15	59	21.932	9.244	5	39	46.870	3081	110	17	8	12.585	5.969	167.271	0.337	2.108	0.474	0.593
16	23	33.696	9.451	11	53	21.314	2171	114	7	5	6.226	4.704	172.859	0.636	1.324	0.755	0.730
17	178	57.455	21.561	13	114	61.355	3062	116	20	16	17.714	12.794	176.684	0.594	1.385	0.722	0.784
18	43	18.953	11.034	2	42	36.627	822	119	14	9	14.091	3.885	32.367	0.403	3.627	0.276	0.589
19	2235	43.390	22.829	1	129	280.291	1820	121	94	50	81.028	35.120	13.115	0.357	2.307	0.433	0.753
20	399	49.569	25.396	0	124	87.255	1158	128	31	21	28.222	18.001	0.952	0.659	1.568	0.638	0.853
21	19	36.263	16.606	11	78	18.728	1317	132	8	4	7.407	3.266	24.036	0.681	2.268	0.441	0.792
22	82	33.976	11.085	4	56	35.456	2864	138	13	10	11.815	8.836	171.809	0.820	1.337	0.748	0.841
23	31	28.806	10.021	2	47	20.485	3204	139	7	5	7.098	5.561	0.000	0.928	1.276	0.784	0.939
24	46	35.804	13.854	7	72	27.556	3071	140	11	6	10.135	5.779	5.531	0.761	1.754	0.570	0.852
25	276	19.649	9.078	2	47	90.569	1073	152	26	20	23.011	15.271	162.636	0.423	1.507	0.664	0.740
26	486	45.498	17.146	4	112	92.083	3406	155	33	20	31.849	19.429	177.860	0.720	1.639	0.610	0.903
27	27	38.259	13.858	8	63	22.385	3825	159	7	7	6.422	5.353	151.062	0.677	1.200	0.834	0.740
28	11023	29.952	20.617	0	105	487.328	2733	160	142	127	126.428	111.011	15.801	0.583	1.139	0.878	0.911
29	107	24.486	10.565	3	49	44.527	282	164	18	10	15.425	8.832	8.840	0.678	1.747	0.573	0.814
30	60	14.350	7.118	4	34	51.698	2868	172	10	13	10.461	7.303	87.669	0.282	1.432	0.698	0.612
31	981	48.398	25.927	2	129	164.510	2977	179	66	27	58.805	21.240	172.397	0.456	2.769	0.361	0.822
32	28	25.286	12.812	10	52	20.142	749	190	7	6	6.896	5.170	163.401	0.867	1.334	0.750	0.812
33	20	29.150	13.678	8	59	20.485	661	195	9	3	8.571	2.971	1.214	0.599	2.885	0.347	0.851
34	97	38.649	14.482	5	71	45.456	1905	197	14	13	14.383	8.587	49.935	0.590	1.675	0.597	0.755
35	53	14.132	6.642	0	28	45.698	1751	199	14	9	11.122	6.068	21.538	0.319	1.833	0.546	0.576
36	44	64.250	22.728	4	106	25.314	103	200	9	6	9.457	5.924	10.084	0.863	1.596	0.626	0.926
37	548	19.159	8.988	1	46	122.711	3845	200	33	26	28.804	24.223	166.183	0.457	1.189	0.841	0.822
38	23	33.957	9.998	16	51	17.899	3832	201	6	5	6.654	4.401	17.664	0.902	1.512	0.661	0.868
39	25	29.560	16.279	9	56	27.556	2151	231	12	4	9.910	3.212	177.585	0.414	3.085	0.324	0.667
40	64	31.703	14.068	2	63	40.042	3648	234	10	13	11.666	6.985	105.706	0.502	1.670	0.599	0.674
41	288	36.240	14.034	2	65	83.740	1345	250	30	18	25.843	14.189	165.515	0.516	1.821	0.549	0.767
42	18	26.000	7.187	10	40	16.728	3001	250	6	5	5.383	4.257	12.722	0.808	1.264	0.791	0.766
43	3746	36.064	21.603	1	136	306.919	1599	255	102	59	98.820	48.265	168.962	0.500	2.047	0.488	0.860
44	17	19.588	8.846	7	42	17.314	82	259	7	4	6.868	3.152	9.263	0.713	2.179	0.459	0.756
45	25	53.800	18.168	16	77	23.556	3146	266	9	6	9.463	3.364	23.817	0.566	2.813	0.355	0.694
46	173	38.422	15.168	2	76	64.770	3007	269	22	13	19.261	11.436	6.586	0.518	1.684	0.594	0.778
47	59	40.034	16.634	6	68	32.627	3040	294	12	9	12.922	5.813	34.493	0.696	2.223	0.450	0.797
48	69	38.290	16.762	2	68	33.799	653	295	11	10	12.141	7.236	27.947	0.759	1.678	0.596	0.812
49	19	22.684	10.546	10	44	16.728	1897	301	6	5	5.079	4.763	160.097	0.853	1.066	0.938	0.792
50	31	20.581	8.865	5	39	24.385	3747	311	8	7	7.072	5.581	155.366	0.655	1.267	0.789	0.738
51	306	52.722	17.182	1	101	79.497	497	320	20	24	23.266	16.746	94.960	0.608	1.389	0.720	0.810
52	109	40.220	12.699	5	72	42.042	2801	331	17	9	16.269	8.530	7.370	0.775	1.907	0.524	0.872
53	153	22.595	10.300	0	51	50.527	3352	331	15	17	16.964	11.483	58.226	0.753	1.477	0.677	0.843
54	23	33.043	12.776	7	55	22.142	3619	334	8	6	7.412	3.951	13.390	0.590	1.876	0.533	0.708
55	122	36.230	15.193	7	74	45.698	3711	338	17	11	15.439	10.061	4.454	0.734	1.535	0.652	0.850
56	341	38.240	20.538	1	108	79.255	2567	339	30	17	29.665	14.636	165.894	0.682	2.027	0.493	0.874
57	29	45.931	16.416	16	73	20.142	1344	341	8	5	7.857	4.700	172.579	0.898	1.672	0.598	0.853
58	1055	53.922	21.794	2	114	140.610	1480	356	46	35	45.091	29.790	18.737	0.671	1.514	0.661	0.891
59	408	31.819	16.237	1	69	97.640	2814	363	37	18	34.991	14.846	2.924	0.538	2.357	0.424	0.843
60	22	14.455	6.085	4	26	26.385	2060	382	11	6	9.311	3.008	21.296	0.397	3.095	0.323	0.579
61	111	36.541	14.833	4	70	44.870	2845	382	17	10	15.081	9.371	11.619	0.693	1.609	0.621	0.841
62	733	33.136	14.458	1	96	138.125	992	383	46	24	45.148	20.672	169.768	0.483	2.184	0.458	0.838
63	218	33.775	13.473	2	65	73.012	1723	385	21	19	21.478	12.923	43.669	0.514	1.662	0.602	0.791
64	1428	56.403	26.445	1	130	184.309	1421	390	53	54	48.772	37.279	110.054	0.528	1.308	0.764	0.786
65	923	22.840	11.417	0	74	179.723	1502	402	38	44	38.898	30.212	113.253	0.359	1.287	0.777	0.773
66	134	55.687	20.250	5	98	50.284	3173	410	20	10	19.080	8.942	2.245	0.666	2.134	0.469	0.843
67	52	54.808	17.976	18	93	32.142	2308	418	13	6	12.433	5.325	7.105	0.633	2.335	0.428	0.839
68	1177	41.596	17.730	0	100	158.267	3855	418	46	40	46.936	31.928	142.315	0.590	1.470	0.680	0.855
69	1097	42.419	21.613	2	109	210.652	3597	422	78	31	64.371	21.698	174.692	0.311	2.967	0.337	0.673
70	43	22.535	11.035	3	41	27.799	1003	427	11	7	9.648	5.674	9.382	0.699	1.700	0.588	0.768
71	41	28.927	12.924	5	58	26.728	3181	442	9	6	9.065	5.759	6.097	0.721	1.574	0.635	0.837
72	161	22.342	11.971	3	61	76.912	957	444	25	14	20.606	9.948	12.062	0.342	2.071	0.483	0.665
73	292	28.134	12.897	0	56	79.841	3556	447	31	16	28.841	12.891	171.160	0.576	2.237	0.447	0.838
74	58	58.241	20.504	23	98	35.213	1767	448	14	8	14.803	4.989	23.290	0.588	2.967	0.337	0.806
75	20	29.750	10.392	12	47	20.728	1237	470	9	4	8.615	2.956	20.261	0.585	2.914	0.343	0.784
76	153	75.771	29.106	7	139	54.042	1737	477	22	9	22.291	8.739	2.886	0.658	2.551	0.392	0.884
77	28	27.214	10.475	7	49	21.899	2537	490	9	4	8.910	4.001	174.896	0.734	2.227	0.449	0.875
78	797	35.910	19.343	1	94	122.953	2656	497	38	34	39.716	25.551	38.073	0.663	1.554	0.643	0.870
79	42	57.524	25.802	9	101	28.971	173	498	12	6	10.998	4.863	9.696	0.629	2.262	0.442	0.792
80	258	25.605	11.652	2	58	69.012	1712	498	22	19	22.039	14.905	34.873	0.681	1.479	0.676	0.839
81	17	20.471	10.069	1	39	28.971	2544	498	6	7	5.360	4.038	75.420	0.255	1.327	0.753	0.472
82	211	65.422	23.098	6	118	59.941	2748	500	22	15	21.670	12.398	18.222	0.738	1.748	0.572	0.872
83	17	38.353	13.224	13	65	17.899	1528	513	7	3	7.481	2.893	2.413	0.667	2.585	0.387	0.829
84	479	25.756	10.905	3	58	92.326	1259	515	26	29	26.179	23.297	113.955	0.706	1.124	0.890	0.865
85	51	28.157	11.773	6	53	28.385	1988	529	9	9	8.503	7.637	47.432	0.795	1.113	0.898	0.823
86	16	12.938	5.209	4	22	16.728	195	540	7	4	5.857	3.478	7.133	0.719	1.684	0.594	0.727
87	78	25.192	11.521	4	52	36.627	3458	546	13	10	11.451	8.673	12.654	0.731	1.320	0.757	0.808
88	19	28.158	10.874	7	55	18.728	392	552	7	5	6.785	3.565	26.709	0.681	1.903	0.526	0.717
89	18	18.722	10.593	4	43	20.971	3669	553	7	7	7.792	2.941	40.314	0.514	2.649	0.377	0.610
90	31	40.839	17.711	9	73	24.971	2706	563	9	7	8.857	4.456	25.210	0.625	1.988	0.503	0.738
91	284	81.835	46.641	2	183	76.426	1300	566	31	14	28.736	12.584	3.171	0.611	2.284	0.438	0.865
92	65	55.169	17.612	7	88	32.971	3560	573	13	7	12.432	6.657	3.414	0.751	1.867	0.535	0.861
93	32	43.406	18.958	8	79	24.728	3142	582	10	5	10.600	3.844	16.355	0.658	2.758	0.363	0.821
94	316	15.146	7.541	0	38	84.083	2549	583	24	22	22.445	17.926	36.344	0.562	1.252	0.799	0.799
95	30	42.000	16.214	12	71	24.142	793	588	9	6	9.413	4.058	21.344	0.647	2.320	0.431	0.811
96	4142	34.708	16.980	0	99	382.860	2715	588	100	83	84.005	62.779	41.349	0.355	1.338	0.747	0.771
97	19	23.789	8.942	10	37	19.314	958	593	8	4	7.042	3.435	0.058	0.640	2.050	0.488	0.745
98	68	39.985	14.257	8	77	36.627	493	600	12	11	14.480	5.979	36.180	0.637	2.422	0.413	0.795
99	353	36.711	15.641	1	87	85.740	1040	606	32	16	30.956	14.519	7.293	0.603	2.132	0.469	0.858
100	160	81.850	24.018	18	138	51.698	638	610	19	13	18.086	11.264	167.886	0.752	1.606	0.623	0.870
101	30	15.533	7.006	1	27	28.971	726	631	11	5	9.668	3.951	14.644	0.449	2.447	0.409	0.690
102	130	13.946	7.887	2	35	76.669	1402	634	25	11	23.248	7.120	170.828	0.278	3.265	0.306	0.598
103	25	46.760	17.280	7	82	22.728	2845	644	9	4	9.039	3.521	8.908	0.608	2.567	0.390	0.806
104	25	30.720	14.082	2	64	24.728	455	648	11	4	10.073	3.160	12.905	0.514	3.187	0.314	0.794
105	525	53.451	28.514	4	136	109.983	408	649	39	25	34.774	19.223	170.403	0.545	1.809	0.553	0.808
106	1273	47.690	21.469	1	119	186.066	2041	649	57	47	59.310	27.328	42.918	0.462	2.170	0.461	0.787
107	20	18.150	10.708	3	36	16.485	1200	658	6	4	5.792	4.397	177.766	0.925	1.317	0.759	0.909
108	87	23.437	12.747	1	54	40.042	852	671	13	11	12.358	8.963	21.312	0.682	1.379	0.725	0.791
109	17	18.706	8.557	4	34	16.728	3252	673	5	6	5.833	3.711	43.439	0.763	1.572	0.636	0.739
110	35	40.771	14.465	15	64	22.142	1553	675	7	7	6.815	6.539	40.364	0.897	1.042	0.960	0.854
111	16	18.875	9.408	8	42	15.899	3522	684	6	4	5.983	3.405	9.741	0.795	1.757	0.569	0.842
112	1296	38.941	18.581	2	104	185.723	1313	692	64	42	64.753	25.483	23.194	0.472	2.541	0.394	0.829
113	101	38.050	14.530	5	69	49.698	474	715	20	8	19.297	6.664	1.374	0.514	2.896	0.345	0.771
114	240	47.246	17.978	8	99	78.426	2534	715	30	16	30.297	10.086	17.664	0.490	3.004	0.333	0.770
115	327	81.639	29.564	5	160	86.569	2714	730	29	19	26.143	15.926	5.304	0.548	1.642	0.609	0.804
116	26	64.500	25.810	14	115	20.728	3336	734	8	5	7.515	4.405	179.798	0.760	1.706	0.586	0.812
117	163	18.546	9.178	1	39	66.426	3377	741	17	20	15.412	13.466	93.224	0.464	1.144	0.874	0.704
118	106	50.764	25.420	2	109	50.284	679	753	16	12	15.822	8.530	27.812	0.527	1.855	0.539	0.763
119	43	51.047	16.830	15	88	26.142	3621	753	8	7	8.100	6.759	8.229	0.791	1.198	0.835	0.843
120	2354	30.038	14.074	2	78	212.208	2111	758	59	58	59.497	50.375	131.181	0.657	1.181	0.847	0.898
121	31	15.871	10.346	1	42	22.728	1114	761	8	6	8.211	4.807	36.308	0.754	1.708	0.585	0.816
122	17	23.647	13.779	3	50	17.899	2819	762	7	4	6.022	3.595	5.093	0.667	1.675	0.597	0.773
123	106	34.472	16.155	4	73	46.870	3482	769	19	9	18.696	7.219	9.500	0.606	2.590	0.386	0.819
124	1321	66.239	37.163	2	188	211.480	778	778	69	42	58.107	28.946	166.701	0.371	2.007	0.498	0.688
125	65	65.754	17.748	28	101	32.042	52	787	12	8	11.619	7.123	11.858	0.796	1.631	0.613	0.823
126	18	24.722	12.988	8	48	15.657	3996	795	3	6	6.770	3.385	90.000	0.923	2.000	0.500	1.000
127	62	16.935	7.202	4	33	64.184	1326	798	14	14	11.247	7.019	38.619	0.189	1.602	0.624	0.490
128	112	55.795	23.172	3	111	47.698	3040	801	20	9	19.135	7.452	7.370	0.619	2.568	0.389	0.827
129	32	73.094	27.304	18	123	22.142	914	804	8	6	7.880	5.171	12.386	0.820	1.524	0.656	0.821
130	30	15.667	8.235	2	33	29.556	2677	811	10	5	9.806	3.895	179.553	0.432	2.518	0.397	0.674
131	121	75.124	22.563	20	131	44.971	248	815	17	9	17.813	8.649	9.312	0.752	2.060	0.486	0.906
132	1441	38.080	21.575	0	105	169.095	1948	822	46	48	53.317	34.412	132.201	0.633	1.549	0.645	0.894
133	3919	48.342	25.739	0	157	502.843	2513	830	108	104	101.004	49.402	53.468	0.195	2.045	0.489	0.588
134	237	57.574	19.677	4	101	64.184	1111	841	25	15	24.261	12.438	13.973	0.723	1.951	0.513	0.881
135	21	35.714	15.353	2	68	24.142	3229	842	9	5	8.545	3.129	7.249	0.453	2.731	0.366	0.618
136	831	21.975	9.710	1	53	155.823	750	843	34	38	34.418	30.741	80.371	0.430	1.120	0.893	0.827
137	32	35.062	13.840	7	60	22.971	359	868	8	7	8.200	4.969	45.899	0.762	1.650	0.606	0.790
138	30	24.333	9.230	11	49	21.556	2902	875	6	8	8.041	4.751	55.860	0.811	1.693	0.591	0.800
139	23	40.087	10.825	17	57	18.728	1343	889	7	5	7.203	4.066	26.415	0.824	1.772	0.564	0.821
140	915	34.368	14.827	1	78	143.095	183	895	43	40	48.060	24.241	133.655	0.562	1.983	0.504	0.852
141	20	23.700	11.103	3	48	17.899	793	913	7	4	7.073	3.600	13.333	0.784	1.965	0.509	0.833
142	395	80.770	32.657	1	147	80.083	977	915	26	22	24.949	20.158	26.111	0.774	1.238	0.808	0.898
143	49	27.306	10.981	6	49	29.213	878	920	11	8	11.584	5.386	27.497	0.722	2.151	0.465	0.797
144	33	33.818	11.733	7	49	25.556	471	921	11	5	10.394	4.042	176.315	0.635	2.571	0.389	0.786
145	1562	28.152	13.412	1	66	200.451	345	925	55	49	53.181	37.397	34.073	0.489	1.422	0.703	0.860
146	407	68.683	32.234	3	137	99.255	81	934	41	16	41.589	12.460	9.520	0.519	3.338	0.300	0.862
147	158	52.658	21.968	4	122	49.698	1375	936	17	13	17.100	11.765	22.795	0.804	1.454	0.688	0.878
148	110	13.909	6.876	1	34	44.971	1546	946	13	12	13.033	10.746	166.011	0.684	1.213	0.825	0.818
149	135	30.363	13.226	3	69	56.770	276	954	23	11	20.018	8.586	14.117	0.526	2.331	0.429	0.792
150	4300	30.814	14.894	0	87	335.061	3398	955	96	87	109.447	50.023	142.586	0.481	2.188	0.457	0.857
151	227	40.066	15.087	1	73	61.012	3798	958	18	18	20.239	14.281	42.396	0.766	1.417	0.706	0.875
152	35	43.771	12.893	11	65	23.556	1844	962	10	5	9.524	4.679	2.363	0.793	2.035	0.491	0.854
153	63	19.381	9.942	0	39	45.113	2980	962	12	11	9.639	8.321	36.739	0.389	1.158	0.863	0.615
154	61	56.082	14.184	28	87	30.627	922	976	12	8	10.501	7.396	19.426	0.817	1.420	0.704	0.853
155	73	43.781	14.199	8	76	32.971	67	988	12	8	11.736	7.920	2.814	0.844	1.482	0.675	0.885
156	2931	27.915	15.143	0	89	310.434	299	993	73	65	67.218	55.519	155.031	0.382	1.211	0.826	0.808
157	39	32.179	13.463	12	57	25.556	513	999	10	6	9.881	5.026	1.419	0.750	1.966	0.509	0.821
158	222	52.423	22.240	4	103	68.770	3565	1000	25	12	24.460	11.556	5.131	0.590	2.117	0.472	0.871
159	38	25.658	11.307	3	50	28.971	87	1004	10	7	10.154	4.765	30.753	0.569	2.131	0.469	0.731
160	18	42.000	17.664	1	64	15.899	403	1006	6	4	6.543	3.503	24.013	0.895	1.868	0.535	0.878
161	16	21.750	13.066	4	47	17.314	3054	1013	7	4	7.159	2.846	18.784	0.671	2.516	0.397	0.762
162	318	35.865	18.226	1	84	72.770	2038	1014	25	18	24.569	16.480	174.467	0.755	1.491	0.671	0.880
163	32	21.938	10.910	2	41	21.556	829	1022	8	6	7.812	5.215	177.051	0.865	1.498	0.668	0.821
164	137	44.934	16.168	5	80	45.698	3043	1026	17	12	17.232	10.123	157.143	0.824	1.702	0.587	0.890
165	398	22.005	10.615	0	51	111.296	1101	1028	36	18	32.817	15.442	172.399	0.404	2.125	0.471	0.798
166	892	42.947	15.338	4	84	133.196	2350	1028	37	35	36.841	30.828	36.150	0.632	1.195	0.837	0.874
167	110	110.027	30.168	28	162	40.385	1219	1032	13	11	13.762	10.177	24.179	0.848	1.352	0.740	0.894
168	33	60.333	26.566	4	99	24.142	3203	1033	10	5	9.059	4.638	8.623	0.711	1.953	0.512	0.815
169	89	40.944	10.854	11	68	36.385	54	1038	12	10	12.943	8.755	28.874	0.845	1.478	0.676	0.881
170	26	29.692	11.736	10	55	20.971	1841	1042	8	6	8.097	4.089	22.245	0.743	1.980	0.505	0.732
171	203	18.335	9.211	0	49	65.598	1754	1044	19	18	17.969	14.384	161.475	0.593	1.249	0.800	0.778
172	60	50.933	15.331	10	72	31.556	3543	1049	12	7	11.411	6.695	11.207	0.757	1.704	0.587	0.870
173	1080	23.776	11.024	0	62	153.581	1850	1052	46	35	43.819	31.381	176.082	0.575	1.396	0.716	0.851
174	128	51.648	22.518	9	108	53.113	2595	1053	20	12	18.680	8.724	12.853	0.570	2.141	0.467	0.766
175	88	71.295	23.307	21	124	38.870	3849	1054	16	8	15.400	7.275	10.770	0.732	2.117	0.472	0.859
176	760	53.974	28.826	3	128	131.439	2982	1055	46	28	46.043	21.017	14.114	0.553	2.191	0.456	0.846
177	157	55.968	24.518	7	116	50.042	3887	1058	20	10	20.265	9.864	6.999	0.788	2.054	0.487	0.915
178	63	46.778	18.192	7	83	33.213	172	1061	13	8	13.158	6.096	166.087	0.718	2.158	0.463	0.834
179	686	30.637	16.711	0	79	116.125	1028	1061	39	27	35.730	24.446	175.711	0.639	1.462	0.684	0.869
180	33	16.727	10.223	1	40	34.627	3551	1063	13	6	11.737	3.580	14.853	0.346	3.279	0.305	0.606
181	82	25.024	15.778	3	65	43.456	3294	1068	17	9	16.219	6.437	171.325	0.546	2.520	0.397	0.752
182	957	30.317	16.781	0	102	155.095	906	1083	49	36	47.689	25.551	147.132	0.500	1.866	0.536	0.822
183	48	29.875	15.407	4	65	26.142	3084	1087	9	7	8.436	7.244	157.443	0.883	1.164	0.859	0.881
184	449	49.169	17.686	1	94	85.255	510	1100	30	22	27.426	20.845	162.466	0.776	1.316	0.760	0.900
185	746	53.804	21.574	2	126	132.953	3852	1105	50	25	49.297	19.268	169.802	0.530	2.559	0.391	0.824
186	59	30.441	13.870	3	67	41.456	1939	1112	15	8	13.601	5.523	178.702	0.431	2.463	0.406	0.674
187	24	32.083	15.478	4	67	23.556	3505	1118	9	6	9.028	3.385	19.465	0.544	2.667	0.375	0.667
188	48	63.812	20.908	22	101	32.385	1928	1121	13	7	12.917	4.732	16.131	0.575	2.730	0.366	0.762
189	815	45.080	16.624	5	94	119.539	3357	1122	35	34	33.489	30.986	164.006	0.717	1.081	0.925	0.896
190	1791	57.486	29.907	1	170	355.404	944	1128	125	62	82.115	27.770	16.167	0.178	2.957	0.338	0.466
191	20623	37.123	32.592	0	173	887.519	455	1129	233	155	210.646	124.655	3.582	0.329	1.690	0.592	0.808
192	32	14.031	7.941	2	29	32.385	2567	1130	9	7	7.537	5.406	35.269	0.383	1.394	0.717	0.610
193	98	20.327	10.007	2	42	44.042	247	1142	13	12	13.823	9.027	148.855	0.635	1.531	0.653	0.810
194	404	64.181	36.331	2	158	88.669	816	1151	34	17	33.728	15.251	177.947	0.646	2.212	0.452	0.859
195	19	17.105	8.919	2	34	23.556	2154	1157	10	4	8.752	2.764	1.925	0.430	3.166	0.316	0.623
196	24	15.042	7.086	2	31	24.728	243	1165	9	5	7.799	3.918	173.961	0.493	1.990	0.502	0.706
197	28	24.250	11.587	1	45	19.556	2961	1165	6	7	7.221	4.937	49.674	0.920	1.462	0.684	0.824
198	57	14.789	7.205	2	31	47.698	3155	1169	12	11	9.755	7.440	75.353	0.315	1.311	0.763	0.567
199	27	39.519	12.466	13	56	21.556	3627	1174	9	5	8.472	4.058	8.688	0.730	2.088	0.479	0.771
200	162	26.562	12.078	3	62	55.698	3977	1185	18	13	18.174	11.350	4.070	0.656	1.601	0.624	0.842
201	18	21.444	11.142	5	38	17.899	417	1213	7	4	5.923	3.869	22.542	0.706	1.531	0.653	0.783
202	20	33.350	11.080	11	65	17.899	2060	1216	6	4	6.650	3.829	2.464	0.784	1.737	0.576	0.851
203	55	29.764	12.317	1	55	29.556	2804	1222	10	8	10.049	6.969	11.517	0.791	1.442	0.694	0.846
204	38	9.526	5.129	2	20	37.799	2405	1226	10	8	9.228	5.243	32.742	0.334	1.760	0.568	0.633
205	69	42.159	17.523	3	73	34.627	2931	1226	13	8	11.693	7.513	17.675	0.723	1.556	0.643	0.841
206	16	26.000	11.284	7	49	15.314	2019	1235	6	4	6.610	3.082	28.947	0.857	2.145	0.466	0.821
207	103	80.961	24.171	5	128	42.627	3640	1238	16	10	15.099	8.686	19.291	0.712	1.738	0.575	0.862
208	55	59.709	16.857	24	94	29.799	1387	1247	11	8	10.867	6.444	175.445	0.778	1.686	0.593	0.809
209	3670	32.767	16.995	0	94	334.919	1328	1259	104	54	98.889	47.253	4.933	0.411	2.093	0.478	0.832
210	1639	34.297	14.765	1	83	191.480	2109	1283	64	39	64.206	32.502	163.935	0.562	1.975	0.506	0.895
211	7703	47.600	30.204	0	171	467.144	2959	1283	142	87	123.805	79.219	7.734	0.444	1.563	0.640	0.827
212	55	43.182	18.394	6	75	31.899	1164	1292	13	5	13.712	5.107	6.896	0.679	2.685	0.372	0.924
213	259	39.938	16.962	2	78	91.497	3817	1292	33	16	25.718	12.823	176.990	0.389	2.006	0.499	0.697
214	76	60.447	21.333	2	88	35.213	1870	1303	14	8	13.974	6.925	9.990	0.770	2.018	0.496	0.864
215	191	24.304	12.664	1	65	131.054	3760	1304	56	21	57.666	4.217	18.334	0.140	13.674	0.073	0.592
216	175	36.697	14.525	4	72	56.527	2762	1305	19	15	19.200	11.605	24.616	0.688	1.654	0.604	0.850
217	34	70.353	16.604	39	96	22.728	2631	1307	9	5	9.473	4.570	179.220	0.827	2.073	0.482	0.883
218	30	69.300	19.297	12	105	22.142	2485	1308	8	6	7.330	5.211	1.725	0.769	1.407	0.711	0.800
219	50	22.880	12.944	4	60	34.385	3742	1324	13	7	13.599	4.682	12.582	0.531	2.905	0.344	0.752
220	22	16.500	10.586	3	46	25.556	595	1328	7	6	6.368	4.399	172.552	0.423	1.448	0.691	0.620
221	28	61.607	16.971	17	90	20.142	791	1329	8	5	7.951	4.484	10.191	0.867	1.773	0.564	0.862
222	82	25.963	16.449	3	70	73.012	3705	1330	29	9	25.834	4.041	10.902	0.193	6.393	0.156	0.601
223	131	25.115	12.430	2	69	75.255	950	1339	27	13	22.691	7.351	14.387	0.291	3.087	0.324	0.570
224	580	21.228	11.241	0	63	120.953	3282	1340	41	28	35.289	20.927	169.279	0.498	1.686	0.593	0.763
225	180	55.022	25.385	5	118	57.598	3241	1347	23	12	21.211	10.805	1.014	0.682	1.963	0.509	0.859
226	242	47.289	19.748	0	103	63.698	226	1348	25	13	25.232	12.212	10.831	0.749	2.066	0.484	0.905
227	144	46.319	20.850	2	87	55.941	2542	1359	22	13	20.000	9.167	26.287	0.578	2.182	0.458	0.798
228	171	37.409	14.997	4	76	54.527	536	1364	15	16	15.786	13.792	55.947	0.723	1.145	0.874	0.853
229	52	29.346	9.972	2	47	28.971	1359	1373	10	8	9.555	6.929	19.445	0.779	1.379	0.725	0.825
230	22	22.273	11.119	8	53	24.728	2549	1374	11	4	10.039	2.790	20.633	0.452	3.598	0.278	0.746
231	463	40.108	17.696	1	83	97.983	1984	1385	36	20	34.924	16.880	8.425	0.606	2.069	0.483	0.840
232	617	16.627	8.171	0	42	152.167	3151	1386	47	25	40.744	19.281	0.452	0.335	2.113	0.473	0.758
233	18	22.722	7.363	8	36	15.899	1702	1393	5	5	6.056	3.784	47.248	0.895	1.600	0.625	0.857
234	82	53.134	16.068	2	88	36.870	1962	1411	13	10	11.504	9.075	13.107	0.758	1.268	0.789	0.812
235	159	46.333	19.697	5	92	62.527	3973	1416	25	10	22.182	9.127	171.447	0.511	2.430	0.411	0.815
236	31	21.710	8.844	2	37	20.728	1705	1445	8	5	8.146	4.845	13.007	0.907	1.681	0.595	0.886
237	981	31.070	13.480	2	76	146.752	1575	1446	37	40	39.814	31.372	126.820	0.572	1.269	0.788	0.859
238	23	23.174	11.915	2	46	20.728	199	1471	8	5	7.208	4.063	19.818	0.673	1.774	0.564	0.742
239	1412	23.777	11.348	0	62	184.794	2838	1486	50	41	50.678	35.475	18.647	0.520	1.429	0.700	0.859
240	21	29.333	10.451	11	52	20.971	2969	1494	8	6	5.824	4.591	12.859	0.600	1.268	0.788	0.636
241	108	21.083	8.883	7	47	45.698	2002	1499	15	13	13.294	10.344	41.989	0.650	1.285	0.778	0.771
242	102	70.833	26.963	8	129	47.556	1195	1527	20	7	20.593	6.306	4.198	0.567	3.265	0.306	0.854
243	26	38.385	18.949	7	77	21.314	693	1548	9	4	8.114	4.080	10.722	0.719	1.989	0.503	0.867
244	153	12.458	6.154	0	28	81.154	1237	1556	23	12	21.589	9.023	178.975	0.292	2.393	0.418	0.659
245	51	20.961	11.510	0	48	34.042	2898	1557	14	7	13.162	4.934	22.735	0.553	2.668	0.375	0.767
246	20	45.100	18.296	17	83	17.556	662	1558	7	5	6.222	4.092	6.843	0.815	1.520	0.658	0.755
247	948	31.346	16.141	1	89	153.681	572	1563	53	33	53.415	22.597	14.658	0.504	2.364	0.423	0.772
248	64	53.453	18.978	2	96	37.799	1256	1569	16	7	16.208	5.028	16.366	0.563	3.224	0.310	0.795
249	35	18.371	10.680	4	41	28.971	3333	1572	9	7	8.906	5.004	13.697	0.524	1.780	0.562	0.693
250	123	89.618	26.931	3	139	44.627	2929	1579	17	10	17.137	9.139	2.285	0.776	1.875	0.533	0.875
251	778	25.284	10.769	1	58	131.196	409	1583	40	30	37.854	26.169	169.625	0.568	1.447	0.691	0.855
252	65	21.400	8.450	2	38	36.627	1371	1583	12	10	11.571	7.152	30.057	0.609	1.618	0.618	0.751
253	142	45.514	22.674	1	104	49.113	1055	1587	14	16	15.650	11.552	62.157	0.740	1.355	0.738	0.830
254	2095	52.074	26.692	1	139	211.723	2963	1590	74	46	65.337	40.826	171.310	0.587	1.600	0.625	0.877
255	51	63.137	17.516	27	98	31.213	3046	1606	12	7	10.896	5.959	13.434	0.658	1.828	0.547	0.779
256	843	40.023	19.400	2	99	155.539	3085	1618	56	30	56.417	19.025	17.034	0.438	2.965	0.337	0.797
257	30	32.500	14.117	1	64	24.728	1130	1628	10	5	9.917	3.852	16.616	0.617	2.575	0.388	0.811
258	34	24.912	10.116	7	42	28.971	2580	1638	8	10	9.163	4.724	59.937	0.509	1.939	0.516	0.648
259	46	38.391	16.734	6	69	32.728	135	1640	13	6	13.655	4.289	170.598	0.540	3.184	0.314	0.773
260	17	28.353	9.956	10	46	22.728	675	1642	10	3	9.246	2.341	6.296	0.414	3.949	0.253	0.694
261	59	16.695	9.359	1	42	43.456	2532	1645	12	12	13.116	5.727	36.688	0.393	2.290	0.437	0.618
262	69	24.841	11.708	1	53	49.456	1982	1658	21	6	21.261	4.132	5.707	0.355	5.145	0.194	0.676
263	36	38.000	18.194	2	75	29.556	1039	1661	12	5	11.417	4.015	6.926	0.518	2.844	0.352	0.758
264	551	19.399	9.588	1	51	128.610	110	1673	39	24	35.985	19.496	5.865	0.419	1.846	0.542	0.779
265	116	84.672	27.145	13	134	48.527	3834	1686	19	10	17.638	8.374	168.250	0.619	2.106	0.475	0.806
266	119	59.387	26.243	7	121	51.698	3513	1690	20	9	19.201	7.891	8.690	0.560	2.433	0.411	0.826
267	23	17.565	9.085	1	32	18.728	714	1703	7	5	7.217	4.058	27.095	0.824	1.778	0.562	0.836
268	737	49.495	25.724	2	134	117.983	3740	1712	45	25	43.564	21.540	8.622	0.665	2.022	0.494	0.893
269	121	17.149	9.035	0	44	51.113	3165	1715	18	13	19.665	7.834	155.192	0.582	2.510	0.398	0.788
270	114	31.000	13.913	2	68	43.456	2097	1726	14	13	13.446	10.795	15.567	0.759	1.246	0.803	0.820
271	100	28.510	13.149	4	56	42.627	3234	1728	12	14	13.290	9.580	101.137	0.692	1.387	0.721	0.800
272	93	62.495	22.502	15	127	38.870	3832	1731	15	10	13.946	8.491	2.856	0.774	1.642	0.609	0.830
273	42	58.548	14.749	31	96	25.213	3381	1733	10	7	8.704	6.144	9.458	0.830	1.417	0.706	0.808
274	91	33.736	11.473	4	55	49.698	1390	1735	14	16	18.011	6.433	130.413	0.463	2.800	0.357	0.636
275	62	27.661	13.461	4	66	41.698	2808	1743	15	10	15.586	5.065	28.007	0.448	3.077	0.325	0.701
276	293	78.529	36.288	4	175	69.012	2349	1747	26	17	25.317	14.736	17.525	0.773	1.718	0.582	0.897
277	226	22.858	9.998	4	50	60.527	1611	1769	21	16	20.162	14.272	175.411	0.775	1.413	0.708	0.871
278	168	44.042	16.102	6	78	51.456	536	1776	18	13	17.690	12.092	2.562	0.797	1.463	0.684	0.882
279	2146	33.732	16.711	0	86	227.037	1258	1778	71	44	69.866	39.109	11.495	0.523	1.786	0.560	0.898
280	529	40.227	17.056	2	90	101.397	2478	1791	36	23	33.440	20.142	168.086	0.647	1.660	0.602	0.851
281	49	59.143	18.852	21	93	29.213	189	1792	11	8	10.202	6.115	11.888	0.722	1.668	0.599	0.778
282	55	11.255	4.993	3	27	43.113	1398	1803	12	13	9.818	7.133	59.081	0.372	1.376	0.727	0.573
283	77	47.974	15.058	4	86	35.213	3135	1806	14	8	12.781	7.671	178.432	0.780	1.666	0.600	0.880
284	30	33.700	11.830	3	55	22.142	2370	1809	9	5	8.545	4.470	6.101	0.769	1.911	0.523	0.833
285	157	15.777	7.817	2	43	65.941	1674	1810	20	13	16.942	11.799	3.247	0.454	1.436	0.696	0.758
286	28	45.857	17.337	7	79	24.142	2287	1811	10	5	9.454	3.771	176.572	0.604	2.507	0.399	0.737
287	1038	39.810	20.721	0	104	138.610	3095	1814	49	32	46.189	28.613	17.959	0.679	1.614	0.619	0.896
288	31	25.484	9.909	7	50	21.556	847	1822	8	6	8.521	4.632	26.479	0.838	1.840	0.544	0.816
289	16	22.062	9.637	7	41	17.899	3607	1823	8	3	7.683	2.652	8.209	0.628	2.898	0.345	0.800
290	88	37.307	14.716	5	73	41.456	1527	1826	15	10	12.621	8.878	9.365	0.643	1.422	0.703	0.796
291	33	12.212	6.368	2	29	26.971	89	1830	9	8	7.734	5.433	130.567	0.570	1.424	0.702	0.680
292	1167	24.709	11.844	1	61	158.167	2418	1830	47	44	50.841	29.226	33.491	0.586	1.740	0.575	0.829
293	1461	27.602	12.370	1	85	175.238	1003	1831	53	38	51.550	36.085	11.960	0.598	1.429	0.700	0.897
294	378	36.368	14.704	2	80	84.426	425	1839	27	20	27.060	17.786	15.569	0.666	1.521	0.657	0.855
295	78	67.269	24.247	21	118	38.870	1274	1840	15	8	14.110	7.039	179.094	0.649	2.005	0.499	0.804
296	1391	35.447	15.237	1	78	167.581	1990	1844	47	44	48.346	36.633	34.570	0.622	1.320	0.758	0.903
297	348	66.871	34.529	0	153	77.497	3346	1850	29	18	26.805	16.530	8.222	0.728	1.622	0.617	0.888
298	987	48.152	25.605	0	115	143.681	1923	1859	52	27	49.250	25.516	4.687	0.601	1.930	0.518	0.891
299	81	15.123	6.891	1	33	64.184	2211	1866	17	12	13.304	7.752	171.718	0.247	1.716	0.583	0.535
300	1086	48.442	25.065	1	124	135.640	3953	1867	46	32	45.165	30.615	3.405	0.742	1.475	0.678	0.917
301	61	32.623	10.365	7	51	30.627	2332	1877	11	8	10.293	7.546	1.961	0.817	1.364	0.733	0.824
302	45	48.800	17.780	12	85	27.556	3083	1882	11	6	10.360	5.530	177.381	0.745	1.873	0.534	0.849
303	74	72.216	23.419	11	110	34.627	3862	1888	14	8	13.375	7.044	4.793	0.776	1.899	0.527	0.851
304	31	38.355	13.860	8	66	20.971	2112	1893	8	6	8.032	4.914	20.796	0.886	1.634	0.612	0.838
305	1551	45.377	23.698	1	115	172.409	2967	1902	53	44	53.603	36.841	27.425	0.656	1.455	0.687	0.904
306	2403	43.075	20.913	0	116	271.806	17	1903	69	63	61.983	49.362	35.064	0.409	1.256	0.796	0.790
307	243	29.119	12.998	0	64	66.426	2328	1903	22	18	20.836	14.849	171.418	0.692	1.403	0.713	0.818
308	23	18.826	10.093	7	42	19.899	2330	1919	5	7	6.103	4.798	120.964	0.730	1.272	0.786	0.793
309	22	30.091	12.027	5	59	21.899	3921	1919	10	3	9.948	2.816	1.008	0.576	3.533	0.283	0.846
310	64	15.453	7.748	1	34	40.870	3280	1922	13	11	11.342	7.185	136.668	0.481	1.579	0.633	0.643
311	21	20.143	10.268	5	36	20.728	3015	1937	9	4	8.809	3.035	173.074	0.614	2.902	0.345	0.750
312	1200	39.466	20.289	2	111	181.581	1415	1951	59	35	54.574	27.997	12.376	0.457	1.949	0.513	0.815
313	57	47.737	15.832	5	76	31.213	2608	1962	9	10	8.552	8.486	142.628	0.735	1.008	0.992	0.781
314	29	24.310	11.508	1	46	22.728	733	1973	9	5	8.320	4.438	169.603	0.705	1.875	0.533	0.795
315	20	25.700	13.735	3	49	23.556	2744	1973	10	4	9.605	2.651	4.184	0.453	3.623	0.276	0.635
316	83	59.831	19.031	12	101	38.870	2470	1975	15	8	14.563	7.257	0.377	0.690	2.007	0.498	0.826
317	347	29.692	13.029	1	65	82.912	2613	1981	27	23	29.447	15.004	35.618	0.634	1.963	0.510	0.835
318	114	16.193	8.212	2	45	48.284	3645	1982	18	12	18.314	7.925	22.397	0.614	2.311	0.433	0.800
319	146	59.473	18.242	10	97	49.355	888	2000	17	14	15.687	11.850	178.230	0.753	1.324	0.755	0.834
320	24	13.667	7.659	3	28	26.728	2082	2014	12	3	11.675	2.617	179.082	0.422	4.460	0.224	0.738
321	72	33.472	12.942	2	58	35.799	2266	2014	15	7	14.347	6.390	2.238	0.706	2.245	0.445	0.857
322	120	41.317	14.904	3	72	42.870	2581	2015	15	11	14.881	10.267	166.113	0.821	1.449	0.690	0.873
323	46	56.609	20.755	3	92	28.971	2518	2016	12	6	11.169	5.244	174.762	0.689	2.130	0.470	0.860
324	332	15.895	8.670	1	54	104.225	1244	2020	26	25	26.061	16.220	42.481	0.384	1.607	0.622	0.742
325	16	15.312	7.718	7	33	15.899	233	2021	5	5	5.277	3.860	98.890	0.795	1.367	0.731	0.800
326	145	33.166	16.205	5	79	78.426	1851	2023	33	10	27.270	6.770	3.938	0.296	4.028	0.248	0.624
327	3364	41.371	24.641	0	125	278.149	3663	2023	83	68	73.238	58.483	175.579	0.546	1.252	0.799	0.834
328	24	27.000	12.584	7	53	27.899	2775	2026	13	3	12.431	2.458	174.498	0.387	5.057	0.198	0.762
329	33	37.545	15.309	7	72	24.142	380	2045	9	5	8.952	4.694	178.229	0.711	1.907	0.524	0.805
330	40	32.000	11.136	5	52	26.142	3352	2063	10	6	9.714	5.243	17.539	0.736	1.853	0.540	0.833
331	26	28.885	11.515	4	49	26.142	2682	2064	11	4	10.727	3.086	5.682	0.478	3.476	0.288	0.743
332	36	20.167	10.579	2	44	30.385	1033	2065	10	6	9.421	4.866	5.988	0.490	1.936	0.516	0.655
333	134	14.470	7.076	0	32	52.527	933	2066	18	13	15.534	10.983	8.133	0.610	1.414	0.707	0.755
334	1350	48.720	26.742	0	131	189.823	2037	2072	68	34	65.636	26.188	14.045	0.471	2.506	0.399	0.844
335	100	18.440	9.518	3	40	38.627	2005	2076	11	13	11.694	10.888	74.595	0.842	1.074	0.931	0.862
336	59	15.593	8.672	2	38	35.456	1899	2078	12	10	10.133	7.414	14.412	0.590	1.367	0.732	0.724
337	24	11.708	7.322	1	29	23.556	3279	2086	5	9	7.770	3.933	86.658	0.544	1.976	0.506	0.696
338	36	29.500	11.236	1	48	25.556	1305	2087	7	7	7.504	6.109	167.259	0.693	1.228	0.814	0.791
339	542	27.212	14.592	2	83	99.740	2776	2090	29	29	27.709	24.905	118.589	0.685	1.113	0.899	0.861
340	369	14.285	6.821	1	40	88.083	2212	2097	25	26	27.908	16.835	138.402	0.598	1.658	0.603	0.805
341	393	18.858	9.220	1	49	93.983	2171	2120	27	23	25.512	19.613	168.515	0.559	1.301	0.769	0.820
342	20	16.400	8.684	3	38	16.728	2603	2120	5	6	5.671	4.490	101.701	0.898	1.263	0.792	0.816
343	54	41.963	17.197	12	78	30.385	1960	2146	12	7	11.558	5.949	19.586	0.735	1.943	0.515	0.837
344	803	31.463	11.908	0	66	130.024	7	2152	38	32	34.096	29.986	176.614	0.597	1.137	0.879	0.857
345	81	25.753	11.266	3	52	37.456	367	2156	12	12	12.524	8.235	31.723	0.726	1.521	0.658	0.802
346	329	43.137	19.985	1	96	111.640	1837	2159	45	16	36.576	11.453	10.739	0.332	3.194	0.313	0.716
347	165	36.770	15.014	3	73	55.698	2467	2159	20	14	21.387	9.823	155.599	0.668	2.177	0.459	0.829
348	21	13.286	7.107	1	25	20.728	845	2161	7	6	6.888	3.882	152.209	0.614	1.774	0.564	0.667
349	43	23.209	7.842	7	42	29.799	691	2176	12	6	11.276	4.855	15.292	0.609	2.322	0.431	0.782
350	72	14.847	7.336	1	39	45.113	2260	2180	14	11	11.973	7.657	173.341	0.445	1.564	0.640	0.673
351	117	23.179	11.183	2	49	44.042	2023	2187	15	12	16.246	9.170	24.148	0.758	1.772	0.564	0.863
352	246	54.610	22.871	2	103	73.012	3789	2190	26	16	23.490	13.334	4.767	0.580	1.762	0.568	0.805
353	5970	50.217	28.478	0	155	577.955	848	2196	152	116	96.087	79.108	154.820	0.225	1.215	0.823	0.601
354	73	83.671	23.722	14	131	33.213	70	2203	12	9	11.091	8.380	178.458	0.832	1.323	0.756	0.859
355	201	77.731	36.662	1	154	73.255	1273	2204	29	15	25.829	9.908	13.404	0.471	2.607	0.384	0.743
356	54	59.981	24.604	7	101	37.213	1815	2207	16	5	14.612	4.705	5.229	0.490	3.105	0.322	0.794
357	1747	52.633	30.701	1	158	223.238	3190	2226	83	41	68.141	32.643	6.859	0.441	2.087	0.479	0.786
358	270	19.944	9.385	2	62	74.083	2887	2228	21	20	19.405	17.715	175.895	0.618	1.095	0.913	0.818
359	18	41.778	14.763	14	72	19.556	1100	2233	8	5	6.732	3.405	15.092	0.591	1.977	0.506	0.679
360	22	44.227	16.790	10	69	18.142	2329	2248	7	5	6.648	4.213	18.146	0.840	1.578	0.634	0.815
361	124	19.024	10.041	2	43	73.012	3027	2251	23	11	20.271	7.788	3.121	0.292	2.603	0.384	0.626
362	23	12.739	8.313	3	29	21.899	2855	2256	9	4	8.228	3.559	15.711	0.603	2.312	0.433	0.807
363	1947	50.394	28.986	1	140	253.421	3015	2257	99	40	93.767	26.438	13.703	0.381	3.547	0.282	0.794
364	28	38.357	16.246	11	68	24.728	1265	2267	11	4	9.966	3.577	178.002	0.575	2.786	0.359	0.800
365	25	32.800	15.411	9	58	19.556	1093	2270	7	6	6.583	4.835	177.710	0.821	1.362	0.734	0.769
366	23	30.391	10.188	9	48	20.142	957	2278	8	5	7.286	4.019	6.708	0.712	1.813	0.552	0.754
367	80	27.363	12.751	2	57	44.870	1784	2286	16	10	15.244	6.682	20.323	0.499	2.281	0.438	0.714
368	2058	30.685	16.661	1	91	224.108	2277	2286	46	68	64.911	40.368	104.699	0.515	1.608	0.622	0.846
369	208	12.567	6.689	0	35	79.497	1830	2305	19	19	20.245	13.082	36.689	0.414	1.548	0.646	0.740
370	146	45.678	16.160	3	93	52.527	1035	2306	18	13	17.226	10.791	19.735	0.665	1.596	0.626	0.832
371	22	29.500	11.083	5	46	17.071	1508	2320	6	4	6.373	4.396	169.707	0.949	1.450	0.690	0.957
372	1642	31.367	15.361	0	81	225.966	3310	2335	78	41	72.592	28.800	19.132	0.404	2.521	0.397	0.757
373	26	31.154	15.054	5	55	22.142	3786	2339	8	5	8.486	3.901	179.385	0.666	2.175	0.460	0.743
374	386	47.619	24.179	2	125	129.296	2419	2341	51	15	48.171	10.203	4.186	0.290	4.721	0.212	0.637
375	264	52.455	26.767	3	120	76.426	40	2342	29	16	23.226	14.472	4.469	0.568	1.605	0.623	0.820
376	263	15.791	7.687	1	40	72.426	1808	2343	20	21	19.761	16.946	110.950	0.630	1.166	0.858	0.830
377	1300	26.631	10.644	2	61	146.024	3081	2348	43	45	46.663	35.472	48.294	0.766	1.316	0.760	0.926
378	4966	29.969	18.420	0	108	342.250	3904	2356	95	81	100.390	62.983	16.978	0.533	1.594	0.627	0.888
379	77	56.416	16.269	14	85	36.627	998	2361	13	9	12.873	7.616	5.491	0.721	1.690	0.592	0.832
380	338	78.151	28.456	13	157	79.255	2888	2370	30	19	27.548	15.622	167.506	0.676	1.763	0.567	0.850
381	39	16.462	7.145	5	33	27.556	3300	2374	9	6	8.931	5.560	2.669	0.645	1.606	0.622	0.804
382	169	15.692	8.016	2	43	63.012	1868	2384	20	17	17.311	12.430	153.588	0.535	1.393	0.718	0.738
383	204	46.990	27.501	2	119	60.527	2636	2389	21	13	20.727	12.532	9.555	0.700	1.654	0.605	0.883
384	2394	40.165	20.349	0	110	254.350	2861	2391	96	47	84.730	35.975	8.220	0.465	2.355	0.425	0.834
385	2560	38.896	21.326	1	108	238.593	761	2394	87	48	83.109	39.220	14.036	0.565	2.119	0.472	0.906
386	61	54.557	20.260	7	104	33.456	1917	2413	12	10	12.949	5.998	35.238	0.685	2.159	0.463	0.782
387	115	47.000	22.410	4	98	57.355	1868	2414	19	15	13.645	10.731	167.226	0.439	1.272	0.786	0.657
388	67	34.194	13.768	8	63	34.042	868	2417	13	8	12.821	6.654	13.188	0.727	1.927	0.519	0.827
389	78	15.615	7.594	2	35	40.142	3075	2428	13	10	12.142	8.179	10.397	0.608	1.484	0.674	0.750
390	18	35.167	10.848	18	62	22.728	375	2430	9	4	8.238	2.782	8.049	0.438	2.961	0.338	0.643
391	81	27.617	13.309	8	62	48.870	3837	2437	21	7	19.538	5.279	3.915	0.426	3.701	0.270	0.747
392	29	15.724	7.986	5	35	20.385	2321	2439	8	6	7.862	4.696	14.463	0.877	1.674	0.597	0.795
393	2532	24.647	11.410	0	77	231.522	1407	2445	63	55	62.302	51.746	10.752	0.594	1.204	0.831	0.908
394	166	29.283	11.802	5	65	59.698	2909	2445	20	13	19.442	10.871	0.586	0.585	1.788	0.559	0.798
395	133	18.481	8.610	2	44	51.941	65	2451	15	15	13.818	12.255	52.839	0.619	1.128	0.887	0.776
396	309	46.926	23.373	1	120	90.669	3334	2462	31	19	26.451	14.874	159.153	0.472	1.778	0.562	0.773
397	47	24.809	10.014	2	48	30.385	147	2467	11	8	11.448	5.227	18.221	0.640	2.190	0.457	0.734
398	32	36.031	16.165	10	67	28.385	1081	2468	11	6	10.705	3.806	10.244	0.499	2.812	0.356	0.703
399	30	42.633	12.944	20	71	23.314	337	2482	10	4	9.362	4.080	1.425	0.694	2.295	0.436	0.882
400	1493	53.280	30.516	0	152	238.108	263	2483	68	54	50.482	37.656	179.772	0.331	1.341	0.746	0.688
401	16	26.438	10.366	14	47	20.728	71	2488	8	5	7.320	2.783	144.311	0.468	2.630	0.380	0.615
402	40	51.525	17.301	10	90	28.385	3191	2498	11	7	9.426	5.403	7.162	0.624	1.744	0.573	0.741
403	30	25.133	11.488	4	43	22.728	1619	2509	9	5	9.988	3.824	20.137	0.730	2.612	0.383	0.857
404	37	58.324	19.515	25	101	24.385	250	2515	8	7	8.609	5.472	21.883	0.782	1.573	0.636	0.813
405	432	35.514	18.912	1	86	105.740	1998	2524	32	29	35.913	15.316	132.344	0.486	2.345	0.426	0.763
406	2395	50.952	27.215	1	152	298.392	54	2529	113	48	102.533	29.741	12.959	0.338	3.448	0.290	0.735
407	49	19.837	9.986	3	43	42.870	1754	2536	15	11	12.895	4.838	38.289	0.335	2.665	0.375	0.557
408	53	54.509	18.882	12	87	29.556	2810	2544	12	6	11.643	5.796	4.908	0.762	2.009	0.498	0.876
409	29	47.172	16.054	17	71	21.556	404	2546	8	6	8.012	4.608	20.041	0.784	1.739	0.575	0.817
410	64	29.156	12.327	3	59	36.385	1502	2550	13	8	11.833	6.886	10.233	0.608	1.718	0.582	0.780
411	30	50.133	14.277	18	79	22.728	3740	2554	10	4	9.253	4.128	3.943	0.730	2.241	0.446	0.870
412	90	19.167	9.664	2	47	40.042	2200	2556	11	12	12.328	9.295	86.695	0.705	1.326	0.754	0.814
413	6813	38.439	23.352	0	135	617.997	3504	2558	202	83	150.223	57.745	11.144	0.224	2.602	0.384	0.669
414	17	30.706	10.306	6	48	15.314	889	2563	6	4	6.161	3.513	174.837	0.911	1.754	0.570	0.829
415	22	38.636	13.717	10	66	17.556	2155	2579	7	5	6.303	4.444	166.336	0.897	1.418	0.705	0.800
416	51	42.118	13.698	10	77	30.971	454	2586	12	7	11.068	5.867	0.980	0.668	1.886	0.530	0.785
417	49	25.878	10.852	5	46	31.556	2904	2588	9	10	9.482	6.580	87.545	0.618	1.441	0.694	0.748
418	33	29.939	11.787	5	48	22.728	268	2589	9	5	9.834	4.273	168.624	0.803	2.301	0.435	0.857
419	31	29.903	8.276	12	45	21.556	2893	2594	8	6	7.838	5.036	20.132	0.838	1.556	0.643	0.816
420	1282	35.072	13.736	1	82	151.581	199	2597	47	44	45.568	35.821	167.613	0.701	1.272	0.786	0.875
421	33	13.333	6.613	2	27	24.142	1528	2600	10	5	9.520	4.414	179.801	0.711	2.157	0.464	0.825
422	175	29.194	14.211	2	59	57.598	942	2615	17	18	18.750	11.884	125.828	0.663	1.578	0.634	0.810
423	812	43.101	17.483	2	91	120.368	2255	2641	40	30	39.177	26.390	14.240	0.704	1.485	0.674	0.894
424	36	52.611	15.663	18	83	26.142	2573	2648	10	6	10.918	4.198	15.738	0.662	2.600	0.385	0.800
425	57	12.439	7.094	3	30	32.627	464	2656	10	11	9.780	7.421	120.129	0.673	1.318	0.759	0.735
426	404	23.017	10.060	1	56	85.983	2813	2670	28	23	25.861	19.890	175.574	0.687	1.300	0.769	0.842
427	39	44.949	16.986	15	83	26.385	2867	2674	11	6	10.189	4.873	7.164	0.704	2.091	0.478	0.772
428	201	67.871	31.033	7	147	63.598	2595	2680	23	17	23.818	10.745	32.557	0.624	2.217	0.451	0.817
429	835	50.236	26.751	3	125	138.125	1829	2682	42	32	35.624	29.843	7.604	0.550	1.194	0.838	0.840
430	19	49.316	24.224	12	79	16.142	1879	2682	6	5	5.546	4.362	32.152	0.916	1.272	0.786	0.792
431	4068	24.725	11.632	1	70	301.220	1001	2707	77	76	72.565	71.378	115.217	0.563	1.017	0.984	0.885
432	155	30.110	15.302	2	75	51.456	3734	2707	18	12	17.731	11.131	179.597	0.736	1.593	0.628	0.876
433	37	63.486	19.251	16	94	23.556	1458	2719	8	7	8.426	5.591	156.487	0.838	1.507	0.664	0.813
434	2095	55.065	32.205	1	171	221.238	507	2732	75	40	70.484	37.845	178.530	0.538	1.862	0.537	0.865
435	26	45.038	15.586	17	72	18.728	1478	2735	7	5	6.769	4.890	176.859	0.932	1.384	0.722	0.852
436	896	36.323	14.892	0	83	137.782	2696	2742	49	34	43.372	26.303	1.398	0.593	1.649	0.606	0.828
437	50	42.060	18.410	8	71	31.556	1416	2744	13	6	13.217	4.817	178.207	0.631	2.744	0.364	0.800
438	2519	35.958	16.664	0	89	248.492	2571	2745	64	70	67.719	47.362	69.440	0.513	1.430	0.699	0.835
439	44	49.364	17.720	13	90	26.142	99	2762	11	5	10.963	5.110	2.840	0.809	2.145	0.466	0.898
440	111	42.099	16.610	11	97	41.456	2859	2768	13	13	12.082	11.697	110.087	0.812	1.033	0.968	0.847
441	206	34.587	16.893	4	86	61.698	2737	2772	22	13	22.626	11.592	20.096	0.680	1.952	0.512	0.894
442	27	20.222	10.775	1	43	21.556	2177	2773	8	6	7.962	4.317	158.304	0.730	1.844	0.542	0.750
443	537	34.737	15.872	2	82	106.711	2768	2775	35	31	38.623	17.703	135.898	0.593	2.182	0.458	0.822
444	120	20.458	10.440	4	44	51.113	3766	2787	15	13	13.706	11.148	173.584	0.577	1.229	0.813	0.782
445	169	42.669	16.542	1	92	54.527	2706	2792	15	16	15.245	14.115	97.498	0.714	1.080	0.926	0.847
446	31	27.129	8.999	4	42	22.485	3800	2796	8	5	8.207	4.810	167.410	0.771	1.706	0.586	0.873
447	52	34.692	12.330	9	63	28.627	1466	2799	10	9	8.534	7.758	36.023	0.797	1.100	0.909	0.776
448	39	34.487	13.595	4	61	29.799	3636	2802	10	7	9.809	5.062	15.085	0.552	1.938	0.516	0.709
449	50	56.780	18.653	18	87	29.556	2559	2807	11	7	10.285	6.190	3.210	0.719	1.662	0.602	0.813
450	74	14.730	6.923	2	35	49.698	2296	2816	15	10	12.843	7.336	23.743	0.376	1.751	0.571	0.667
451	60	41.583	15.115	9	66	32.971	1691	2834	13	6	13.011	5.871	1.165	0.694	2.216	0.451	0.863
452	4719	41.804	25.818	0	140	394.375	710	2836	119	68	112.834	53.250	10.436	0.381	2.119	0.472	0.822
453	31	10.806	5.455	3	22	29.556	3437	2846	8	8	7.322	5.391	33.552	0.446	1.358	0.736	0.626
454	34	51.912	18.105	12	87	25.314	3925	2861	10	5	9.579	4.519	1.167	0.667	2.120	0.472	0.829
455	137	57.336	22.650	10	107	55.456	1944	2870	23	10	22.899	7.617	10.405	0.560	3.006	0.333	0.843
456	16	24.188	5.023	15	31	14.485	2078	2883	6	3	6.494	3.137	172.427	0.958	2.070	0.483	0.941
457	103	20.087	9.615	1	39	42.385	1814	2884	14	11	14.471	9.062	42.763	0.720	1.597	0.626	0.855
458	35	55.857	15.943	29	93	27.314	178	2898	12	4	12.090	3.686	10.426	0.590	3.280	0.305	0.875
459	40	58.950	17.026	8	100	25.556	181	2918	11	5	10.460	4.869	11.191	0.770	2.148	0.465	0.879
460	86	23.535	11.458	2	49	40.284	3794	2918	12	13	13.035	8.400	56.285	0.666	1.552	0.644	0.789
461	898	24.473	12.806	0	71	135.782	3519	2950	34	44	48.902	23.381	55.567	0.612	2.092	0.478	0.886
462	30	36.700	14.054	10	65	21.556	3404	2952	6	8	7.731	4.941	54.418	0.811	1.565	0.639	0.800
463	120	31.033	13.735	2	61	52.527	1654	2962	18	14	18.690	8.175	43.211	0.547	2.286	0.437	0.757
464	24	13.417	6.613	3	29	21.556	1889	2963	8	6	6.007	5.087	175.810	0.649	1.181	0.847	0.696
465	63	45.619	18.790	4	78	34.971	2703	2970	14	6	13.499	5.942	8.364	0.647	2.272	0.440	0.851
466	43	47.047	13.851	12	69	25.556	3933	2980	9	7	9.438	5.801	36.314	0.827	1.627	0.615	0.878
