 	Area	Mean	StdDev	Min	Max	Perim.	BX	BY	Width	Height	Major	Minor	Angle	Circ.	AR	Round	Solidity
1	38	34.026	14.556	5	61	30.971	275	5	13	5	11.883	4.072	177.395	0.498	2.918	0.343	0.731
2	680	38.966	15.791	1	84	113.640	1341	5	34	30	32.701	26.477	18.957	0.662	1.235	0.810	0.863
3	60	63.933	27.490	11	125	33.799	1793	15	14	7	13.749	5.556	3.543	0.660	2.474	0.404	0.800
4	253	60.490	25.266	2	123	82.426	1524	22	33	14	29.398	10.957	3.158	0.468	2.683	0.373	0.781
5	43	48.442	12.951	17	72	31.556	1671	34	14	4	14.208	3.853	1.997	0.543	3.687	0.271	0.843
6	124	32.073	17.667	4	86	87.355	3993	41	6	35	31.686	4.983	89.601	0.204	6.359	0.157	0.667
7	178	53.247	23.674	8	114	92.184	3573	44	40	8	39.844	5.688	173.695	0.263	7.005	0.143	0.761
8	32	45.031	17.632	7	74	23.556	3833	45	9	5	8.780	4.640	6.639	0.725	1.892	0.528	0.810
9	1392	41.800	21.632	1	129	163.924	3515	61	53	42	46.600	38.033	155.931	0.651	1.225	0.816	0.879
10	42	19.548	6.954	6	33	28.971	3066	67	10	7	10.943	4.887	161.459	0.629	2.239	0.447	0.764
11	1995	49.265	33.010	0	152	187.338	3162	68	66	41	63.326	40.112	8.661	0.714	1.579	0.633	0.926
12	570	31.384	12.827	2	68	115.296	2404	70	32	28	29.673	24.458	30.738	0.539	1.213	0.824	0.841
13	20	26.250	11.243	8	44	17.899	3659	72	8	3	8.075	3.154	175.292	0.784	2.560	0.391	0.909
14	24	33.375	14.503	5	62	23.314	2762	80	10	4	8.688	3.517	175.616	0.555	2.470	0.405	0.800
15	305	21.400	9.818	0	53	79.497	3401	91	22	22	21.280	18.249	19.506	0.606	1.166	0.858	0.827
16	29	29.345	14.458	6	64	27.556	3151	98	12	5	11.766	3.138	10.831	0.480	3.749	0.267	0.725
17	158	31.247	14.230	4	64	61.598	2981	104	23	13	22.346	9.003	19.724	0.523	2.482	0.403	0.760
18	130	54.215	26.358	7	115	54.870	2830	110	21	10	20.196	8.196	167.247	0.543	2.464	0.406	0.776
19	320	25.831	13.373	0	71	73.841	3426	121	28	18	26.642	15.293	23.291	0.738	1.742	0.574	0.874
20	127	82.913	29.222	14	143	46.284	752	133	18	11	16.240	9.957	12.882	0.745	1.631	0.613	0.855
21	60	40.817	17.651	7	84	34.971	3693	133	14	7	12.361	6.180	9.346	0.617	2.000	0.500	0.800
22	72	68.264	30.836	9	127	35.456	3934	147	14	9	13.650	6.716	26.573	0.720	2.033	0.492	0.814
23	27	26.926	7.741	10	40	19.899	546	150	8	4	7.965	4.316	1.474	0.857	1.845	0.542	0.931
24	20	26.450	7.222	16	43	17.899	1655	150	7	4	6.423	3.965	5.329	0.784	1.620	0.617	0.851
25	628	49.592	24.874	3	122	126.326	2621	153	50	19	51.108	15.645	0.351	0.495	3.267	0.306	0.838
26	147	57.401	22.285	4	105	53.698	500	156	21	10	20.114	9.305	13.382	0.641	2.161	0.463	0.857
27	16	11.562	6.841	3	30	17.899	3519	158	6	5	5.115	3.983	7.840	0.628	1.284	0.779	0.727
28	123	27.642	12.601	1	57	52.870	3160	162	19	11	18.701	8.374	166.048	0.553	2.233	0.448	0.776
29	667	28.157	11.920	1	62	110.225	89	166	36	26	33.970	25.000	179.541	0.690	1.359	0.736	0.882
30	88	66.102	28.523	15	122	40.971	1126	166	17	7	17.460	6.417	5.324	0.659	2.721	0.368	0.867
31	129	62.814	28.188	5	118	47.213	3383	173	19	9	19.541	8.405	10.663	0.727	2.325	0.430	0.912
32	61	62.459	22.709	15	105	32.971	2177	180	14	6	13.644	5.693	8.369	0.705	2.397	0.417	0.871
33	25	15.520	8.058	4	31	19.314	3665	189	6	6	6.222	5.116	8.574	0.842	1.216	0.822	0.833
34	255	74.169	31.990	7	156	75.012	2708	190	31	12	29.368	11.056	4.413	0.569	2.656	0.376	0.870
35	25	20.400	10.817	2	38	22.728	2725	204	10	4	8.587	3.707	179.106	0.608	2.317	0.432	0.806
36	972	35.600	20.188	0	95	146.610	2027	211	43	36	42.945	28.818	152.527	0.568	1.490	0.671	0.858
37	25	20.000	10.388	2	47	20.142	280	226	8	5	7.816	4.072	20.436	0.774	1.919	0.521	0.794
38	25	22.120	8.824	7	41	19.556	2387	237	6	7	6.821	4.666	50.655	0.821	1.462	0.684	0.794
39	19	16.316	8.479	4	33	22.142	752	240	9	5	7.346	3.293	167.714	0.487	2.230	0.448	0.644
40	44	24.523	12.851	4	65	28.385	3482	245	9	8	9.735	5.755	51.797	0.686	1.692	0.591	0.786
41	17	26.529	13.776	4	52	16.485	1515	246	6	4	6.191	3.496	13.379	0.786	1.771	0.565	0.850
42	30	25.867	11.843	4	52	26.142	881	256	11	5	9.358	4.082	178.155	0.552	2.293	0.436	0.732
43	29	38.759	15.553	15	72	24.142	3741	256	10	4	9.633	3.833	175.519	0.625	2.513	0.398	0.806
44	174	58.006	29.336	4	118	95.255	1076	266	39	9	32.615	6.793	177.844	0.241	4.801	0.208	0.659
45	33	40.576	12.425	16	62	22.728	3633	276	10	4	10.076	4.170	178.360	0.803	2.416	0.414	0.904
46	43	48.977	14.339	23	78	34.042	2638	283	14	5	13.830	3.959	179.440	0.466	3.493	0.286	0.717
47	97	30.186	14.241	5	72	55.355	806	284	22	12	19.857	6.220	19.759	0.398	3.193	0.313	0.678
48	1538	44.128	21.684	0	106	161.338	3122	286	48	47	48.278	40.562	134.648	0.742	1.190	0.840	0.921
49	21	17.952	8.651	6	36	20.728	1933	290	8	4	8.317	3.215	6.799	0.614	2.587	0.387	0.750
50	49	32.878	12.155	14	62	31.556	1674	303	13	6	12.468	5.004	8.988	0.618	2.492	0.401	0.838
51	87	18.207	9.216	1	44	51.113	510	309	20	9	17.408	6.363	9.266	0.418	2.736	0.366	0.693
52	56	68.679	19.195	25	106	30.627	2580	309	12	7	11.651	6.120	174.188	0.750	1.904	0.525	0.812
53	370	59.627	33.439	2	152	102.083	1072	315	41	18	33.744	13.961	11.303	0.446	2.417	0.414	0.763
54	775	30.266	12.203	3	69	113.054	1694	316	39	27	38.300	25.764	3.033	0.762	1.487	0.673	0.906
55	1622	47.620	27.691	0	141	185.095	2070	328	66	36	62.322	33.137	176.808	0.595	1.881	0.532	0.883
56	639	36.061	15.195	1	85	110.468	3670	349	34	31	35.391	22.989	137.221	0.658	1.539	0.650	0.861
57	24	57.417	21.482	10	97	21.314	3991	350	8	5	8.058	3.792	14.202	0.664	2.125	0.471	0.787
58	1001	26.776	11.591	1	67	141.439	1333	353	34	42	41.300	30.860	80.949	0.629	1.338	0.747	0.864
59	59	47.593	20.548	6	85	36.385	741	355	16	5	15.513	4.843	1.594	0.560	3.203	0.312	0.837
60	341	30.284	19.493	0	79	74.527	2860	358	29	15	28.904	15.021	2.674	0.772	1.924	0.520	0.930
61	62	63.048	26.135	17	116	37.799	230	364	16	6	15.816	4.991	2.513	0.545	3.169	0.316	0.800
62	18	35.333	15.111	1	57	19.314	1230	364	7	4	7.481	3.063	8.137	0.606	2.442	0.409	0.750
63	281	23.388	10.533	2	55	87.154	879	370	28	18	24.971	14.328	161.572	0.465	1.743	0.574	0.768
64	21	42.524	17.979	15	73	17.556	3426	374	7	5	6.851	3.903	158.490	0.856	1.755	0.570	0.792
65	102	45.216	14.007	10	73	40.870	2429	380	14	12	13.335	9.739	18.130	0.767	1.369	0.730	0.833
66	49	39.449	13.478	7	60	33.799	3905	392	12	8	11.622	5.368	1.444	0.539	2.165	0.462	0.690
67	2264	45.412	24.497	1	125	199.137	820	393	63	53	59.572	48.389	162.344	0.717	1.231	0.812	0.916
68	714	39.866	16.369	1	84	116.125	1208	393	38	31	37.938	23.963	30.053	0.665	1.583	0.632	0.870
69	642	53.298	32.593	2	145	137.640	1624	404	56	21	52.274	15.637	171.701	0.426	3.343	0.299	0.807
70	36	65.750	22.077	29	104	29.314	3471	404	13	4	12.433	3.687	2.816	0.526	3.372	0.297	0.818
71	60	14.817	6.657	2	36	33.799	2405	412	12	8	11.746	6.504	6.571	0.660	1.806	0.554	0.805
72	23	49.304	17.290	11	81	22.728	3851	416	10	4	9.452	3.098	11.251	0.560	3.051	0.328	0.754
73	1661	40.036	19.022	0	113	194.167	1821	417	72	37	71.126	29.734	13.329	0.554	2.392	0.418	0.877
74	465	55.376	24.626	3	118	96.912	20	422	28	24	28.249	20.959	151.216	0.622	1.348	0.742	0.862
75	181	21.166	10.385	3	50	62.770	3039	424	23	12	19.719	11.687	177.502	0.577	1.687	0.593	0.815
76	32	36.281	12.774	13	62	23.556	1630	426	9	6	8.860	4.599	15.197	0.725	1.927	0.519	0.762
77	166	89.018	41.014	7	189	54.385	3981	430	18	12	18.648	11.334	171.371	0.705	1.645	0.608	0.910
78	73	23.301	11.769	4	55	57.213	2272	438	26	6	23.794	3.906	11.484	0.280	6.091	0.164	0.737
79	26	33.769	9.973	15	48	20.728	1553	444	9	4	8.246	4.015	4.789	0.760	2.054	0.487	0.867
80	138	19.638	8.907	1	45	54.527	817	451	17	14	14.832	11.846	174.041	0.583	1.252	0.799	0.744
81	19	34.421	18.188	10	75	19.899	3494	455	9	3	8.823	2.742	5.752	0.603	3.218	0.311	0.826
82	173	33.092	14.086	3	82	56.527	3131	456	20	13	19.672	11.197	13.428	0.680	1.757	0.569	0.842
83	21	29.952	12.363	10	55	21.899	3946	461	9	4	9.956	2.685	5.850	0.550	3.708	0.270	0.737
84	16	12.750	6.372	2	26	21.556	1163	473	7	7	6.838	2.979	43.084	0.433	2.296	0.436	0.571
85	32	13.250	7.405	2	31	36.971	1670	473	16	5	14.980	2.720	12.857	0.294	5.508	0.182	0.634
86	61	62.738	24.107	6	107	33.556	3443	474	14	6	13.447	5.776	6.772	0.681	2.328	0.430	0.871
87	20	9.400	4.147	3	18	24.142	1658	476	9	5	8.693	2.929	11.503	0.431	2.968	0.337	0.645
88	43	52.791	24.168	5	87	32.385	1124	486	14	6	11.215	4.882	13.017	0.515	2.297	0.435	0.754
89	1387	55.434	29.938	1	139	160.024	2423	486	53	35	53.691	32.892	8.242	0.681	1.632	0.613	0.911
90	80	55.125	25.954	14	106	53.456	3827	490	23	8	20.274	5.024	13.981	0.352	4.035	0.248	0.699
91	26	33.000	12.133	8	54	22.385	1081	494	8	6	7.595	4.358	179.440	0.652	1.743	0.574	0.712
92	1125	47.814	34.648	0	168	172.752	3146	509	63	31	56.296	25.444	4.401	0.474	2.213	0.452	0.814
93	326	55.730	26.940	5	138	107.154	106	512	42	15	43.930	9.449	7.709	0.357	4.649	0.215	0.758
94	126	65.579	19.515	1	106	47.113	3120	513	12	17	15.631	10.264	66.704	0.713	1.523	0.657	0.824
95	119	69.908	37.292	3	153	67.698	3880	515	29	8	27.406	5.528	170.919	0.326	4.957	0.202	0.700
96	412	47.049	27.705	4	136	153.296	66	518	55	20	45.152	11.618	167.359	0.220	3.886	0.257	0.572
97	41	82.683	26.212	37	141	27.314	3629	518	12	4	12.394	4.212	6.578	0.691	2.943	0.340	0.943
98	244	91.361	44.768	7	202	76.527	2115	523	32	11	30.795	10.088	3.707	0.524	3.053	0.328	0.876
99	74	73.365	25.923	10	116	36.627	3271	535	15	8	14.403	6.542	177.728	0.693	2.202	0.454	0.827
100	35	31.229	10.158	17	55	22.971	1484	538	9	6	8.302	5.368	173.226	0.834	1.547	0.647	0.805
101	2062	44.704	22.090	1	119	227.522	1612	540	66	62	57.373	45.760	137.453	0.501	1.254	0.798	0.762
102	73	55.342	18.220	17	122	41.456	3541	552	16	8	14.701	6.323	3.117	0.534	2.325	0.430	0.730
103	65	57.415	21.114	19	101	39.213	2572	555	17	7	16.165	5.120	2.240	0.531	3.157	0.317	0.765
104	411	23.277	11.530	2	53	95.397	1984	557	26	27	28.404	18.424	126.350	0.568	1.542	0.649	0.820
105	76	64.789	20.472	12	95	45.213	2777	565	18	7	18.594	5.204	178.970	0.467	3.573	0.280	0.700
106	38	48.053	15.076	22	74	29.556	1394	567	13	5	12.829	3.771	13.797	0.547	3.402	0.294	0.817
107	17	31.647	7.132	19	44	17.899	3924	568	8	3	7.495	2.888	6.958	0.667	2.595	0.385	0.829
108	385	73.506	30.486	6	149	95.255	1020	574	34	21	31.230	15.696	158.635	0.533	1.990	0.503	0.785
109	43	49.767	12.763	17	72	26.142	2913	574	11	5	10.931	5.008	175.327	0.791	2.183	0.458	0.878
110	24	71.542	27.857	10	129	23.314	3060	576	10	4	10.229	2.987	6.898	0.555	3.424	0.292	0.750
111	2039	71.876	47.980	2	214	239.522	888	585	94	34	86.057	30.168	1.957	0.447	2.853	0.351	0.853
112	81	11.630	5.866	1	28	56.770	1398	586	16	14	12.153	8.486	45.854	0.316	1.432	0.698	0.587
113	28	31.571	13.028	10	61	31.556	782	588	13	4	11.404	3.126	1.939	0.353	3.648	0.274	0.659
114	17	38.353	10.018	21	54	24.728	2146	588	10	4	9.630	2.248	171.644	0.349	4.284	0.233	0.567
115	50	16.680	8.698	1	41	34.042	768	594	13	7	11.736	5.425	5.729	0.542	2.163	0.462	0.719
116	42	70.595	21.798	5	119	27.556	3387	595	10	6	10.535	5.076	5.155	0.695	2.075	0.482	0.792
117	134	35.284	17.504	2	84	47.698	1727	598	19	10	17.305	9.859	179.516	0.740	1.755	0.570	0.867
118	129	57.357	32.813	6	133	44.870	2000	600	18	10	16.496	9.957	178.078	0.805	1.657	0.604	0.887
119	50	45.160	20.336	8	106	34.385	589	612	15	6	13.669	4.658	11.375	0.531	2.935	0.341	0.781
120	30	38.900	13.942	11	74	23.314	2894	617	10	4	10.634	3.592	4.812	0.694	2.961	0.338	0.857
121	3923	63.796	44.327	0	215	430.919	3174	624	173	36	154.504	32.329	1.773	0.265	4.779	0.209	0.822
122	365	62.060	37.842	2	191	98.669	3848	624	37	18	37.057	12.541	14.969	0.471	2.955	0.338	0.821
123	1401	49.077	24.968	1	123	190.752	1424	625	65	39	56.541	31.549	2.547	0.484	1.792	0.558	0.819
124	975	33.183	13.346	2	72	143.782	1212	647	49	30	47.436	26.170	13.225	0.593	1.813	0.552	0.881
125	640	58.972	30.788	2	150	106.569	1034	648	37	25	34.632	23.530	177.326	0.708	1.472	0.679	0.887
126	24	38.542	12.137	15	56	20.142	2675	648	8	5	7.500	4.074	11.051	0.743	1.841	0.543	0.787
127	25	41.000	19.044	4	82	17.899	3118	659	6	5	6.266	5.080	25.084	0.981	1.233	0.811	0.909
128	405	23.210	15.437	2	81	92.811	2578	670	25	24	24.580	20.979	49.436	0.591	1.172	0.854	0.831
129	53	38.528	11.200	18	59	31.213	203	674	12	8	10.070	6.702	14.703	0.684	1.503	0.666	0.791
130	62	105.532	35.492	38	170	35.799	3571	674	15	6	14.812	5.330	5.530	0.608	2.779	0.360	0.816
131	77	49.766	15.651	11	84	35.799	693	676	13	8	13.183	7.437	170.397	0.755	1.773	0.564	0.865
132	24	36.958	17.384	5	65	19.899	939	676	8	4	8.643	3.536	4.706	0.762	2.444	0.409	0.873
133	240	41.275	21.259	4	106	68.527	172	682	27	12	27.660	11.048	12.065	0.642	2.504	0.399	0.892
134	27	32.296	12.907	8	58	23.556	359	683	9	5	8.182	4.202	18.065	0.611	1.947	0.514	0.761
135	87	99.897	36.004	5	160	41.456	2817	683	17	9	15.761	7.028	9.736	0.636	2.243	0.446	0.806
136	24	55.125	18.183	14	86	19.899	1597	688	8	4	8.377	3.648	8.155	0.762	2.296	0.435	0.889
137	22	51.318	26.057	18	111	21.899	3598	692	10	3	9.511	2.945	2.225	0.576	3.230	0.310	0.846
138	30	27.467	10.474	5	45	21.556	3667	706	8	6	7.336	5.207	2.382	0.811	1.409	0.710	0.800
139	65	85.677	33.816	16	148	35.556	1731	710	15	6	14.260	5.804	12.748	0.646	2.457	0.407	0.861
140	35	47.800	21.919	3	83	24.971	90	720	10	6	8.820	5.053	171.207	0.705	1.746	0.573	0.769
141	2787	41.184	21.481	0	124	252.593	2106	720	87	53	72.849	48.711	9.692	0.549	1.496	0.669	0.867
142	403	61.715	34.232	0	149	110.326	307	728	46	14	45.711	11.225	4.731	0.416	4.072	0.246	0.804
143	1217	52.979	26.259	0	144	155.924	3695	732	51	36	48.198	32.149	6.085	0.629	1.499	0.667	0.901
144	72	55.861	20.791	2	103	37.456	376	748	15	9	13.222	6.933	14.204	0.645	1.907	0.524	0.766
145	31	39.355	14.997	10	71	28.142	1997	773	12	5	9.797	4.029	4.224	0.492	2.432	0.411	0.705
146	72	115.028	32.341	38	177	36.385	889	779	15	7	13.659	6.711	8.831	0.683	2.035	0.491	0.828
147	39	11.333	5.493	1	27	33.456	1112	780	10	8	7.597	6.536	171.085	0.438	1.162	0.860	0.655
148	409	62.340	28.051	2	129	118.669	1634	781	48	14	46.356	11.234	2.100	0.365	4.126	0.242	0.798
149	16	13.250	7.047	1	24	16.728	1540	790	7	4	5.902	3.452	164.872	0.719	1.710	0.585	0.744
150	390	16.192	7.868	0	41	104.468	1732	804	31	21	26.880	18.474	15.215	0.449	1.455	0.687	0.778
151	338	68.488	39.575	3	174	99.154	1114	822	32	21	27.523	15.636	25.999	0.432	1.760	0.568	0.729
152	242	113.421	40.387	10	191	69.841	1309	828	28	16	28.447	10.831	24.916	0.623	2.626	0.381	0.871
153	54	30.463	12.276	4	52	32.385	1406	832	14	6	12.523	5.490	176.089	0.647	2.281	0.438	0.831
154	27	32.259	15.654	4	60	24.385	1612	850	10	5	9.323	3.687	3.986	0.571	2.529	0.395	0.711
155	21	47.524	13.144	19	69	23.314	2633	860	10	4	9.305	2.873	14.224	0.486	3.238	0.309	0.737
156	59	68.780	26.054	15	130	33.799	1829	861	14	7	12.587	5.968	13.054	0.649	2.109	0.474	0.781
157	516	45.167	18.315	3	97	96.225	3911	864	32	27	28.209	23.290	149.901	0.700	1.211	0.826	0.855
158	38	36.184	14.153	12	79	27.899	2617	866	12	4	11.232	4.308	7.113	0.613	2.607	0.384	0.905
159	69	31.362	10.753	7	54	34.971	673	879	13	8	13.022	6.746	17.675	0.709	1.930	0.518	0.879
160	266	22.872	10.063	3	60	67.841	1423	885	24	16	22.768	14.876	175.696	0.726	1.531	0.653	0.862
161	628	36.667	15.505	0	82	99.397	1136	898	32	28	31.346	25.508	18.999	0.799	1.229	0.814	0.909
162	27	27.037	9.358	6	44	19.899	551	902	8	4	8.117	4.235	7.335	0.857	1.917	0.522	0.915
163	474	25.162	10.441	0	58	107.983	54	924	35	23	30.815	19.585	169.174	0.511	1.573	0.636	0.818
164	635	74.776	37.929	1	180	147.539	2731	928	57	22	48.011	16.840	2.906	0.367	2.851	0.351	0.713
165	294	17.575	8.732	0	39	92.083	2943	931	26	21	19.736	18.967	14.396	0.436	1.041	0.961	0.761
166	133	52.451	20.307	1	97	53.113	393	932	22	11	22.067	7.674	161.523	0.592	2.876	0.348	0.824
167	139	60.302	34.563	2	128	51.456	2329	932	22	9	19.837	8.922	0.467	0.660	2.224	0.450	0.877
168	20	41.650	13.963	14	70	21.314	143	936	9	4	8.630	2.951	12.265	0.553	2.925	0.342	0.727
169	98	55.061	28.861	4	127	45.456	1975	937	19	9	17.156	7.273	176.273	0.596	2.359	0.424	0.810
170	1600	36.285	19.363	0	109	218.693	1848	973	58	52	62.105	32.802	144.461	0.420	1.893	0.528	0.803
171	566	58.171	28.619	1	129	124.711	3284	982	46	25	45.987	15.671	17.297	0.457	2.935	0.341	0.797
172	671	42.583	24.323	0	127	157.439	761	987	62	21	58.305	14.653	167.606	0.340	3.979	0.251	0.749
173	32	39.844	20.571	9	82	31.556	882	987	14	5	13.236	3.078	8.554	0.404	4.300	0.233	0.667
174	61	45.951	17.660	7	82	30.385	391	995	11	8	11.503	6.752	161.915	0.830	1.704	0.587	0.853
175	18	13.944	7.408	4	32	20.971	2552	997	8	5	7.151	3.205	24.113	0.514	2.231	0.448	0.667
176	356	14.410	8.459	1	45	84.569	3906	1008	26	22	25.114	18.049	20.522	0.626	1.391	0.719	0.834
177	26	14.654	6.735	4	29	24.142	3535	1021	5	10	8.831	3.749	87.291	0.561	2.356	0.424	0.722
178	264	100.489	58.981	2	206	79.841	2730	1022	32	14	33.063	10.167	13.926	0.520	3.252	0.307	0.846
179	128	45.109	19.420	3	84	56.042	2814	1022	23	8	23.199	7.025	6.879	0.512	3.302	0.303	0.842
180	70	11.571	6.298	2	30	59.355	710	1023	12	12	9.524	9.358	174.829	0.250	1.018	0.982	0.574
181	23	43.522	15.090	15	71	21.899	256	1024	10	3	9.458	3.096	176.530	0.603	3.055	0.327	0.885
182	687	83.450	42.786	4	205	150.368	3032	1029	57	21	57.149	15.306	4.044	0.382	3.734	0.268	0.730
183	46	54.130	20.077	22	100	29.799	1007	1035	12	7	11.108	5.273	10.881	0.651	2.107	0.475	0.780
184	59	43.847	17.222	4	77	36.627	3581	1037	14	7	14.763	5.089	9.272	0.553	2.901	0.345	0.761
185	76	42.539	22.985	4	93	46.042	3862	1040	19	6	19.180	5.045	175.546	0.451	3.802	0.263	0.788
186	314	63.433	36.352	3	171	69.598	891	1041	24	19	22.169	18.034	166.364	0.815	1.229	0.813	0.902
187	36	64.722	18.135	22	101	25.314	2506	1044	11	4	11.055	4.146	7.276E-15	0.706	2.666	0.375	0.923
188	1015	40.385	18.846	1	115	175.581	2684	1044	51	35	40.425	31.969	163.552	0.414	1.265	0.791	0.778
189	359	33.607	12.157	1	71	89.397	806	1047	30	19	26.754	17.085	172.566	0.564	1.566	0.639	0.840
190	55	32.436	15.282	7	60	29.799	267	1060	11	8	10.381	6.746	163.537	0.778	1.539	0.650	0.815
191	3421	41.033	23.013	0	117	266.049	125	1063	75	72	77.853	55.949	40.134	0.607	1.392	0.719	0.884
192	1479	41.776	18.661	4	115	172.409	2746	1077	51	42	47.514	39.633	177.211	0.625	1.199	0.834	0.895
193	76	38.763	17.012	7	83	39.113	3336	1084	15	10	12.811	7.553	5.042	0.624	1.696	0.590	0.752
194	19	70.789	30.575	22	119	17.899	3958	1084	7	4	6.391	3.785	8.228	0.745	1.688	0.592	0.809
195	100	82.890	29.227	21	143	46.042	2860	1085	19	9	18.030	7.062	0.668	0.593	2.553	0.392	0.794
196	19	18.684	7.227	7	36	18.142	2654	1086	6	5	5.479	4.415	172.619	0.725	1.241	0.806	0.745
197	126	53.683	22.245	3	109	56.284	3111	1087	24	9	22.549	7.115	3.985	0.500	3.169	0.316	0.790
198	30	15.200	8.580	1	36	30.627	2711	1092	10	7	8.327	4.587	16.779	0.402	1.815	0.551	0.594
199	56	57.429	23.368	12	105	31.556	1856	1100	12	6	12.304	5.795	9.232	0.707	2.123	0.471	0.855
200	31	43.355	18.649	9	79	22.971	3553	1100	9	5	8.669	4.553	176.952	0.738	1.904	0.525	0.785
201	116	58.647	25.939	5	125	46.627	3557	1120	19	8	19.051	7.752	3.195	0.670	2.457	0.407	0.892
202	120	24.308	11.495	1	55	50.284	1069	1125	20	10	17.511	8.725	3.600	0.596	2.007	0.498	0.816
203	114	38.509	14.583	9	68	47.941	1100	1139	18	11	16.264	8.924	13.996	0.623	1.822	0.549	0.778
204	22	22.636	9.287	7	45	18.728	931	1141	6	6	7.470	3.750	137.228	0.788	1.992	0.502	0.800
205	19	48.263	12.909	24	83	17.314	1020	1144	7	4	6.821	3.547	16.108	0.796	1.923	0.520	0.826
206	26	64.115	18.881	32	98	21.899	2570	1150	9	4	9.423	3.513	14.301	0.681	2.682	0.373	0.839
207	39	37.718	18.323	8	73	25.556	3111	1188	10	6	9.743	5.097	22.993	0.750	1.912	0.523	0.830
208	47	39.936	16.544	6	67	25.556	899	1200	10	6	9.791	6.112	2.308	0.904	1.602	0.624	0.895
209	6755	48.970	33.364	0	182	450.174	2049	1216	152	70	143.679	59.861	4.047	0.419	2.400	0.417	0.845
210	43	30.512	12.786	6	53	25.556	3591	1234	10	6	9.832	5.568	160.328	0.827	1.766	0.566	0.878
211	27	35.667	15.430	8	65	24.142	3564	1235	10	4	9.632	3.569	1.938	0.582	2.699	0.371	0.783
212	236	43.860	21.959	7	97	65.113	3860	1251	25	14	23.301	12.896	179.284	0.700	1.807	0.553	0.876
213	42	44.571	18.108	14	86	25.556	2714	1258	7	9	8.361	6.396	53.492	0.808	1.307	0.765	0.832
214	56	32.054	17.244	3	69	45.799	1723	1261	20	7	19.441	3.668	11.844	0.335	5.301	0.189	0.636
215	178	45.556	22.462	3	101	89.841	1640	1264	37	9	35.741	6.341	175.120	0.277	5.636	0.177	0.691
216	28	27.857	9.228	13	44	24.728	1839	1269	10	5	7.425	4.802	176.555	0.575	1.546	0.647	0.718
217	220	24.068	9.708	0	49	63.598	946	1280	21	16	19.469	14.387	11.409	0.684	1.353	0.739	0.826
218	28	31.821	12.362	7	58	22.142	1629	1285	9	5	8.596	4.147	179.732	0.718	2.073	0.482	0.800
219	411	17.168	9.278	1	48	89.983	1436	1290	25	24	23.970	21.832	6.673	0.638	1.098	0.911	0.848
220	66	18.015	7.735	5	37	47.941	1739	1292	11	13	10.460	8.034	54.534	0.361	1.302	0.768	0.617
221	19	59.526	13.761	38	86	17.899	3187	1298	7	4	6.221	3.889	172.064	0.745	1.600	0.625	0.809
222	2212	52.116	31.193	0	149	292.492	3875	1314	109	40	90.412	31.151	3.210	0.325	2.902	0.345	0.744
223	1347	45.381	23.069	2	120	175.095	2276	1315	62	37	62.397	27.486	23.844	0.552	2.270	0.440	0.855
224	17	35.118	13.052	12	56	19.314	1622	1320	8	4	7.408	2.922	19.585	0.573	2.536	0.394	0.723
225	230	18.230	9.834	2	54	70.669	1192	1332	23	16	20.637	14.190	2.421	0.579	1.454	0.688	0.816
226	21	19.238	8.555	4	34	17.071	2711	1337	6	4	6.701	3.990	168.951	0.906	1.679	0.595	0.933
227	866	41.145	20.216	2	96	149.681	3372	1342	45	34	37.487	29.413	7.281	0.486	1.275	0.785	0.831
228	147	38.102	16.282	3	84	53.113	2595	1367	20	12	17.730	10.556	173.659	0.655	1.680	0.595	0.817
229	19	19.158	8.322	5	36	19.071	3365	1373	8	3	8.233	2.939	7.802	0.656	2.802	0.357	0.905
230	59	34.237	14.246	7	79	35.799	2850	1383	14	7	13.972	5.376	173.697	0.579	2.599	0.385	0.771
231	52	29.000	14.957	5	60	45.213	3780	1383	20	5	18.109	3.656	8.946	0.320	4.953	0.202	0.717
232	25	60.600	22.424	24	95	23.556	1047	1390	10	4	8.605	3.699	175.698	0.566	2.326	0.430	0.746
233	20	48.900	22.090	2	81	18.142	309	1397	6	5	6.055	4.206	12.939	0.764	1.440	0.695	0.769
234	240	63.913	29.404	2	144	67.941	3697	1404	24	14	22.371	13.659	3.304	0.653	1.638	0.611	0.857
235	16	31.938	15.889	12	66	17.314	1157	1419	7	3	7.457	2.732	0.000	0.671	2.729	0.366	0.800
236	30	39.633	12.944	13	66	26.971	1801	1422	11	5	9.771	3.909	5.821	0.518	2.499	0.400	0.714
237	40	55.825	16.480	31	90	26.971	3253	1424	11	6	10.086	5.050	7.052	0.691	1.997	0.501	0.825
238	196	73.556	30.377	11	156	65.113	3450	1424	25	12	23.594	10.577	177.838	0.581	2.231	0.448	0.839
239	422	50.986	25.881	2	132	96.083	1930	1426	37	18	37.320	14.397	3.467	0.574	2.592	0.386	0.839
240	27	21.296	10.999	5	40	28.971	93	1431	11	5	9.568	3.593	176.124	0.404	2.663	0.376	0.635
241	30	72.900	24.433	26	115	22.728	2591	1438	10	4	9.339	4.090	8.853	0.730	2.284	0.438	0.882
242	58	37.328	16.146	1	69	32.971	3511	1446	11	8	10.537	7.009	173.100	0.670	1.503	0.665	0.800
243	65	44.062	14.916	8	70	34.627	1797	1447	14	7	13.811	5.992	16.155	0.681	2.305	0.434	0.850
244	18	48.556	16.122	11	69	18.728	3987	1458	8	4	6.986	3.281	6.583	0.645	2.129	0.470	0.750
245	484	35.258	14.637	2	85	94.326	2485	1459	29	24	27.202	22.655	157.869	0.684	1.201	0.833	0.871
246	1073	80.147	61.076	0	242	133.296	1651	1465	48	31	46.615	29.308	178.090	0.759	1.591	0.629	0.916
247	1200	40.295	21.355	1	104	184.551	597	1479	48	51	53.406	28.609	58.348	0.443	1.867	0.536	0.722
248	115	54.574	19.328	1	96	42.042	1226	1485	16	10	15.594	9.390	178.022	0.818	1.661	0.602	0.888
249	20	28.500	14.692	7	49	20.142	1730	1485	7	5	7.363	3.458	174.903	0.619	2.129	0.470	0.690
250	67	19.716	7.557	7	39	35.213	983	1489	11	10	10.352	8.241	162.992	0.679	1.256	0.796	0.766
251	114	22.009	11.108	1	56	40.870	2795	1493	14	12	13.901	10.442	160.910	0.858	1.331	0.751	0.864
252	17	23.765	10.940	5	50	15.314	327	1502	5	5	5.319	4.069	8.588	0.911	1.307	0.765	0.810
253	1381	34.833	17.538	1	94	186.652	3169	1514	58	44	50.842	34.585	167.577	0.498	1.470	0.680	0.786
254	21	27.238	9.939	7	45	19.314	2194	1520	6	6	6.406	4.174	16.968	0.707	1.535	0.652	0.737
255	608	33.566	15.648	1	77	113.640	2117	1530	32	32	35.150	22.023	52.548	0.592	1.596	0.627	0.839
256	127	44.646	18.091	5	84	48.284	2610	1540	18	11	17.173	9.416	8.307	0.685	1.824	0.548	0.833
257	87	20.414	9.033	1	44	44.284	575	1543	13	11	11.838	9.357	13.957	0.557	1.265	0.790	0.753
258	2148	52.042	31.474	0	169	254.350	3480	1545	91	45	77.730	35.185	177.608	0.417	2.209	0.453	0.805
259	54	19.167	8.525	3	39	36.627	2088	1577	13	8	12.335	5.574	15.684	0.506	2.213	0.452	0.711
260	109	32.789	15.591	4	65	49.941	3786	1578	18	14	20.372	6.812	40.193	0.549	2.990	0.334	0.770
261	50	42.620	19.716	4	92	31.799	3940	1594	13	6	12.555	5.071	178.111	0.621	2.476	0.404	0.781
262	28	50.429	14.531	18	83	20.142	3132	1602	8	5	8.212	4.341	12.388	0.867	1.892	0.529	0.848
263	29	40.828	15.204	10	72	24.142	2871	1608	9	6	8.510	4.339	17.282	0.625	1.961	0.510	0.734
264	933	35.265	17.716	1	106	132.125	2305	1616	45	33	41.322	28.748	166.940	0.672	1.437	0.696	0.877
265	26	54.962	12.389	30	74	19.314	3875	1618	8	4	7.561	4.378	3.121	0.876	1.727	0.579	0.897
266	21	15.619	8.651	2	32	20.728	529	1623	6	6	5.808	4.604	162.131	0.614	1.262	0.793	0.712
267	49	28.082	14.774	5	62	32.627	3264	1628	13	7	12.576	4.961	16.568	0.578	2.535	0.395	0.754
268	17	40.588	15.468	14	63	19.314	1028	1633	8	4	7.966	2.717	159.411	0.573	2.932	0.341	0.739
269	27	23.778	6.779	8	39	34.385	3779	1646	15	5	13.062	2.632	12.461	0.287	4.963	0.201	0.587
270	66	12.197	7.233	0	31	51.941	2907	1656	14	10	10.416	8.068	179.097	0.307	1.291	0.775	0.597
271	130	44.631	16.009	8	74	47.698	462	1675	19	10	17.960	9.216	179.747	0.718	1.949	0.513	0.864
272	29	30.759	10.568	2	46	25.556	1386	1680	10	5	9.051	4.080	177.904	0.558	2.219	0.451	0.744
273	36	50.722	19.131	15	90	25.556	2019	1685	11	5	10.575	4.334	4.931	0.693	2.440	0.410	0.809
274	590	26.936	12.332	1	65	100.326	1353	1706	33	26	32.801	22.902	166.453	0.737	1.432	0.698	0.894
275	94	63.553	20.845	7	116	37.213	1764	1710	13	10	12.457	9.608	6.294	0.853	1.297	0.771	0.887
276	17	35.941	13.372	14	56	18.485	2004	1712	8	3	7.821	2.768	3.302	0.625	2.826	0.354	0.829
277	70	64.143	26.284	16	111	46.385	3688	1719	21	6	19.900	4.479	6.110	0.409	4.443	0.225	0.787
278	31	71.419	22.084	30	119	25.556	294	1724	11	5	10.447	3.778	17.154	0.596	2.765	0.362	0.795
279	58	56.293	18.163	15	96	29.799	1517	1726	12	7	11.215	6.585	171.929	0.821	1.703	0.587	0.853
280	18	17.722	9.241	1	41	20.142	602	1728	7	5	6.667	3.438	175.225	0.558	1.939	0.516	0.655
281	36	47.861	16.696	15	74	26.142	409	1730	10	6	10.462	4.381	20.861	0.662	2.388	0.419	0.818
282	23	21.000	9.775	3	50	30.728	1557	1734	14	4	12.804	2.287	170.416	0.306	5.598	0.179	0.630
283	20	55.300	18.419	18	85	16.728	3764	1741	6	5	5.493	4.636	9.950	0.898	1.185	0.844	0.816
284	114	78.693	28.497	8	143	54.385	2538	1775	24	7	24.240	5.988	8.462	0.484	4.048	0.247	0.860
285	23	23.087	7.561	8	41	22.142	524	1792	7	7	7.379	3.968	29.273	0.590	1.860	0.538	0.697
286	270	65.107	32.889	4	145	67.113	3264	1796	23	17	21.726	15.823	161.576	0.753	1.373	0.728	0.874
287	1158	29.337	13.405	1	68	176.167	1230	1797	64	33	64.494	22.861	14.644	0.469	2.821	0.354	0.822
288	58	32.052	12.434	10	63	33.799	3451	1801	14	7	12.417	5.948	9.507	0.638	2.088	0.479	0.795
289	44	59.205	21.670	12	98	25.556	2820	1804	10	6	10.118	5.537	2.151	0.847	1.827	0.547	0.871
290	23	18.913	8.570	6	41	22.728	1023	1812	10	4	9.225	3.175	4.513	0.560	2.906	0.344	0.730
291	1578	39.032	18.345	1	91	183.095	1726	1813	63	38	60.833	33.028	8.421	0.592	1.842	0.543	0.882
292	96	20.292	9.109	1	41	40.627	10	1823	15	10	14.837	8.239	7.217	0.731	1.801	0.555	0.846
293	20	28.050	12.168	2	45	17.071	3760	1824	7	3	7.651	3.328	177.080	0.862	2.299	0.435	0.976
294	70	68.743	21.707	25	117	39.799	2438	1828	16	6	15.109	5.899	0.067	0.555	2.561	0.390	0.833
295	17	37.176	15.509	4	65	17.899	252	1830	7	4	7.691	2.814	18.955	0.667	2.733	0.366	0.773
296	310	62.500	31.789	4	159	84.426	3672	1843	34	15	29.932	13.187	0.028	0.547	2.270	0.441	0.810
297	107	96.860	40.148	8	190	52.042	470	1844	23	7	22.533	6.046	6.240	0.496	3.727	0.268	0.836
298	1160	46.547	22.359	1	110	155.439	26	1847	57	29	56.221	26.271	6.911	0.603	2.140	0.467	0.871
299	22	31.909	15.629	9	62	23.314	1925	1854	10	4	8.551	3.276	5.669	0.509	2.610	0.383	0.733
300	33	23.394	11.942	4	60	22.971	3414	1856	9	6	8.406	4.999	167.462	0.786	1.682	0.595	0.795
301	215	20.851	10.446	1	49	75.841	3139	1860	25	15	22.849	11.981	178.744	0.470	1.907	0.524	0.761
302	494	51.767	21.752	1	103	96.811	3042	1861	32	25	30.754	20.452	163.929	0.662	1.504	0.665	0.844
303	20	55.350	10.917	36	78	19.314	1756	1880	8	4	7.235	3.520	12.622	0.674	2.056	0.486	0.800
304	18	25.778	10.984	13	55	18.485	2732	1882	8	3	8.556	2.679	176.365	0.662	3.194	0.313	0.857
305	33	29.000	11.997	11	58	24.971	2225	1889	9	6	8.746	4.804	167.820	0.665	1.821	0.549	0.750
306	21	55.048	22.373	7	85	17.899	3416	1896	7	4	7.381	3.623	0.880	0.824	2.037	0.491	0.875
307	1657	49.733	25.606	1	130	203.137	2455	1898	65	39	59.854	35.248	177.724	0.505	1.698	0.589	0.813
308	2124	50.298	29.306	0	143	215.723	2269	1902	78	42	75.440	35.848	15.445	0.574	2.104	0.475	0.898
309	98	38.827	19.499	4	77	49.456	3967	1908	21	8	17.751	7.029	14.555	0.504	2.525	0.396	0.803
310	2356	62.063	35.388	1	172	290.593	2539	1909	89	49	70.472	42.566	13.503	0.351	1.656	0.604	0.772
311	21	32.762	15.798	5	70	24.728	560	1922	10	4	9.233	2.896	3.904	0.432	3.189	0.314	0.667
312	82	77.805	24.464	20	130	34.042	2208	1922	12	10	11.850	8.810	170.148	0.889	1.345	0.743	0.868
313	44	49.568	18.256	13	90	28.385	341	1929	12	6	11.605	4.828	15.470	0.686	2.404	0.416	0.838
314	122	41.738	21.213	4	103	46.042	943	1931	17	11	18.182	8.543	22.637	0.723	2.128	0.470	0.878
315	50	19.280	9.641	2	41	42.284	3356	1938	11	10	9.530	6.680	9.183	0.351	1.427	0.701	0.606
316	163	41.190	15.960	3	75	53.941	519	1943	20	12	18.764	11.060	175.644	0.704	1.697	0.589	0.849
317	871	33.488	15.531	2	84	143.882	3712	1954	47	31	45.806	24.211	161.347	0.529	1.892	0.529	0.819
318	387	51.726	29.204	2	138	85.841	3820	1970	34	16	31.754	15.517	3.754	0.660	2.046	0.489	0.898
319	34	30.176	11.302	9	53	28.971	2286	1975	12	5	10.577	4.093	6.111	0.509	2.584	0.387	0.739
320	129	26.209	12.560	1	55	51.113	2681	1975	16	13	14.469	11.352	177.375	0.621	1.275	0.785	0.775
321	194	17.804	8.913	2	49	74.083	1428	1988	22	17	18.672	13.229	167.685	0.444	1.412	0.708	0.738
322	30	50.333	20.694	5	84	24.385	1825	1989	10	5	9.898	3.859	172.663	0.634	2.565	0.390	0.750
323	33	54.061	15.562	5	79	22.142	1301	1990	8	6	8.333	5.042	23.342	0.846	1.653	0.605	0.815
324	19	16.053	8.638	1	36	20.728	2099	1992	9	4	7.585	3.189	14.916	0.556	2.378	0.420	0.704
325	190	57.853	30.548	5	119	70.627	3027	1999	30	9	30.223	8.004	0.647	0.479	3.776	0.265	0.833
326	81	23.370	10.694	2	44	42.870	2195	2003	16	9	13.077	7.887	179.438	0.554	1.658	0.603	0.726
327	379	49.121	19.427	5	117	90.326	767	2018	28	24	29.168	16.544	36.332	0.584	1.763	0.567	0.814
328	174	16.805	8.030	1	39	59.355	1114	2037	20	14	18.664	11.870	25.729	0.621	1.572	0.636	0.793
329	886	28.263	14.672	1	72	128.368	1993	2042	41	34	38.049	29.648	154.143	0.676	1.283	0.779	0.878
330	545	85.451	50.431	0	186	112.669	3202	2049	48	17	45.991	15.088	0.113	0.540	3.048	0.328	0.891
331	52	19.481	9.906	4	43	36.870	3585	2063	12	9	10.012	6.613	162.711	0.481	1.514	0.660	0.654
332	26	16.885	6.186	5	29	19.314	1474	2073	5	7	6.767	4.892	86.730	0.876	1.383	0.723	0.852
333	416	29.620	15.700	2	73	89.841	1399	2091	34	18	33.954	15.599	4.438	0.648	2.177	0.459	0.873
334	49	27.653	10.657	5	56	27.799	3224	2097	11	7	9.880	6.315	10.964	0.797	1.565	0.639	0.831
335	20	41.300	22.755	8	79	18.728	3055	2107	8	4	7.046	3.614	178.903	0.717	1.950	0.513	0.784
336	17	19.294	11.634	4	44	19.899	65	2108	9	3	9.307	2.326	5.628	0.539	4.002	0.250	0.791
337	19815	34.187	23.004	0	165	880.389	630	2111	228	175	180.760	139.573	154.864	0.321	1.295	0.772	0.767
338	478	60.981	30.669	4	140	94.569	3139	2115	37	22	32.594	18.672	177.074	0.672	1.746	0.573	0.874
339	729	28.025	12.782	1	70	134.125	1260	2116	47	23	47.373	19.593	173.920	0.509	2.418	0.414	0.828
340	102	18.255	8.350	1	39	47.698	109	2119	18	10	15.571	8.340	12.148	0.563	1.867	0.536	0.758
341	74	54.257	19.343	5	105	36.042	2766	2138	14	8	12.566	7.498	6.920	0.716	1.676	0.597	0.809
342	26	44.731	13.525	18	67	20.142	620	2143	6	7	8.081	4.097	43.938	0.805	1.972	0.507	0.825
343	76	33.237	13.784	3	67	34.971	3868	2148	13	8	13.334	7.257	12.407	0.781	1.837	0.544	0.879
344	170	48.941	22.552	4	101	59.456	237	2151	23	12	21.935	9.868	175.585	0.604	2.223	0.450	0.848
345	137	45.818	23.304	4	96	58.042	261	2152	24	9	22.649	7.702	6.990	0.511	2.941	0.340	0.825
346	399	35.962	15.816	2	89	95.154	320	2162	22	28	29.279	17.351	99.736	0.554	1.687	0.593	0.771
347	20	27.150	9.751	14	45	16.728	2578	2163	7	4	6.750	3.772	174.345	0.898	1.789	0.559	0.833
348	2526	34.343	16.579	1	105	244.693	1538	2168	77	52	68.727	46.797	12.985	0.530	1.469	0.681	0.852
349	1143	27.930	12.803	2	80	188.309	1085	2180	63	32	59.677	24.386	10.376	0.405	2.447	0.409	0.805
350	522	60.146	27.753	2	124	96.811	70	2188	26	32	29.046	22.882	84.685	0.700	1.269	0.788	0.849
351	24	28.875	13.763	4	59	22.728	3655	2218	9	4	7.743	3.947	174.819	0.584	1.962	0.510	0.762
352	20	37.850	11.421	16	59	18.485	1386	2222	7	4	5.985	4.255	171.713	0.736	1.407	0.711	0.833
353	21	34.238	13.145	14	66	21.314	2353	2224	9	4	7.716	3.465	170.621	0.581	2.227	0.449	0.737
354	55	15.836	9.227	0	40	31.213	3278	2227	11	9	9.205	7.608	164.383	0.709	1.210	0.826	0.786
355	695	61.800	31.373	0	143	146.569	1474	2234	59	21	51.006	17.349	6.195	0.407	2.940	0.340	0.791
356	120	42.742	18.372	8	99	60.284	792	2238	25	9	23.250	6.572	7.132	0.415	3.538	0.283	0.721
357	16	39.188	17.566	7	71	16.485	147	2240	7	3	6.812	2.991	3.474	0.740	2.278	0.439	0.865
358	4717	33.434	19.058	1	124	353.404	2142	2240	95	90	96.592	62.178	138.745	0.475	1.553	0.644	0.827
359	1612	25.824	13.500	1	77	191.238	1006	2243	68	39	61.576	33.332	7.490	0.554	1.847	0.541	0.858
360	403	40.980	19.024	2	89	92.912	384	2255	29	21	27.394	18.731	167.268	0.587	1.463	0.684	0.830
361	16	11.312	4.191	2	18	19.314	1580	2259	8	4	6.751	3.018	164.833	0.539	2.237	0.447	0.667
362	1363	53.998	27.050	2	141	180.652	221	2272	65	41	67.370	25.759	23.327	0.525	2.615	0.382	0.831
363	20	42.200	12.903	22	74	22.142	94	2278	9	4	8.478	3.004	4.722	0.513	2.822	0.354	0.678
364	54	77.500	30.402	11	125	29.556	1883	2316	12	6	11.493	5.982	8.825	0.777	1.921	0.521	0.885
365	1302	52.012	29.369	1	147	174.409	2445	2331	55	37	49.026	33.814	173.476	0.538	1.450	0.690	0.842
366	309	31.301	15.832	1	67	81.255	699	2338	32	16	29.785	13.209	5.719	0.588	2.255	0.443	0.841
367	111	22.937	9.428	4	51	44.284	677	2350	16	10	15.906	8.885	16.364	0.711	1.790	0.559	0.844
368	76	69.632	21.526	32	126	34.870	2607	2362	13	10	11.873	8.150	9.726	0.785	1.457	0.686	0.809
369	71	22.070	12.142	3	58	36.627	447	2364	12	11	10.126	8.927	107.748	0.665	1.134	0.882	0.759
370	22	78.636	15.927	56	107	18.485	2916	2364	7	4	6.801	4.119	179.165	0.809	1.651	0.606	0.898
371	244	51.627	29.304	3	134	67.598	2333	2372	25	15	23.020	13.496	8.941	0.671	1.706	0.586	0.849
372	2593	51.630	28.863	1	141	271.765	2044	2375	92	45	89.686	36.812	173.615	0.441	2.436	0.410	0.850
373	36	21.083	10.616	0	44	26.971	2032	2376	11	6	10.220	4.485	171.546	0.622	2.279	0.439	0.727
374	23	30.957	13.199	7	59	22.142	194	2379	9	5	7.788	3.760	163.427	0.590	2.071	0.483	0.676
375	158	39.981	17.271	2	82	56.284	2316	2381	19	13	18.534	10.854	149.716	0.627	1.708	0.586	0.810
376	2924	45.938	26.687	0	137	351.505	1905	2385	130	44	117.703	31.630	9.171	0.297	3.721	0.269	0.733
377	36	32.583	16.824	2	71	26.728	3	2388	10	6	9.953	4.605	3.804	0.633	2.161	0.463	0.766
378	40	38.925	14.540	10	67	28.728	3777	2404	12	4	12.539	4.062	3.534	0.609	3.087	0.324	0.889
379	370	67.697	35.517	1	182	83.012	1	2424	25	23	27.205	17.316	31.479	0.675	1.571	0.637	0.873
380	107	18.888	10.236	4	57	53.941	2193	2424	18	13	15.989	8.520	26.584	0.462	1.877	0.533	0.677
381	101	35.733	15.578	3	69	46.870	455	2434	19	8	18.118	7.098	174.267	0.578	2.553	0.392	0.802
382	24	32.833	13.091	4	52	18.142	1528	2440	7	5	7.471	4.090	165.740	0.916	1.827	0.547	0.828
383	26	45.962	21.310	17	90	21.899	321	2447	10	3	10.147	3.263	0.141	0.681	3.110	0.322	0.929
384	66	43.697	13.994	7	80	40.042	3166	2447	13	10	10.349	8.120	29.676	0.517	1.275	0.785	0.695
385	43	23.860	10.394	1	43	27.799	3980	2460	9	7	9.112	6.008	9.862	0.699	1.517	0.659	0.789
386	17	22.118	11.363	0	47	18.485	3964	2470	8	3	8.545	2.533	179.482	0.625	3.373	0.296	0.829
387	191	39.209	14.491	6	71	59.941	242	2473	24	13	22.668	10.728	10.692	0.668	2.113	0.473	0.847
388	18	30.000	15.301	5	58	16.728	34	2480	6	5	6.454	3.551	29.439	0.808	1.818	0.550	0.750
389	26	69.538	16.532	33	102	19.899	3745	2480	8	4	7.495	4.417	6.358	0.825	1.697	0.589	0.897
390	109	31.055	12.367	4	58	41.799	1783	2503	14	11	12.594	11.020	179.402	0.784	1.143	0.875	0.855
391	30	14.200	8.930	1	38	38.042	1146	2504	14	9	11.238	3.399	158.634	0.261	3.306	0.302	0.476
392	29	34.483	19.423	5	82	30.971	3747	2529	13	5	12.756	2.895	12.817	0.380	4.407	0.227	0.659
393	27	23.333	8.757	2	36	26.142	3599	2538	11	4	9.227	3.726	170.846	0.496	2.477	0.404	0.730
394	38	47.132	19.874	0	84	26.728	3706	2540	10	6	10.812	4.475	16.502	0.668	2.416	0.414	0.784
395	19	30.053	12.899	3	54	22.142	1589	2556	9	4	8.285	2.920	17.047	0.487	2.837	0.352	0.679
396	48	56.000	25.341	2	97	32.971	2768	2558	14	6	14.584	4.191	12.907	0.555	3.480	0.287	0.768
397	21	53.619	16.773	24	85	26.971	2140	2566	11	4	10.464	2.555	170.220	0.363	4.095	0.244	0.600
398	45	36.733	20.724	7	89	33.213	2746	2588	8	9	9.160	6.255	71.972	0.513	1.464	0.683	0.698
399	1583	36.832	17.927	1	91	186.167	2589	2595	67	38	61.471	32.788	2.460	0.574	1.875	0.533	0.865
400	40	42.650	19.324	4	84	28.728	15	2609	12	5	11.815	4.311	9.903	0.609	2.741	0.365	0.816
401	43	22.047	11.990	3	41	28.385	3309	2616	10	8	8.749	6.258	28.312	0.671	1.398	0.715	0.768
402	248	47.206	19.784	1	108	71.598	1719	2619	27	15	24.039	13.135	1.254	0.608	1.830	0.546	0.829
403	829	59.946	31.133	1	146	140.711	3580	2628	56	24	49.045	21.521	1.649	0.526	2.279	0.439	0.863
404	877	42.044	19.052	1	93	130.953	386	2632	46	34	45.902	24.327	145.209	0.643	1.887	0.530	0.892
405	21	35.048	18.296	7	70	22.728	2011	2661	10	4	9.397	2.846	3.434	0.511	3.302	0.303	0.712
406	86	60.070	21.624	16	105	49.456	318	2678	21	8	18.632	5.877	2.601	0.442	3.171	0.315	0.741
407	17	50.059	12.442	32	68	16.485	1548	2678	7	3	7.308	2.962	175.898	0.786	2.467	0.405	0.895
408	25	21.560	8.247	5	38	21.556	2164	2680	8	6	8.203	3.880	21.782	0.676	2.114	0.473	0.704
409	413	24.939	11.466	2	67	83.841	806	2681	26	22	25.279	20.802	4.211	0.738	1.215	0.823	0.883
410	119	41.479	13.815	12	74	50.870	672	2688	20	10	17.135	8.842	6.987	0.578	1.938	0.516	0.799
411	57	22.772	11.095	4	54	31.213	716	2688	11	9	10.620	6.834	154.051	0.735	1.554	0.643	0.803
412	197	49.289	21.855	6	103	68.770	1947	2688	27	11	26.561	9.443	176.107	0.523	2.813	0.356	0.823
413	58	46.741	17.929	5	83	34.385	2161	2688	15	6	14.377	5.136	6.380	0.616	2.799	0.357	0.841
414	173	31.006	16.430	1	80	163.882	1666	2692	72	15	72.307	3.046	169.719	0.081	23.736	0.042	0.504
415	3394	29.471	14.879	0	84	266.250	3342	2705	89	65	82.234	52.550	156.874	0.602	1.565	0.639	0.897
416	28	52.214	22.721	6	85	22.728	3865	2722	9	5	9.176	3.885	14.997	0.681	2.362	0.423	0.812
417	62	19.081	10.108	1	45	36.870	1032	2723	10	11	9.175	8.604	83.782	0.573	1.066	0.938	0.697
418	32	57.562	12.438	31	76	21.899	2669	2726	9	4	9.521	4.279	4.022	0.838	2.225	0.449	0.941
419	786	41.210	16.131	2	87	114.468	582	2744	36	31	35.985	27.811	152.763	0.754	1.294	0.773	0.907
420	20	28.450	16.230	5	67	25.556	152	2745	11	4	11.031	2.308	3.736	0.385	4.779	0.209	0.606
421	96	47.948	25.524	4	110	43.698	1771	2755	16	11	14.666	8.334	19.152	0.632	1.760	0.568	0.797
422	908	48.010	27.247	0	121	136.368	3652	2764	54	27	47.597	24.289	174.111	0.614	1.960	0.510	0.887
423	142	23.923	11.451	2	55	64.184	526	2787	11	23	22.339	8.093	95.432	0.433	2.760	0.362	0.717
424	182	64.786	28.216	4	126	62.770	3830	2790	24	13	23.130	10.019	11.854	0.580	2.309	0.433	0.818
425	16	13.812	6.824	1	26	16.142	455	2796	6	5	6.973	2.922	149.561	0.772	2.387	0.419	0.744
426	16	22.938	9.125	9	39	19.657	70	2800	9	2	9.340	2.181	2.557	0.520	4.283	0.234	0.941
427	43	44.860	14.783	16	75	28.142	3526	2804	11	6	10.138	5.400	15.247	0.682	1.877	0.533	0.860
428	210	18.276	9.422	2	45	67.598	1338	2824	20	19	16.610	16.098	164.810	0.578	1.032	0.969	0.768
429	17	33.118	13.523	7	52	17.314	2694	2849	7	4	7.120	3.040	9.136	0.713	2.342	0.427	0.773
430	647	48.606	25.780	2	126	144.811	2626	2860	54	20	49.950	16.492	1.441	0.388	3.029	0.330	0.729
431	6153	51.414	39.735	0	223	516.902	2175	2861	150	80	126.541	61.911	170.505	0.289	2.044	0.489	0.744
432	65	32.862	13.619	8	68	38.870	726	2878	14	8	14.201	5.828	166.997	0.541	2.437	0.410	0.743
433	837	51.575	23.568	1	129	153.782	3934	2879	55	31	45.866	23.235	20.041	0.445	1.974	0.507	0.757
434	81	44.802	20.067	2	86	44.627	1711	2880	19	7	16.807	6.136	179.907	0.511	2.739	0.365	0.786
435	139	16.338	8.214	0	40	64.426	2614	2881	17	16	16.593	10.666	150.565	0.421	1.556	0.643	0.698
436	222	59.419	27.858	1	135	66.669	3493	2884	25	18	26.406	10.704	27.993	0.628	2.467	0.405	0.828
437	276	46.967	23.047	2	109	73.598	3565	2893	29	16	24.947	14.086	175.529	0.640	1.771	0.565	0.844
438	79	62.253	21.372	5	106	34.042	167	2902	11	11	12.104	8.310	42.209	0.857	1.457	0.687	0.859
439	39	15.872	8.076	3	37	31.213	1855	2914	11	8	11.122	4.465	27.464	0.503	2.491	0.401	0.716
440	2233	55.693	33.212	1	192	366.291	2522	2921	151	33	135.634	20.962	1.725	0.209	6.471	0.155	0.614
441	39	63.615	15.291	38	103	26.142	380	2922	11	5	10.616	4.677	3.087	0.717	2.270	0.441	0.857
442	505	59.147	29.536	3	140	119.983	3300	2925	50	18	43.198	14.885	177.143	0.441	2.902	0.345	0.772
443	287	28.415	12.024	2	62	74.669	1736	2932	23	22	21.940	16.655	137.383	0.647	1.317	0.759	0.812
444	16	12.125	5.608	3	25	15.314	687	2935	4	6	5.026	4.054	90.000	0.857	1.240	0.807	0.842
445	46	70.913	28.446	2	109	28.385	997	2941	11	7	11.472	5.106	23.769	0.717	2.247	0.445	0.836
446	1310	57.043	34.168	2	183	171.924	2300	2942	64	36	55.001	30.325	174.907	0.557	1.814	0.551	0.850
447	96	39.323	14.800	1	75	44.284	1427	2966	17	10	16.393	7.456	6.567	0.615	2.199	0.455	0.774
448	38	45.237	16.185	8	77	25.556	723	2974	10	6	9.221	5.247	17.017	0.731	1.757	0.569	0.835
449	373	37.890	19.514	2	97	148.368	1225	2977	55	20	49.414	9.611	11.235	0.213	5.141	0.194	0.624
450	70	34.214	14.546	3	60	30.971	414	2982	9	10	10.256	8.691	114.140	0.917	1.180	0.847	0.892
451	86	58.570	19.696	17	110	38.627	2326	2982	14	10	13.191	8.301	19.709	0.724	1.589	0.629	0.804
452	23	46.304	16.496	20	80	18.485	829	2988	7	4	7.103	4.123	8.939	0.846	1.723	0.580	0.920
453	25	43.440	27.698	1	99	36.142	1208	2994	15	5	12.602	2.526	12.486	0.241	4.989	0.200	0.556
454	67	32.612	16.938	7	66	38.728	3729	2994	17	5	17.494	4.876	1.826	0.561	3.587	0.279	0.918
