 	Area	Mean	StdDev	Min	Max	Perim.	BX	BY	Width	Height	Major	Minor	Angle	Circ.	AR	Round	Solidity
1	40	23.400	6.931	5	42	26.385	604	1	11	6	9.705	5.248	175.189	0.722	1.849	0.541	0.800
2	72	13.028	6.869	0	29	57.355	2162	1	12	16	14.417	6.359	123.159	0.275	2.267	0.441	0.550
3	40	23.750	10.977	2	45	27.556	3672	1	9	8	9.004	5.656	132.823	0.662	1.592	0.628	0.800
4	1435	22.370	10.805	1	64	185.137	2257	21	43	51	45.519	40.139	94.560	0.526	1.134	0.882	0.866
5	160	16.125	8.938	1	48	56.426	2485	45	18	19	20.716	9.834	127.858	0.631	2.107	0.475	0.780
6	132	27.508	12.344	4	58	51.941	1343	56	12	20	18.632	9.020	108.117	0.615	2.066	0.484	0.805
7	38	14.421	6.189	7	29	35.456	2512	62	10	10	9.413	5.140	127.520	0.380	1.831	0.546	0.567
8	50	22.260	11.106	4	46	33.456	252	103	9	10	8.667	7.346	71.972	0.561	1.180	0.848	0.699
9	18	17.611	8.826	6	37	17.314	1449	113	4	7	6.786	3.377	104.155	0.755	2.009	0.498	0.800
10	252	19.750	10.774	1	53	87.497	1516	137	21	27	26.333	12.184	119.928	0.414	2.161	0.463	0.718
11	819	39.547	16.394	1	83	137.095	2867	147	30	49	50.608	20.605	111.594	0.548	2.456	0.407	0.863
12	2726	37.566	20.435	0	113	251.907	1527	156	60	69	63.752	54.443	105.437	0.540	1.171	0.854	0.871
13	16	14.375	8.024	6	33	15.314	1205	165	4	6	5.869	3.471	72.535	0.857	1.691	0.591	0.821
14	201	20.562	9.648	1	48	69.497	3000	191	15	22	21.420	11.948	101.524	0.523	1.793	0.558	0.788
15	133	25.872	12.556	2	56	50.184	3604	203	14	17	15.743	10.756	90.030	0.664	1.464	0.683	0.792
16	2714	45.605	24.122	1	134	288.735	307	237	48	109	97.853	35.314	98.218	0.409	2.771	0.361	0.829
17	36	22.889	8.786	2	39	23.556	3250	272	7	8	9.037	5.072	132.888	0.815	1.782	0.561	0.818
18	731	30.967	14.520	1	74	141.740	1	277	20	56	51.081	18.221	87.703	0.457	2.803	0.357	0.858
19	1083	19.874	9.481	0	56	167.480	44	278	43	40	41.425	33.287	145.478	0.485	1.244	0.804	0.831
20	39	16.282	7.674	7	36	35.213	2121	295	8	13	9.886	5.023	98.593	0.395	1.968	0.508	0.578
21	403	61.625	22.428	4	124	87.497	3301	303	20	31	31.277	16.406	109.294	0.661	1.906	0.525	0.869
22	129	23.372	10.838	2	51	46.042	1109	311	13	15	15.876	10.346	123.926	0.765	1.535	0.652	0.875
23	82	23.976	9.336	1	48	38.042	3849	324	10	14	12.318	8.476	109.742	0.712	1.453	0.688	0.796
24	925	24.537	10.737	1	67	153.681	2888	341	35	46	45.730	25.754	123.192	0.492	1.776	0.563	0.850
25	143	32.531	13.308	1	71	57.355	1001	351	14	22	23.341	7.801	119.645	0.546	2.992	0.334	0.841
26	1407	35.663	21.103	0	102	204.066	275	355	36	72	66.465	26.953	102.023	0.425	2.466	0.406	0.823
27	495	28.481	12.254	0	65	111.296	631	359	25	33	27.282	23.101	75.667	0.502	1.181	0.847	0.828
28	45	24.800	10.442	4	45	27.556	2529	365	6	11	10.789	5.311	100.725	0.745	2.031	0.492	0.818
29	31	12.935	6.860	2	28	24.385	3660	374	7	9	7.118	5.545	107.673	0.655	1.284	0.779	0.729
30	34	22.647	9.528	4	45	25.556	3704	375	7	9	9.188	4.711	117.245	0.654	1.950	0.513	0.739
31	29	29.931	10.579	10	47	21.556	1831	376	6	8	7.760	4.758	99.744	0.784	1.631	0.613	0.795
32	101	26.703	12.696	3	56	48.284	3633	383	9	18	16.479	7.804	101.858	0.544	2.112	0.474	0.786
33	66	24.636	10.724	2	47	40.627	3095	419	9	14	11.938	7.039	105.128	0.502	1.696	0.590	0.725
34	85	23.482	10.576	1	48	46.284	1761	429	12	16	14.633	7.396	116.856	0.499	1.978	0.505	0.717
35	145	24.172	10.484	4	48	56.184	2452	441	15	20	20.789	8.881	123.037	0.577	2.341	0.427	0.797
36	448	24.991	9.805	2	56	94.569	3442	451	25	29	26.921	21.189	104.868	0.629	1.271	0.787	0.822
37	53	23.189	8.709	4	39	30.385	2415	491	8	11	11.451	5.893	106.750	0.721	1.943	0.515	0.779
38	177	13.768	6.901	1	35	81.255	1898	497	23	23	23.517	9.583	141.508	0.337	2.454	0.407	0.620
39	175	29.794	12.307	3	59	55.941	3621	498	13	20	19.497	11.428	104.305	0.703	1.706	0.586	0.847
40	154	14.351	7.768	0	34	59.355	228	502	14	19	18.159	10.798	105.929	0.549	1.682	0.595	0.786
41	1895	29.498	12.008	0	78	211.865	3697	520	51	58	54.858	43.982	106.256	0.531	1.247	0.802	0.873
42	31	15.452	8.732	2	33	22.142	3684	530	6	7	7.360	5.363	99.798	0.795	1.372	0.729	0.816
43	111	30.468	12.167	2	64	45.698	2699	531	11	17	15.913	8.882	108.496	0.668	1.792	0.558	0.804
44	28	21.286	9.914	4	43	25.799	897	540	6	9	8.265	4.313	98.939	0.529	1.916	0.522	0.667
45	86	25.884	9.401	7	49	42.042	3297	546	10	13	12.468	8.782	104.337	0.611	1.420	0.704	0.775
46	707	30.120	15.080	0	83	154.510	3087	572	26	59	51.007	17.648	81.148	0.372	2.890	0.346	0.724
47	26	15.346	9.256	0	32	32.385	974	597	8	10	7.554	4.383	113.672	0.312	1.724	0.580	0.520
48	32	20.000	8.606	6	41	28.385	1346	603	8	10	11.309	3.603	125.421	0.499	3.139	0.319	0.681
49	473	29.182	12.587	1	64	99.640	3450	610	20	36	32.973	18.265	95.397	0.599	1.805	0.554	0.864
50	54	22.296	10.448	5	46	31.799	2717	627	8	11	10.381	6.623	97.694	0.671	1.567	0.638	0.783
51	96	19.865	10.523	1	48	44.284	3003	627	12	15	12.255	9.974	122.836	0.615	1.229	0.814	0.750
52	360	20.533	10.030	1	46	94.912	3709	628	32	20	30.567	14.996	4.674	0.502	2.038	0.491	0.776
53	268	30.246	12.442	2	57	73.255	3962	633	15	28	26.946	12.664	99.525	0.628	2.128	0.470	0.848
54	134	15.306	7.647	1	39	72.083	1095	655	15	24	22.957	7.432	115.862	0.324	3.089	0.324	0.644
55	147	17.034	8.153	0	41	71.598	3738	682	19	15	15.978	11.714	2.831	0.360	1.364	0.733	0.693
56	382	38.921	17.234	0	80	99.983	2847	685	24	35	36.452	13.343	115.849	0.480	2.732	0.366	0.797
57	23	14.609	6.807	1	28	22.728	2387	690	5	7	6.146	4.765	98.068	0.560	1.290	0.775	0.719
58	366	43.391	17.920	1	92	90.912	3937	712	20	34	34.199	13.626	116.898	0.556	2.510	0.398	0.857
59	335	29.540	12.380	1	60	83.012	2103	721	20	28	27.979	15.245	109.513	0.611	1.835	0.545	0.843
60	37	17.081	8.434	1	38	22.728	1811	737	7	7	8.833	5.334	135.471	0.900	1.656	0.604	0.902
61	1184	17.375	8.936	0	49	211.765	210	738	57	37	54.190	27.819	1.477	0.332	1.948	0.513	0.723
62	17	13.706	7.346	2	24	15.899	866	748	4	6	5.843	3.704	92.924	0.845	1.577	0.634	0.850
63	29	14.207	6.651	5	29	21.556	884	761	7	7	7.799	4.734	134.160	0.784	1.647	0.607	0.806
64	46	19.326	9.276	2	44	27.799	1830	774	7	10	10.250	5.714	109.035	0.748	1.794	0.557	0.807
65	27	14.741	7.984	0	34	21.556	3929	820	7	7	8.110	4.239	129.885	0.730	1.913	0.523	0.794
66	94	30.000	10.180	7	54	42.870	2492	821	11	14	13.151	9.100	109.022	0.643	1.445	0.692	0.783
67	2085	33.208	14.099	0	75	196.208	727	825	56	56	57.967	45.797	132.298	0.681	1.266	0.790	0.913
68	166	16.717	9.131	0	43	59.355	926	836	13	20	17.917	11.796	96.285	0.592	1.519	0.658	0.824
69	66	17.727	9.570	1	48	60.770	1001	853	9	20	16.607	5.060	104.619	0.225	3.282	0.305	0.564
70	41	21.488	8.903	5	42	29.556	2280	860	6	11	11.311	4.615	98.348	0.590	2.451	0.408	0.745
71	175	16.669	7.899	1	42	64.527	3823	861	15	21	19.556	11.394	67.593	0.528	1.716	0.583	0.768
72	249	14.859	7.643	0	40	94.569	680	862	24	19	22.237	14.257	160.388	0.350	1.560	0.641	0.716
73	68	17.794	8.075	2	40	34.971	3561	862	8	11	11.242	7.702	94.331	0.699	1.460	0.685	0.834
74	132	24.091	12.683	1	53	57.941	2088	864	11	23	23.676	7.099	106.185	0.494	3.335	0.300	0.783
75	24	16.500	8.949	3	36	24.971	809	879	8	7	8.146	3.751	126.551	0.484	2.172	0.460	0.608
76	4789	31.873	16.834	0	92	394.860	97	882	88	118	124.289	49.059	125.045	0.386	2.533	0.395	0.829
77	32	13.531	6.164	4	28	32.385	211	887	8	12	11.083	3.676	115.795	0.383	3.015	0.332	0.593
78	2255	30.915	14.565	0	80	245.179	2680	894	44	83	81.726	35.131	99.508	0.471	2.326	0.430	0.852
79	81	23.691	10.954	2	50	35.456	493	900	11	12	12.190	8.460	118.313	0.810	1.441	0.694	0.822
80	106	15.906	7.755	1	52	49.355	3806	917	11	18	15.999	8.436	106.533	0.547	1.897	0.527	0.746
81	78	24.795	9.650	3	43	40.627	2319	921	9	14	13.221	7.512	103.885	0.594	1.760	0.568	0.780
82	74	28.932	13.134	5	62	34.627	254	927	9	13	13.023	7.235	119.610	0.776	1.800	0.556	0.871
83	90	33.156	13.718	9	61	38.385	1285	927	9	14	14.249	8.042	110.406	0.768	1.772	0.564	0.874
84	681	19.501	9.168	0	49	164.510	1713	927	29	48	39.879	21.743	95.598	0.316	1.834	0.545	0.710
85	257	17.265	9.046	1	49	81.154	1426	961	21	23	20.577	15.902	133.616	0.490	1.294	0.773	0.766
86	149	35.705	14.797	5	78	51.113	691	963	13	18	19.038	9.965	114.031	0.717	1.910	0.523	0.859
87	42	30.310	12.530	8	54	32.142	3461	971	7	9	8.586	6.228	105.580	0.511	1.378	0.725	0.757
88	39	19.846	9.034	1	41	24.971	2331	979	7	9	9.222	5.384	123.037	0.786	1.713	0.584	0.830
89	913	20.959	10.168	0	59	144.853	2742	981	34	39	38.657	30.071	111.599	0.547	1.286	0.778	0.853
90	2154	28.441	13.088	1	80	270.049	708	1005	53	85	65.360	41.961	90.410	0.371	1.558	0.642	0.724
91	66	15.348	8.299	2	32	42.870	1184	1018	11	13	12.459	6.745	123.728	0.451	1.847	0.541	0.673
92	360	32.039	14.978	3	84	84.912	3341	1025	20	30	29.042	15.783	106.763	0.627	1.840	0.543	0.843
93	167	19.437	8.918	1	46	56.284	3854	1031	14	19	17.913	11.870	109.090	0.662	1.509	0.663	0.821
94	2659	30.914	15.047	0	85	280.877	2463	1053	65	78	70.253	48.191	63.325	0.424	1.458	0.686	0.783
95	54	18.685	6.998	4	39	30.385	3487	1057	10	9	8.906	7.720	163.512	0.735	1.154	0.867	0.806
96	31	17.710	6.953	6	30	22.142	3319	1074	6	8	8.024	4.919	111.936	0.795	1.631	0.613	0.816
97	57	29.807	10.827	10	54	33.213	3471	1075	11	10	11.051	6.567	136.851	0.649	1.683	0.594	0.760
98	146	19.712	8.994	2	49	60.426	147	1079	13	20	17.874	10.400	92.352	0.502	1.719	0.582	0.726
99	98	20.041	9.946	1	45	48.527	2651	1099	9	18	16.852	7.405	100.503	0.523	2.276	0.439	0.778
100	66	15.576	8.169	2	33	43.456	2017	1121	9	14	13.072	6.428	106.165	0.439	2.034	0.492	0.695
101	48	15.083	7.429	3	32	31.799	2305	1132	7	13	10.567	5.784	88.552	0.597	1.827	0.547	0.738
102	81	32.617	13.871	9	62	38.627	154	1143	10	13	13.765	7.492	118.777	0.682	1.837	0.544	0.827
103	16	16.312	8.436	2	29	17.899	1189	1153	5	6	6.143	3.316	125.515	0.628	1.853	0.540	0.727
104	113	32.080	13.213	3	65	47.113	875	1184	13	16	16.883	8.522	118.594	0.640	1.981	0.505	0.813
105	24	19.167	8.144	4	35	19.556	235	1209	6	7	8.166	3.742	124.901	0.789	2.182	0.458	0.800
106	19	17.474	8.834	3	38	17.314	269	1216	4	7	6.658	3.634	109.477	0.796	1.832	0.546	0.826
107	17	20.118	9.499	5	35	16.142	2543	1222	6	5	5.679	3.811	148.350	0.820	1.490	0.671	0.773
108	113	39.735	15.766	2	80	46.284	3043	1232	11	18	17.801	8.083	118.332	0.663	2.202	0.454	0.837
109	265	27.728	11.400	1	57	71.598	3304	1233	15	28	25.478	13.243	87.700	0.650	1.924	0.520	0.844
110	34	20.500	9.922	7	41	26.971	3343	1234	7	10	10.911	3.968	125.025	0.587	2.750	0.364	0.747
111	44	19.136	9.471	2	37	27.556	2526	1241	7	10	10.492	5.339	118.923	0.728	1.965	0.509	0.846
112	3626	33.362	19.535	0	90	347.179	3957	1267	42	138	122.484	37.693	93.014	0.378	3.250	0.308	0.919
113	532	50.094	21.863	3	116	97.497	2763	1268	22	35	36.142	18.742	109.620	0.703	1.928	0.519	0.914
114	28	15.429	7.461	5	28	22.728	3124	1277	7	7	7.467	4.775	114.486	0.681	1.564	0.639	0.737
115	134	18.313	9.079	1	45	47.698	3153	1283	15	15	15.982	10.675	131.680	0.740	1.497	0.668	0.825
116	30	15.300	5.989	5	26	28.971	3881	1289	8	9	9.013	4.238	129.538	0.449	2.127	0.470	0.652
117	86	45.012	15.206	4	79	37.456	3205	1295	10	14	13.740	7.970	116.932	0.770	1.724	0.580	0.839
118	201	45.254	17.678	5	84	63.355	300	1302	14	25	25.307	10.112	107.871	0.629	2.503	0.400	0.854
119	48	22.792	10.869	0	41	26.728	3545	1329	6	10	10.427	5.861	99.946	0.844	1.779	0.562	0.906
120	352	27.710	10.462	3	59	84.912	3762	1331	23	25	24.224	18.502	129.379	0.614	1.309	0.764	0.825
121	718	21.018	9.324	1	50	117.882	1546	1344	29	40	36.360	25.143	95.061	0.649	1.446	0.691	0.849
122	214	32.145	13.323	2	73	63.941	3831	1344	17	21	22.832	11.934	125.639	0.658	1.913	0.523	0.854
123	65	24.738	12.118	5	56	37.213	2981	1345	9	14	14.637	5.654	121.717	0.590	2.589	0.386	0.788
124	107	27.785	12.534	4	60	47.698	1175	1365	12	16	16.212	8.403	117.848	0.591	1.929	0.518	0.762
125	24	18.708	9.411	1	39	22.142	2123	1399	6	7	6.795	4.497	130.920	0.615	1.511	0.662	0.727
126	20	20.800	8.942	3	36	17.556	2173	1416	6	6	6.568	3.877	133.640	0.815	1.694	0.590	0.741
127	45	24.244	11.617	7	54	27.556	3679	1421	9	8	10.134	5.654	132.826	0.745	1.793	0.558	0.818
128	98	17.561	9.140	0	46	77.497	2305	1424	12	23	18.399	6.782	107.053	0.205	2.713	0.369	0.520
129	23	13.261	8.433	1	37	21.556	826	1425	6	7	7.162	4.089	76.571	0.622	1.752	0.571	0.719
130	65	22.123	10.431	5	62	32.627	2653	1429	10	11	12.373	6.689	127.362	0.767	1.850	0.541	0.812
131	196	58.005	18.841	13	110	61.598	3125	1451	16	21	22.392	11.145	120.458	0.649	2.009	0.498	0.825
132	4151	30.265	14.856	0	84	340.919	1419	1458	95	73	91.629	57.680	150.439	0.449	1.589	0.629	0.844
133	659	35.316	16.831	1	84	104.811	3177	1471	28	34	33.853	24.785	115.175	0.754	1.366	0.732	0.897
134	70	23.914	10.188	1	48	36.627	1401	1479	9	14	13.222	6.741	113.792	0.656	1.962	0.510	0.778
135	47	19.809	8.535	5	39	33.213	378	1481	9	10	9.441	6.339	123.244	0.535	1.489	0.671	0.707
136	110	16.609	8.798	2	45	56.770	2965	1498	16	15	12.725	11.006	129.010	0.429	1.156	0.865	0.665
137	27	16.000	6.867	1	29	24.971	1150	1509	6	9	8.306	4.139	116.455	0.544	2.007	0.498	0.684
138	57	18.246	8.686	2	41	37.456	1015	1529	10	12	13.547	5.357	122.606	0.511	2.529	0.395	0.708
139	111	25.126	9.366	6	47	42.284	1987	1547	11	16	14.149	9.988	98.045	0.780	1.417	0.706	0.838
140	120	21.217	9.885	1	48	52.042	1613	1548	10	20	17.752	8.607	71.513	0.557	2.062	0.485	0.805
141	299	48.013	17.088	10	105	70.527	1	1564	16	26	25.367	15.008	112.070	0.755	1.690	0.592	0.914
142	28	18.607	6.806	4	34	21.556	3757	1580	6	8	7.769	4.589	125.970	0.757	1.693	0.591	0.767
143	47	25.553	11.161	8	53	29.213	2824	1586	7	11	10.531	5.683	102.682	0.692	1.853	0.540	0.783
144	475	57.556	22.662	3	117	89.740	3469	1593	24	30	31.507	19.195	121.911	0.741	1.641	0.609	0.900
145	267	17.734	8.644	1	45	74.912	3262	1597	19	21	18.862	18.024	128.979	0.598	1.046	0.956	0.822
146	39	15.641	8.487	1	43	34.627	2043	1624	9	13	12.433	3.994	116.407	0.409	3.113	0.321	0.639
147	211	23.355	9.219	3	52	62.527	502	1639	17	21	19.250	13.956	115.434	0.678	1.379	0.725	0.826
148	58	20.828	8.000	3	41	36.627	1565	1645	8	12	11.723	6.299	110.315	0.543	1.861	0.537	0.748
149	1554	27.931	11.918	1	69	190.894	3639	1652	43	58	58.955	33.562	117.367	0.536	1.757	0.569	0.871
150	81	16.642	9.487	1	41	59.941	3211	1660	11	20	16.256	6.344	75.208	0.283	2.562	0.390	0.572
151	4504	33.227	17.267	0	92	371.304	2438	1661	89	79	81.755	70.145	22.688	0.411	1.166	0.858	0.812
152	25	20.640	9.686	5	41	26.385	571	1662	8	8	8.147	3.907	138.268	0.451	2.085	0.480	0.617
153	27	13.926	6.306	4	32	29.799	309	1677	7	10	9.497	3.620	126.610	0.382	2.623	0.381	0.593
154	26	18.115	7.763	6	37	20.971	96	1699	7	6	7.329	4.517	153.687	0.743	1.623	0.616	0.754
155	53	14.717	7.819	0	35	42.042	120	1703	8	17	12.647	5.336	94.018	0.377	2.370	0.422	0.599
156	723	33.351	15.096	0	80	130.711	2789	1703	29	42	38.028	24.207	110.563	0.532	1.571	0.637	0.817
157	56	13.714	7.003	1	31	51.355	1892	1704	9	15	13.083	5.450	108.671	0.267	2.401	0.417	0.574
158	708	27.155	12.963	1	64	117.882	1179	1713	34	32	32.102	28.081	10.057	0.640	1.143	0.875	0.868
159	1253	33.367	14.854	0	78	169.581	2896	1727	43	52	51.780	30.810	126.665	0.548	1.681	0.595	0.869
160	498	18.108	8.854	0	47	116.225	649	1731	24	34	35.527	17.848	70.409	0.463	1.991	0.502	0.782
161	91	13.275	6.215	2	30	72.669	1832	1773	13	15	11.017	10.517	128.933	0.217	1.048	0.955	0.574
162	1862	33.398	16.229	1	89	215.865	3359	1798	40	76	71.418	33.196	99.662	0.502	2.151	0.465	0.824
163	45	21.711	9.358	5	42	30.971	2949	1828	8	9	9.280	6.174	110.043	0.590	1.503	0.665	0.776
164	397	17.824	8.396	1	44	120.468	871	1829	30	23	24.899	20.301	163.604	0.344	1.227	0.815	0.739
165	111	20.793	9.210	2	44	46.527	2067	1847	15	12	14.536	9.723	163.817	0.644	1.495	0.669	0.787
166	44	16.341	8.800	4	38	39.456	1589	1850	10	11	8.465	6.618	122.180	0.355	1.279	0.782	0.571
167	547	20.786	9.423	1	52	132.610	2335	1856	32	35	29.633	23.503	125.229	0.391	1.261	0.793	0.740
168	39	20.256	9.829	2	38	24.971	2615	1858	7	9	9.343	5.315	117.549	0.786	1.758	0.569	0.812
169	478	41.678	17.181	3	84	97.882	2194	1874	26	32	29.933	20.333	108.821	0.627	1.472	0.679	0.827
170	8680	35.708	23.782	0	141	549.855	3124	1876	101	156	142.746	77.423	80.368	0.361	1.844	0.542	0.806
171	62	31.677	12.735	5	67	30.627	3811	1884	9	11	11.378	6.938	121.616	0.831	1.640	0.610	0.844
172	191	36.377	14.237	5	72	58.184	2234	1902	16	20	19.186	12.675	110.762	0.709	1.514	0.661	0.823
173	109	28.972	11.843	2	52	48.527	3070	1911	14	16	15.637	8.875	122.542	0.582	1.762	0.568	0.739
174	50	16.640	6.764	5	30	33.213	2383	1923	8	11	9.464	6.726	107.236	0.570	1.407	0.711	0.714
175	71	35.972	13.618	3	60	32.385	597	1931	10	10	11.919	7.585	131.319	0.851	1.571	0.636	0.871
176	16	22.938	9.066	8	42	15.314	2923	1935	4	6	5.977	3.408	78.245	0.857	1.754	0.570	0.800
177	35	14.029	7.102	4	32	26.385	2963	1942	8	9	7.652	5.824	106.273	0.632	1.314	0.761	0.686
178	18	9.000	4.472	2	17	20.971	125	1965	8	5	6.973	3.287	4.814	0.514	2.121	0.471	0.610
179	47	12.298	6.203	2	25	56.527	124	1970	14	13	10.157	5.892	32.557	0.185	1.724	0.580	0.398
180	146	17.404	8.197	2	39	48.870	3413	1978	16	14	16.236	11.450	152.425	0.768	1.418	0.705	0.851
181	16	22.188	9.607	8	41	24.142	756	2009	5	7	5.487	3.712	87.736	0.345	1.478	0.677	0.542
182	637	20.950	9.882	1	60	105.740	1170	2017	28	34	32.081	25.282	83.803	0.716	1.269	0.788	0.884
183	503	35.859	14.657	2	73	104.225	2190	2032	28	31	33.703	19.002	129.327	0.582	1.774	0.564	0.833
184	97	26.165	11.191	4	51	43.456	1108	2045	13	14	13.388	9.225	117.356	0.645	1.451	0.689	0.767
185	272	19.654	8.876	0	47	74.426	2739	2056	19	21	19.549	17.716	77.336	0.617	1.103	0.906	0.828
186	52	17.115	7.898	2	40	32.627	2103	2077	12	8	9.633	6.873	176.556	0.614	1.401	0.714	0.732
187	19	17.684	6.395	8	30	21.556	1355	2087	5	7	6.111	3.959	102.495	0.514	1.544	0.648	0.633
188	45	23.800	9.942	6	43	26.971	2497	2103	7	10	9.026	6.348	99.560	0.777	1.422	0.703	0.833
189	138	23.877	10.863	3	51	55.113	638	2137	13	21	19.370	9.071	114.859	0.571	2.135	0.468	0.793
190	35	15.857	8.311	1	32	27.799	259	2156	9	9	10.547	4.225	126.482	0.569	2.496	0.401	0.680
191	27	20.333	10.111	4	37	22.971	3067	2189	7	8	8.661	3.969	131.795	0.643	2.182	0.458	0.730
192	30	20.433	7.929	7	37	21.314	1205	2198	5	8	8.409	4.542	112.381	0.830	1.851	0.540	0.896
193	107	24.037	12.483	3	54	49.941	3487	2198	15	17	21.526	6.329	132.133	0.539	3.401	0.294	0.770
194	134	16.358	8.503	1	45	63.012	2457	2201	14	17	14.474	11.788	84.790	0.424	1.228	0.814	0.693
195	50	24.540	9.615	5	52	26.385	3583	2203	8	9	8.902	7.152	123.464	0.903	1.245	0.803	0.855
196	47	12.936	6.719	2	25	31.213	3630	2211	10	9	7.790	7.682	53.138	0.606	1.014	0.986	0.707
197	36	25.778	11.256	4	47	26.971	2579	2233	8	9	10.509	4.361	118.067	0.622	2.410	0.415	0.766
198	225	17.987	8.009	1	49	63.941	2323	2234	18	18	18.447	15.530	44.679	0.692	1.188	0.842	0.847
199	21	18.476	9.600	0	36	30.042	123	2245	7	10	8.946	2.989	117.311	0.292	2.993	0.334	0.494
200	20	15.300	8.945	0	31	22.142	242	2249	5	8	7.025	3.625	91.566	0.513	1.938	0.516	0.645
201	54	23.037	8.815	0	44	31.213	385	2253	8	11	10.806	6.363	109.739	0.697	1.698	0.589	0.783
202	21	24.714	11.841	5	48	18.728	69	2260	6	6	7.684	3.480	130.675	0.752	2.208	0.453	0.778
203	4552	26.291	12.881	0	71	339.161	2569	2291	70	102	101.267	57.233	108.107	0.497	1.769	0.565	0.895
204	132	15.833	7.323	2	38	73.255	2791	2299	13	25	18.430	9.119	88.020	0.309	2.021	0.495	0.599
205	65	20.108	10.338	1	45	36.971	3324	2404	8	14	14.158	5.845	111.571	0.598	2.422	0.413	0.778
206	31	12.452	5.446	3	25	34.627	3223	2417	8	11	8.312	4.749	96.534	0.325	1.750	0.571	0.530
207	114	18.167	8.438	4	49	47.355	1623	2420	14	15	14.174	10.241	133.082	0.639	1.384	0.722	0.792
208	49	13.388	5.744	4	31	49.113	3235	2420	9	13	10.392	6.004	96.631	0.255	1.731	0.578	0.524
209	79	30.924	13.606	6	69	38.627	390	2427	9	15	15.691	6.410	118.687	0.665	2.448	0.409	0.845
210	20	10.600	4.524	2	18	21.556	2787	2427	5	8	7.095	3.589	77.164	0.541	1.977	0.506	0.667
211	512	23.072	11.329	1	60	93.983	3647	2434	26	30	28.801	22.635	101.993	0.728	1.272	0.786	0.871
212	49	26.163	9.177	7	45	29.213	2696	2454	8	11	10.443	5.974	120.647	0.722	1.748	0.572	0.803
213	152	23.855	9.631	0	44	56.770	1957	2460	17	15	15.850	12.210	157.456	0.593	1.298	0.770	0.777
214	89	18.910	9.496	1	49	49.698	2521	2460	13	12	11.725	9.665	17.436	0.453	1.213	0.824	0.730
215	744	16.501	8.360	0	47	133.924	377	2476	34	37	35.200	26.912	126.917	0.521	1.308	0.765	0.837
216	21	15.714	9.106	1	33	24.142	3972	2485	7	7	7.435	3.596	66.167	0.453	2.067	0.484	0.592
217	85	27.329	12.821	4	76	41.941	285	2503	13	15	17.251	6.273	130.732	0.607	2.750	0.364	0.762
218	33	12.758	7.450	1	34	35.799	3588	2526	9	10	7.195	5.840	20.846	0.324	1.232	0.812	0.516
219	28	12.393	8.711	0	32	21.556	1683	2552	7	7	7.422	4.803	125.074	0.757	1.545	0.647	0.778
220	31	14.161	7.651	4	29	24.142	156	2557	6	9	9.096	4.339	115.436	0.668	2.096	0.477	0.765
221	20	18.350	8.468	2	36	20.971	2284	2570	7	7	8.176	3.115	136.004	0.572	2.625	0.381	0.690
222	23	13.435	6.111	5	26	19.899	518	2581	7	5	6.285	4.659	151.779	0.730	1.349	0.741	0.821
223	587	18.303	9.038	1	47	174.167	2199	2595	44	47	51.585	14.489	51.657	0.243	3.560	0.281	0.572
224	17	20.706	10.355	10	47	14.728	3919	2598	5	5	5.101	4.243	149.738	0.985	1.202	0.832	0.810
225	401	29.534	15.781	3	79	85.154	3935	2646	24	30	32.423	15.747	125.604	0.695	2.059	0.486	0.873
226	19	9.211	5.149	0	21	22.728	1594	2649	9	4	8.463	2.859	5.213	0.462	2.961	0.338	0.691
227	27	17.333	10.077	2	36	23.799	1462	2656	7	8	6.722	5.114	104.992	0.599	1.314	0.761	0.659
228	75	31.173	10.153	2	52	37.456	673	2701	10	12	11.631	8.210	88.688	0.672	1.417	0.706	0.773
229	100	37.890	14.700	7	69	49.355	3449	2726	14	17	18.384	6.926	130.505	0.516	2.654	0.377	0.755
230	64	42.312	15.565	9	69	33.456	1139	2727	10	12	11.583	7.035	117.655	0.719	1.646	0.607	0.776
231	210	15.671	8.299	1	41	58.770	1057	2728	16	19	18.766	14.248	112.021	0.764	1.317	0.759	0.866
232	52	24.981	11.236	5	52	28.971	439	2756	8	10	10.585	6.255	127.322	0.779	1.692	0.591	0.832
233	1010	39.076	20.163	1	104	140.510	3911	2770	41	44	50.527	25.451	135.776	0.643	1.985	0.504	0.890
234	131	41.489	14.040	8	73	49.941	2348	2774	16	15	16.157	10.323	128.450	0.660	1.565	0.639	0.787
235	362	35.362	17.562	5	84	94.569	375	2777	21	32	32.438	14.209	115.171	0.509	2.283	0.438	0.829
236	976	21.242	10.618	1	55	172.409	2390	2781	41	48	49.677	25.015	50.241	0.413	1.986	0.504	0.782
237	62	32.339	12.152	2	56	34.627	799	2790	10	11	11.667	6.766	131.348	0.650	1.724	0.580	0.752
238	16	13.938	6.371	4	27	16.142	1448	2800	5	6	5.557	3.666	130.350	0.772	1.516	0.660	0.696
239	1479	40.525	19.639	0	101	190.794	2310	2819	40	61	54.168	34.764	105.129	0.511	1.558	0.642	0.838
240	419	22.315	10.319	2	57	92.569	255	2849	25	29	26.948	19.797	122.074	0.614	1.361	0.735	0.852
241	27	13.741	6.346	4	34	22.971	877	2862	7	8	8.098	4.245	127.697	0.643	1.907	0.524	0.720
242	164	39.293	13.203	6	67	49.799	1	2878	13	16	17.310	12.063	119.409	0.831	1.435	0.697	0.911
243	85	17.047	9.330	0	42	56.426	106	2899	15	21	23.604	4.585	127.036	0.335	5.148	0.194	0.654
244	2429	27.286	13.903	0	75	237.522	2907	2901	74	54	69.158	44.719	173.933	0.541	1.547	0.647	0.872
245	303	13.300	8.391	0	46	113.296	1073	2905	22	26	20.983	18.386	119.637	0.297	1.141	0.876	0.704
246	32	17.906	7.476	5	40	35.799	2266	2931	8	9	7.026	5.799	143.656	0.314	1.212	0.825	0.566
247	223	38.063	17.976	5	84	60.527	1727	2944	16	20	19.583	14.499	104.728	0.765	1.351	0.740	0.876
248	160	33.763	11.391	8	65	55.355	1631	2946	12	20	19.089	10.672	102.541	0.656	1.789	0.559	0.825
249	44	26.023	10.270	4	46	26.728	3600	2948	9	7	9.567	5.856	141.384	0.774	1.634	0.612	0.822
250	22	14.955	7.267	2	29	22.142	2699	2974	8	6	6.334	4.422	153.607	0.564	1.432	0.698	0.688
251	31	20.613	10.667	4	48	26.385	1249	2975	8	9	8.987	4.392	131.827	0.560	2.046	0.489	0.689
252	59	13.763	8.545	2	38	54.284	1134	2985	13	14	12.574	5.974	48.409	0.252	2.105	0.475	0.513
253	217	26.940	10.999	1	63	82.770	3695	2985	28	14	23.835	11.592	165.073	0.398	2.056	0.486	0.742
